-1
8
4
2
-5
-9
-6
-3
5
2
2
-7
-7
-2
4
6
4
-4
-7
-5
1
3
2
0
-5
-4
0
13
10
6
-8
-7
-2
3
14
10
5
-6
-5
7
10
10
-3
-7
-2
1
13
10
1
-10
-15
2
6
9
3
-3
-9
-10
5
8
8
-2
-4
-7
0
4
3
3
-13
-9
-5
6
8
4
-2
-14
-9
-1
9
5
2
-6
-12
-4
3
11
4
-4
-10
-6
6
5
7
-1
-9
-11
-1
7
9
6
-8
-8
-8
4
6
2
0
-10
-9
0
9
7
-4
-6
-6
-1
8
12
9
0
-5
-8
-4
7
10
8
-3
-4
-4
2
10
3
-1
-7
-6
3
11
13
5
-6
-12
-6
11
14
6
-3
-8
-6
-2
9
7
-1
-7
-5
1
6
2
-4
-10
-10
-1
-2
3
-2
-5
-11
-10
4
7
5
-1
-3
-2
-6
1
4
2
-1
-4
-3
0
3
3
-2
-2
-4
-4
5
6
2
-5
-7
-1
4
6
3
-2
-5
-8
-1
5
5
3
-4
-1
-3
1
4
3
1
-3
6
10
9
7
2
5
1
6
11
8
4
-1
-3
1
1
6
2
-1
-5
-6
0
0
2
-3
-6
-7
-2
1
3
-5
-6
-9
-11
-2
-2
-3
-10
-10
-8
-9
-4
-1
1
-6
-6
-5
-1
0
-4
-1
-1
2
-1
3
8
2
1
-3
2
2
2
6
5
6
3
2
1
9
7
5
7
4
5
5
6
8
2
4
4
4
8
5
4
-2
-4
-3
0
2
0
1
-4
-4
-7
-3
-4
-8
-5
-6
-3
-5
-5
-5
-10
-9
-5
1
0
-3
-2
-4
-3
-3
-4
-6
-9
-11
-4
-5
-4
-6
-11
-5
-7
-1
-1
-4
-3
-2
6
4
5
2
4
10
13
20
17
13
12
16
24
30
30
30
27
26
28
28
28
22
17
13
11
7
-1
-6
-13
-18
-23
-26
-26
-31
-35
-40
-40
-38
-34
-33
-36
-35
-32
-22
-21
-20
-20
-19
-17
-12
-8
-8
-10
-7
0
4
6
2
-3
-1
-3
5
6
1
-8
-18
-11
-5
11
33
73
114
129
154
170
209
270
288
319
324
333
382
371
339
296
251
234
190
120
52
-14
-93
-181
-245
-308
-359
-411
-485
-516
-529
-537
-525
-556
-560
-510
-464
-398
-353
-313
-242
-180
-117
-51
8
65
111
152
178
202
212
200
181
148
112
73
18
-42
-109
-177
-258
-327
-378
-420
-451
-492
-514
-508
-497
-458
-411
-353
-251
-134
6
165
333
507
678
842
993
1125
1248
1354
1432
1485
1511
1502
1457
1375
1261
1120
957
780
593
396
189
-23
-231
-433
-620
-788
-929
-1052
-1142
-1205
-1243
-1257
-1253
-1218
-1157
-1070
-961
-838
-704
-568
-429
-291
-152
-21
101
207
300
371
418
443
441
417
374
318
247
162
65
-37
-151
-264
-377
-488
-593
-691
-764
-818
-845
-853
-844
-822
-780
-714
-618
-487
-329
-130
86
312
540
762
979
1173
1361
1532
1683
1806
1899
1950
1950
1898
1795
1655
1481
1287
1072
843
599
332
55
-227
-500
-758
-986
-1172
-1327
-1447
-1536
-1596
-1632
-1639
-1607
-1533
-1424
-1279
-1110
-926
-742
-558
-380
-205
-28
152
327
485
615
704
750
761
740
694
633
556
457
342
209
54
-130
-335
-539
-726
-882
-998
-1075
-1118
-1139
-1147
-1139
-1112
-1045
-937
-754
-495
-178
159
481
772
1020
1248
1463
1681
1903
2107
2270
2367
2377
2300
2140
1926
1692
1448
1208
958
688
376
23
-345
-700
-1015
-1275
-1466
-1606
-1712
-1796
-1864
-1905
-1915
-1872
-1775
-1620
-1421
-1195
-959
-731
-521
-323
-128
76
294
513
718
887
1005
1066
1069
1035
964
872
771
663
545
397
210
-22
-290
-571
-838
-1060
-1226
-1332
-1381
-1398
-1402
-1419
-1433
-1412
-1327
-1141
-835
-441
-14
389
743
1031
1272
1494
1732
2004
2283
2538
2719
2786
2718
2536
2288
2023
1762
1522
1283
1003
662
263
-167
-598
-988
-1314
-1568
-1761
-1914
-2036
-2136
-2211
-2248
-2223
-2133
-1986
-1782
-1540
-1277
-1010
-746
-485
-233
15
258
494
716
914
1082
1208
1277
1286
1232
1128
984
826
675
525
363
164
-86
-395
-739
-1069
-1342
-1521
-1599
-1592
-1550
-1527
-1541
-1574
-1558
-1429
-1144
-714
-194
324
771
1125
1394
1614
1844
2137
2471
2799
3053
3168
3117
2905
2603
2274
1963
1683
1418
1121
754
297
-221
-737
-1203
-1575
-1844
-2027
-2172
-2303
-2425
-2526
-2571
-2538
-2407
-2191
-1920
-1619
-1314
-1024
-749
-472
-183
122
438
742
1005
1210
1351
1436
1480
1486
1457
1384
1261
1085
878
654
423
188
-78
-384
-731
-1087
-1414
-1663
-1789
-1808
-1766
-1736
-1760
-1817
-1832
-1720
-1409
-916
-322
244
708
1058
1315
1549
1821
2173
2566
2935
3207
3309
3221
2955
2605
2260
1967
1726
1487
1180
751
208
-372
-911
-1351
-1678
-1914
-2098
-2273
-2435
-2572
-2662
-2681
-2615
-2453
-2211
-1912
-1590
-1276
-980
-691
-379
-27
352
718
1034
1278
1452
1586
1700
1792
1844
1819
1714
1538
1314
1067
810
541
261
-42
-387
-781
-1201
-1596
-1893
-2046
-2060
-2015
-2010
-2082
-2178
-2179
-1975
-1535
-944
-333
197
620
960
1265
1587
1953
2359
2756
3099
3330
3380
3231
2923
2561
2232
1970
1747
1481
1097
568
-43
-637
-1143
-1532
-1823
-2052
-2254
-2440
-2591
-2703
-2766
-2767
-2674
-2468
-2163
-1794
-1427
-1098
-819
-537
-200
196
610
971
1251
1445
1599
1746
1879
1956
1928
1803
1619
1419
1220
1013
769
474
146
-201
-570
-973
-1392
-1759
-1980
-2017
-1927
-1852
-1918
-2105
-2275
-2225
-1843
-1208
-509
65
468
760
1042
1378
1767
2193
2602
2983
3301
3484
3452
3181
2769
2360
2068
1890
1719
1402
863
162
-537
-1100
-1492
-1778
-2050
-2344
-2634
-2841
-2934
-2944
-2929
-2901
-2814
-2603
-2229
-1766
-1322
-977
-713
-427
-40
440
912
1269
1487
1632
1793
1993
2160
2186
2037
1781
1539
1388
1303
1173
909
516
75
-320
-664
-1001
-1360
-1689
-1880
-1891
-1795
-1768
-1933
-2233
-2443
-2329
-1812
-1054
-327
170
452
667
955
1358
1828
2300
2726
3106
3414
3565
3465
3118
2665
2278
2053
1939
1776
1397
761
-8
-708
-1210
-1523
-1756
-2015
-2333
-2657
-2899
-3012
-3026
-3002
-2959
-2847
-2616
-2259
-1846
-1465
-1153
-877
-535
-89
423
881
1207
1411
1577
1787
2027
2205
2218
2049
1788
1562
1429
1340
1189
906
506
80
-306
-653
-1001
-1367
-1690
-1871
-1882
-1812
-1820
-2008
-2289
-2454
-2297
-1775
-1051
-363
116
417
682
1027
1477
1974
2465
2904
3282
3574
3699
3591
3258
2836
2488
2278
2137
1905
1440
742
-48
-728
-1190
-1481
-1731
-2038
-2413
-2776
-3023
-3122
-3116
-3078
-3027
-2917
-2691
-2344
-1938
-1550
-1217
-905
-541
-92
403
855
1196
1433
1628
1832
2039
2175
2168
2005
1766
1551
1414
1310
1140
835
408
-43
-440
-757
-1041
-1351
-1674
-1932
-2035
-1997
-1933
-1978
-2158
-2339
-2321
-1944
-1253
-452
215
629
868
1086
1423
1902
2466
3014
3448
3726
3823
3726
3440
3040
2652
2350
2129
1887
1496
885
101
-687
-1313
-1711
-1953
-2172
-2475
-2855
-3210
-3411
-3403
-3238
-3025
-2840
-2679
-2464
-2136
-1683
-1170
-686
-267
100
461
840
1216
1553
1822
2024
2166
2244
2231
2108
1897
1658
1446
1280
1104
854
491
52
-377
-731
-1004
-1253
-1528
-1820
-2053
-2146
-2095
-1998
-1979
-2081
-2204
-2176
-1841
-1199
-414
278
740
1004
1203
1486
1929
2506
3095
3555
3816
3861
3704
3390
3011
2657
2379
2139
1856
1435
815
49
-715
-1326
-1727
-1972
-2177
-2435
-2759
-3070
-3262
-3281
-3160
-2977
-2782
-2571
-2310
-1975
-1573
-1143
-729
-347
20
393
766
1119
1426
1672
1858
1978
2035
2018
1926
1771
1577
1367
1146
904
624
308
-24
-355
-676
-997
-1323
-1639
-1905
-2057
-2069
-1978
-1881
-1872
-1976
-2102
-2094
-1798
-1187
-388
375
914
1198
1333
1506
1855
2416
3074
3636
3951
3967
3740
3372
2985
2670
2439
2225
1936
1499
890
159
-582
-1204
-1646
-1932
-2153
-2388
-2673
-2974
-3206
-3296
-3235
-3061
-2830
-2579
-2309
-2009
-1666
-1274
-859
-447
-54
321
674
993
1273
1508
1700
1840
1923
1932
1864
1727
1536
1321
1100
881
656
411
143
-155
-477
-814
-1146
-1442
-1668
-1792
-1823
-1789
-1759
-1778
-1855
-1930
-1902
-1685
-1239
-634
3
526
886
1127
1344
1646
2086
2632
3165
3540
3669
3563
3291
2958
2675
2472
2297
2047
1653
1103
440
-239
-829
-1276
-1608
-1874
-2132
-2403
-2677
-2910
-3043
-3052
-2955
-2782
-2557
-2304
-2033
-1742
-1426
-1087
-731
-370
-7
344
668
952
1193
1394
1557
1679
1750
1762
1702
1579
1409
1218
1024
827
619
383
116
-181
-496
-802
-1082
-1317
-1489
-1606
-1674
-1715
-1743
-1770
-1793
-1778
-1685
-1472
-1123
-666
-169
284
655
954
1229
1539
1921
2375
2819
3153
3307
3275
3104
2867
2644
2470
2303
2068
1709
1227
661
75
-448
-862
-1187
-1468
-1748
-2035
-2318
-2557
-2703
-2730
-2661
-2535
-2382
-2213
-2031
-1826
-1573
-1269
-933
-593
-260
53
336
594
832
1054
1249
1407
1521
1576
1569
1503
1397
1264
1102
919
714
482
229
-38
-300
-551
-787
-1005
-1202
-1377
-1514
-1601
-1640
-1638
-1616
-1573
-1507
-1399
-1222
-971
-654
-299
54
375
667
963
1288
1639
1982
2279
2486
2597
2630
2616
2578
2504
2380
2188
1916
1573
1190
805
444
112
-191
-490
-795
-1101
-1385
-1614
-1771
-1851
-1873
-1865
-1856
-1853
-1838
-1778
-1659
-1482
-1262
-1027
-807
-606
-416
-218
-2
232
467
678
847
962
1026
1051
1047
1020
976
904
791
636
443
221
-7
-224
-417
-588
-748
-905
-1057
-1195
-1304
-1370
-1383
-1341
-1265
-1168
-1063
-954
-831
-677
-483
-253
7
270
514
729
915
1094
1277
1471
1656
1807
1906
1938
1919
1866
1799
1721
1624
1499
1336
1132
905
668
445
245
65
-103
-267
-431
-591
-734
-848
-927
-975
-999
-1011
-1021
-1028
-1021
-990
-928
-846
-749
-648
-554
-465
-371
-269
-158
-44
58
138
194
221
228
218
193
157
103
25
-77
-199
-326
-452
-565
-662
-749
-827
-894
-942
-966
-961
-925
-865
-784
-688
-581
-466
-338
-203
-65
70
199
319
430
530
614
685
740
785
820
844
855
862
865
864
862
857
849
840
830
820
813
803
790
771
745
710
669
627
581
533
482
426
367
304
242
183
128
77
28
-16
-62
-108
-153
-194
-235
-274
-318
-360
-406
-458
-509
-560
-613
-668
-725
-784
-841
-899
-952
-997
-1033
-1064
-1087
-1102
-1107
-1101
-1078
-1038
-985
-922
-849
-766
-677
-585
-484
-373
-260
-147
-36
72
172
262
350
428
497
554
603
639
663
674
678
671
656
638
614
589
558
527
496
464
436
413
396
384
382
391
407
431
462
498
540
587
641
693
742
789
828
861
880
888
878
850
806
748
673
587
486
372
245
112
-23
-161
-301
-439
-569
-695
-811
-913
-1008
-1093
-1170
-1235
-1283
-1317
-1334
-1336
-1326
-1302
-1271
-1226
-1167
-1095
-1012
-921
-820
-714
-605
-495
-388
-281
-178
-80
13
97
170
229
278
318
347
371
386
398
401
397
390
381
369
357
343
333
326
324
331
341
355
373
393
420
455
495
538
581
624
666
703
735
760
777
786
784
774
754
725
682
628
566
495
418
332
247
159
68
-22
-107
-189
-268
-342
-411
-472
-525
-570
-605
-636
-658
-676
-682
-684
-678
-665
-648
-623
-594
-561
-525
-491
-458
-426
-389
-349
-312
-278
-248
-225
-207
-192
-177
-167
-156
-150
-146
-144
-145
-145
-146
-149
-150
-146
-136
-120
-99
-75
-47
-14
23
70
124
182
245
311
381
449
514
576
634
684
727
766
792
804
804
788
757
714
659
595
522
436
344
247
146
46
-54
-151
-243
-327
-404
-469
-524
-568
-602
-624
-633
-626
-609
-579
-540
-494
-438
-378
-313
-244
-174
-101
-26
42
105
163
212
251
280
300
313
316
309
290
264
228
186
137
83
26
-32
-95
-150
-200
-244
-283
-313
-333
-347
-349
-340
-322
-290
-248
-197
-138
-76
-13
54
122
186
250
310
368
417
454
480
491
492
485
468
440
405
356
298
235
166
93
18
-56
-126
-195
-260
-318
-372
-419
-458
-487
-505
-514
-512
-499
-478
-450
-416
-377
-330
-278
-222
-161
-100
-38
19
73
120
157
193
224
251
270
275
277
271
255
236
212
185
157
125
95
61
31
4
-21
-41
-57
-68
-70
-68
-61
-47
-29
-3
29
63
99
132
162
196
231
262
292
311
327
338
338
333
319
302
281
251
220
178
133
88
38
-9
-58
-102
-146
-190
-232
-270
-301
-328
-352
-366
-378
-380
-377
-376
-368
-357
-340
-314
-291
-263
-233
-204
-171
-141
-116
-92
-68
-43
-23
-6
8
17
23
26
28
26
24
21
18
14
10
6
6
3
5
10
17
27
37
51
65
83
103
124
141
158
178
195
212
225
235
246
252
259
263
257
251
247
236
227
210
194
180
162
140
116
91
71
53
32
13
-9
-31
-53
-71
-87
-100
-113
-126
-134
-145
-151
-156
-161
-163
-162
-157
-147
-138
-132
-125
-119
-109
-99
-94
-87
-83
-79
-74
-75
-79
-84
-89
-93
-102
-107
-115
-122
-126
-133
-134
-134
-131
-125
-116
-110
-98
-84
-65
-45
-24
-3
17
40
62
85
108
127
144
159
170
185
193
200
202
200
197
196
191
187
178
166
156
145
136
124
111
100
89
77
66
55
42
31
19
8
-4
-15
-28
-38
-50
-60
-64
-72
-77
-83
-88
-89
-93
-95
-95
-94
-91
-86
-85
-81
-79
-76
-73
-69
-67
-66
-61
-59
-55
-54
-54
-51
-48
-44
-41
-37
-35
-34
-29
-23
-17
-12
-8
-5
0
5
9
13
17
20
22
24
24
23
23
21
19
17
15
14
12
10
10
12
12
14
17
23
29
35
40
50
58
67
77
83
90
96
103
108
109
107
106
101
95
87
78
64
52
37
21
6
-9
-26
-42
-60
-78
-93
-105
-116
-126
-134
-142
-147
-147
-144
-141
-134
-124
-114
-102
-86
-69
-52
-34
-15
2
18
35
49
59
70
77
82
86
85
83
77
67
58
48
39
28
14
3
-10
-21
-30
-38
-43
-46
-48
-47
-45
-41
-37
-30
-22
-10
2
15
25
35
46
56
67
75
83
88
89
91
91
92
88
84
75
66
58
47
37
23
9
-4
-17
-30
-44
-56
-66
-77
-85
-91
-96
-98
-100
-99
-99
-95
-89
-83
-76
-67
-57
-45
-36
-25
-15
-4
4
13
21
30
36
39
43
43
44
44
43
41
39
34
28
23
18
12
9
6
2
0
-1
-1
0
-1
1
3
5
7
10
13
15
17
20
24
28
29
29
30
31
31
31
26
23
19
14
11
5
-1
-5
-8
-11
-16
-20
-25
-30
-35
-40
-40
-40
-42
-42
-40
-41
-40
-40
-38
-34
-31
-26
-21
-18
-16
-12
-5
0
3
9
15
18
19
23
25
28
29
27
27
28
26
26
22
17
15
12
11
9
6
4
2
2
2
1
-1
1
3
6
6
7
9
12
14
15
17
16
16
15
15
14
13
12
8
5
0
-5
-10
-14
-16
-19
-22
-24
-27
-30
-35
-37
-38
-39
-35
-35
-33
-30
-30
-30
-27
-23
-18
-12
-8
-5
-1
2
5
10
10
11
15
16
19
21
19
19
19
17
17
18
16
15
14
14
16
13
12
12
9
7
8
7
7
7
6
8
8
9
9
11
11
11
14
17
17
18
17
16
16
15
15
15
12
8
4
0
-5
-9
-14
-19
-21
-24
-28
-33
-37
-41
-42
-43
-40
-40
-37
-36
-33
-30
-28
-24
-20
-16
-14
-11
-6
-3
-1
1
4
4
5
8
11
14
12
13
12
12
11
12
10
8
9
7
9
8
9
11
11
13
15
16
19
21
24
25
27
30
31
31
33
37
36
35
37
37
35
32
28
25
18
14
11
5
-1
-5
-11
-18
-23
-27
-31
-34
-37
-42
-43
-45
-46
-45
-45
-43
-41
-38
-36
-35
-32
-28
-24
-21
-18
-15
-11
-10
-9
-10
-10
-10
-10
-10
-11
-12
-16
-17
-22
-22
-25
-27
-26
-27
-24
-22
-20
-16
-13
-8
-4
3
9
17
26
33
40
51
58
66
71
78
83
86
89
92
93
95
95
91
88
81
75
68
59
51
41
32
22
10
0
-11
-19
-27
-35
