-1
2
2
1
2
2
2
3
2
0
0
1
1
1
0
0
0
-1
1
0
-1
-1
-2
0
1
1
1
2
1
3
2
0
-1
-1
-1
-1
0
-1
-2
-3
-2
-3
-5
-4
-7
-5
-7
-6
-4
-4
-2
-2
0
-1
-2
0
1
3
5
5
8
6
5
5
5
4
5
3
2
1
1
0
0
1
0
0
0
1
1
2
1
0
2
3
2
1
3
2
1
1
1
0
0
-3
-2
-2
-3
-3
-3
-5
-6
-4
-3
-2
-3
-1
0
0
1
2
3
2
2
0
0
-1
-1
-2
-2
0
-2
-2
0
-1
-1
-1
-3
-2
-1
-1
0
0
0
0
-1
1
3
3
3
4
4
4
3
2
2
2
1
1
1
0
0
2
-1
0
0
-1
0
1
1
1
0
0
-1
0
-1
-1
1
-1
-2
-1
4
7
7
5
-1
-2
-2
-3
-3
-6
-5
-5
-5
-2
-2
-4
-2
0
1
1
1
1
3
2
2
2
0
-1
0
-2
-3
-9
-11
-11
-7
4
6
14
10
10
10
3
2
-3
-5
-7
-10
-4
-3
-1
2
3
6
5
5
5
2
3
-1
-3
-3
-3
0
0
2
3
2
3
4
3
1
0
-2
-3
-2
-1
1
2
1
0
-1
-1
0
-2
-1
-1
-1
-2
-2
-2
-3
-1
-3
-4
-5
-6
-3
-2
0
2
2
3
4
5
5
4
2
2
0
1
1
0
1
1
1
0
0
1
1
1
0
-1
-2
-2
-2
-2
-2
-2
0
0
1
1
0
0
1
0
0
0
0
1
0
2
-5
-12
-8
-4
8
8
12
13
-1
1
-5
-4
-9
-15
-5
-7
-2
3
7
11
6
10
6
4
2
-2
0
0
1
0
0
-1
-2
-1
-1
0
0
1
2
-1
-3
-3
-3
-2
-2
-2
-1
-1
-1
-1
-1
-1
-1
-1
-1
-3
0
1
2
2
2
0
-1
-2
-3
0
-1
1
3
1
2
2
1
2
1
1
1
-1
0
1
1
1
0
1
0
-1
0
-2
-1
-1
-1
0
-1
0
0
-1
1
0
1
1
1
2
2
0
1
2
1
1
0
0
0
1
0
2
0
-1
-3
-2
-1
-3
-2
-2
-3
-2
1
-1
1
0
1
2
0
0
-1
-3
-3
-1
-1
0
1
2
3
3
2
1
2
-2
-2
-2
-1
-3
-3
-2
-1
-1
0
0
1
0
0
0
1
-1
0
1
2
3
3
4
4
4
3
2
1
1
0
0
1
1
1
0
1
0
0
0
0
-2
-4
-2
-3
-3
-3
-2
-1
0
1
1
2
2
1
1
-2
0
-1
-1
-1
-1
-1
-1
-4
-4
-4
-4
-3
-3
-3
-3
-2
-1
-2
0
2
2
2
2
2
1
2
2
2
2
0
1
1
1
0
1
1
0
1
-1
-1
0
0
0
-1
-1
1
0
0
1
0
0
1
0
2
1
2
3
1
1
1
0
0
-1
0
0
0
1
-3
-1
1
0
1
0
1
0
0
2
1
-1
-2
-2
-2
-2
-1
-2
-1
-2
-1
-1
-1
0
-1
-2
-2
-1
-1
1
0
0
1
1
2
0
0
-2
-1
1
0
-1
-1
-1
1
1
2
2
1
0
0
0
-1
0
2
2
3
3
3
1
1
2
1
0
0
-1
0
0
-2
-1
-1
-1
-2
-2
-2
-2
-3
-3
-2
-2
-1
-1
0
2
0
2
2
1
2
1
1
-1
0
-1
-2
-3
-1
0
0
-1
0
-1
-1
-2
-3
-2
-1
-1
1
0
0
1
0
2
1
2
1
1
1
0
1
0
-1
0
1
1
2
3
3
2
2
3
4
3
2
2
2
2
2
1
1
-1
-2
-2
-3
-2
-2
-2
-2
-2
-2
-1
-2
-2
0
-2
-3
-2
-2
-1
-1
0
1
1
2
1
2
1
1
0
0
2
1
1
-1
1
0
0
0
1
2
1
0
1
0
0
-2
-3
-5
-4
-4
-3
-3
-2
0
0
2
1
3
1
2
1
0
-1
-1
0
0
1
1
3
3
1
2
2
2
2
1
0
-1
0
0
0
2
0
0
0
0
0
0
1
0
1
1
0
0
-1
-1
0
-2
-2
-2
-2
-1
-2
-2
-3
-1
-2
-2
-1
-1
-1
0
0
1
2
4
3
3
2
2
3
1
1
0
1
-1
-1
0
-1
-1
-2
-2
-2
-2
-3
-2
-1
-2
-1
0
1
2
2
3
4
2
3
3
2
3
2
1
2
0
0
0
0
-1
-1
-1
-2
-2
-1
0
0
1
1
3
3
2
2
1
-1
0
0
-1
0
1
1
0
0
-1
0
-1
-3
-1
-2
-2
-2
-2
0
0
-2
0
-2
-1
-1
-1
-2
-1
-3
-2
-1
0
0
-1
0
0
1
1
0
-2
0
0
1
2
3
3
1
1
0
-1
-1
1
0
-2
-2
0
1
2
3
3
3
3
4
2
2
2
3
1
1
2
0
2
0
1
1
-1
-1
-1
-1
0
0
1
1
-1
-1
-1
0
-1
-2
-1
-2
-3
-3
-2
-3
-5
-4
-5
-5
-3
-5
-6
-4
-3
-2
0
1
1
1
-1
2
1
1
1
3
3
2
4
4
4
3
2
3
2
2
2
1
2
2
2
1
3
4
2
1
2
2
1
1
1
-1
-2
-1
-4
-2
-3
-2
-3
-1
0
0
1
1
2
2
2
1
2
1
-1
-1
-1
-2
-3
-4
-4
-3
-4
-5
-4
-3
-3
-3
-3
-3
-3
-1
-1
1
1
1
2
2
3
4
3
4
3
2
3
2
2
3
1
0
-1
-3
-5
-4
-4
-3
-2
-2
0
-1
0
1
1
2
3
3
4
5
5
5
5
3
3
3
2
1
1
-2
-3
-2
-2
-1
-2
-3
-4
-3
-1
0
0
1
1
1
2
1
1
1
1
-1
0
-1
-3
-1
-4
-5
-4
-3
-3
-2
-1
-2
-2
-1
-1
-1
0
1
2
3
2
3
3
3
4
2
2
1
-1
-2
-3
-2
-2
-4
-3
-3
-3
-2
-2
0
1
1
2
1
2
2
2
2
3
2
2
2
3
3
1
0
0
0
-1
1
0
-2
1
0
1
1
1
2
2
1
2
1
-1
-1
-2
-2
-3
-2
-2
-2
-1
-2
-2
-2
-2
-1
-2
-1
2
2
2
3
4
2
3
1
0
0
-1
-1
-3
-2
-5
-7
-8
-7
-7
-6
-4
-3
-3
-2
-1
-1
3
1
2
4
4
5
6
6
6
5
4
4
4
2
2
1
2
-1
-2
-4
-3
-4
-5
-3
-3
-2
-2
0
1
1
1
3
2
3
3
4
4
2
3
2
2
1
-1
-1
-3
-4
-5
-4
-4
-2
-4
-4
-2
-1
1
0
2
2
2
3
4
3
3
3
1
0
0
-2
-2
-2
-1
-2
-2
-4
-6
-4
-6
-5
-5
-4
-3
-3
0
0
0
3
3
4
6
5
7
7
6
6
5
4
2
1
0
-1
-1
-2
-2
0
-2
-1
-2
-3
-1
-1
-1
0
1
1
2
2
4
3
2
2
2
3
1
2
3
3
1
2
1
0
0
-1
-2
-3
-4
-4
-4
-5
-4
-4
-3
-3
-4
-3
-3
-1
-1
-1
-2
-1
-1
-1
0
-2
-1
-1
-2
-1
-2
0
1
2
2
1
0
1
1
2
3
3
1
3
1
0
-1
-2
-1
-1
-2
0
1
1
2
3
2
2
1
0
1
1
2
3
2
3
3
3
3
2
1
3
2
2
1
2
2
1
-2
-1
-1
-2
-3
-3
-2
-1
-3
-1
0
-2
-2
0
-1
-1
2
1
1
0
-1
0
0
-1
-1
-1
-2
-3
-1
0
0
-1
0
0
-1
1
1
0
1
-1
-1
-1
-2
-2
-1
-1
-1
-2
-3
-2
-1
-2
-2
-2
-2
0
0
0
0
2
2
1
1
2
3
3
3
3
5
3
5
2
3
2
1
1
2
0
1
-1
-1
0
-2
-1
-1
0
1
0
1
2
2
0
1
2
2
3
3
3
3
-1
-2
-2
-3
-4
-3
-3
-5
-5
-5
-5
-4
-2
-2
-1
-2
-1
0
0
3
4
3
3
3
3
5
2
2
1
0
0
-1
0
0
1
-1
-1
0
-1
-2
-2
1
1
1
3
2
3
4
5
5
3
3
2
0
0
-1
-2
-3
-3
-3
-5
-3
-4
-4
-4
-5
-4
-3
-3
-1
-1
0
1
1
0
2
0
0
1
1
0
-1
-1
-1
-1
1
0
0
1
-1
-1
0
0
0
1
1
1
2
3
4
5
4
3
4
4
2
3
1
-1
-1
-1
0
0
0
0
0
0
-1
-2
-3
-2
-1
-2
-3
-2
-1
-1
0
-1
-1
0
-2
-2
-3
-2
-1
-2
-2
0
0
3
2
2
3
2
2
3
4
4
4
2
2
1
2
2
0
1
-2
-2
-2
-1
-4
-4
-5
-5
-7
-6
-4
-4
-2
-2
0
2
1
-1
0
1
1
3
4
3
2
1
0
2
1
-1
-1
-1
-1
-1
1
1
0
1
0
2
1
0
1
1
2
2
2
2
2
2
2
3
0
0
0
0
0
-1
0
-1
-1
1
2
0
0
1
1
-1
-1
-2
0
1
0
1
1
0
-1
0
1
-3
-1
-3
-2
0
-1
-1
-1
-2
-2
-2
-3
-1
0
-3
-2
-2
-2
-2
-1
-1
1
1
0
0
1
1
0
0
1
0
-1
0
-1
0
-1
2
1
1
2
3
0
0
0
-2
-1
0
2
3
1
2
1
2
3
2
1
0
0
1
1
2
2
1
1
0
1
1
2
3
3
2
1
1
0
0
-1
0
-2
-4
-3
-3
-2
-2
-3
-2
-2
-2
-2
-3
-2
-1
-1
0
0
0
-1
-1
2
1
1
1
1
0
0
0
0
-2
-2
-4
-3
-2
-1
-2
-2
0
-1
-1
0
1
1
2
1
1
2
2
2
2
3
4
4
3
4
3
3
2
2
1
0
0
-1
-1
0
-1
-1
-1
-1
-1
-1
-2
-2
-2
-1
-2
-1
-2
-1
-1
-1
0
-1
-3
-1
0
-1
0
-1
1
1
2
2
2
2
2
2
4
3
1
1
2
1
1
0
1
0
1
1
0
-1
-2
-2
-2
-2
-2
-2
-3
-1
-2
-1
0
1
-1
0
0
1
-1
0
1
1
2
1
1
-1
-2
-1
-2
-3
-2
-4
-1
-2
-2
0
-2
-1
-1
0
0
1
0
-1
1
1
2
2
2
2
3
2
0
0
0
-1
1
0
1
0
0
2
2
2
2
2
1
0
1
1
1
1
-1
0
-1
-2
0
0
-2
-2
-1
-2
-1
0
0
3
2
2
1
3
3
4
4
2
1
1
0
0
0
-1
-4
-3
-4
-2
-3
-5
-4
-5
-4
-4
-4
-3
-1
-2
-2
-2
-2
0
2
1
2
3
2
1
1
0
0
-1
-2
-3
-3
-3
-4
-3
-3
-1
0
0
0
0
1
2
4
3
4
6
5
6
5
3
3
5
5
3
2
2
1
3
2
1
0
1
2
1
0
-1
0
-1
0
-1
-1
-1
-2
0
-2
1
-1
-3
-1
-1
-1
0
-2
-3
-3
-4
-5
-5
-5
-4
-4
-3
-4
-3
-5
-3
-2
-3
-2
-2
-1
0
-2
0
-1
0
-1
1
2
0
2
1
1
1
1
2
0
0
2
2
3
2
2
3
4
5
6
7
6
7
8
6
8
8
7
9
7
7
7
6
6
4
4
2
3
0
0
-1
-1
2
0
0
-2
0
-1
-2
-2
-3
-3
-6
-5
-8
-9
-9
-10
-11
-11
-10
-12
-11
-12
-11
-10
-12
-10
-11
-10
-10
-8
-11
-11
-8
-8
-8
-7
-5
-5
-4
-2
-1
0
1
1
3
5
7
8
9
12
10
12
13
14
15
15
16
17
18
19
20
22
22
23
24
24
23
23
22
21
20
18
15
14
12
9
7
6
3
1
-1
-4
-7
-10
-12
-15
-17
-20
-23
-25
-25
-26
-27
-27
-27
-30
-29
-28
-27
-27
-27
-26
-26
-26
-25
-24
-23
-21
-20
-19
-18
-17
-16
-15
-13
-13
-10
-8
-7
-4
-2
2
4
8
12
14
15
17
20
21
24
26
27
30
32
37
43
50
55
54
49
46
45
47
47
45
43
38
35
32
29
22
19
15
12
7
3
-2
-6
-9
-12
-17
-21
-25
-27
-27
-26
-27
-30
-37
-40
-40
-39
-40
-41
-41
-44
-42
-41
-43
-43
-41
-39
-36
-36
-36
-34
-33
-29
-27
-26
-25
-24
-23
-21
-18
-15
-12
-7
-4
-1
2
6
11
13
18
19
22
24
27
29
30
31
32
31
29
28
31
34
37
41
47
56
65
68
65
62
59
59
59
57
52
49
42
38
34
25
18
13
9
3
-4
-10
-13
-16
-20
-24
-31
-36
-37
-39
-40
-40
-42
-44
-44
-44
-43
-41
-37
-37
-39
-43
-46
-45
-44
-44
-44
-44
-44
-42
-44
-41
-43
-38
-33
-30
-27
-25
-23
-18
-13
-10
-6
-2
1
4
7
8
9
11
15
17
19
20
23
25
28
29
30
30
30
33
35
36
35
37
39
38
40
46
54
63
68
66
60
56
54
55
54
49
44
39
35
31
25
20
13
9
6
0
-5
-8
-13
-15
-18
-23
-28
-34
-37
-38
-40
-41
-46
-50
-50
-52
-53
-53
-50
-45
-42
-43
-48
-50
-50
-45
-42
-40
-40
-40
-38
-37
-33
-34
-33
-29
-27
-25
-22
-22
-19
-14
-9
-7
-7
-4
0
4
7
11
15
19
25
27
30
31
33
34
33
36
38
40
39
41
39
37
37
36
37
40
46
56
65
71
67
63
59
61
62
62
59
53
47
42
39
31
22
15
9
5
-2
-8
-13
-16
-21
-26
-33
-40
-46
-47
-48
-52
-55
-57
-58
-59
-59
-59
-59
-57
-54
-49
-48
-48
-52
-52
-51
-49
-48
-48
-49
-48
-43
-41
-38
-35
-33
-27
-24
-19
-17
-12
-8
-2
3
8
10
12
16
18
22
25
29
32
35
38
40
39
40
42
44
45
47
46
45
43
42
43
42
42
41
48
56
69
72
67
60
56
54
56
54
48
42
37
33
30
24
15
9
5
0
-8
-15
-22
-24
-26
-30
-38
-46
-51
-56
-56
-58
-61
-62
-63
-65
-64
-64
-64
-62
-61
-56
-52
-48
-47
-47
-47
-43
-41
-38
-34
-33
-32
-31
-27
-26
-22
-22
-16
-11
-10
-7
-4
0
5
11
16
17
20
24
29
33
34
37
41
44
46
45
45
43
43
43
42
41
40
38
36
32
28
24
25
32
43
57
62
61
54
50
50
53
51
48
43
37
33
29
23
15
8
3
-5
-13
-21
-27
-30
-33
-36
-44
-49
-55
-55
-55
-55
-56
-57
-57
-57
-58
-57
-54
-52
-51
-48
-45
-40
-36
-33
-33
-35
-34
-32
-30
-27
-25
-22
-20
-17
-16
-15
-11
-7
-1
2
4
6
8
13
17
20
21
22
23
25
26
28
28
29
32
32
32
31
30
27
28
30
29
27
24
23
21
19
17
17
26
40
53
59
54
47
43
44
45
43
41
37
33
30
26
20
13
8
5
0
-7
-13
-17
-19
-19
-23
-29
-36
-41
-43
-42
-43
-43
-45
-47
-47
-50
-50
-48
-49
-46
-44
-41
-37
-32
-27
-25
-24
-24
-26
-24
-21
-18
-17
-14
-14
-14
-15
-14
-12
-12
-7
-4
-3
-1
-1
2
4
7
9
9
12
14
16
20
23
23
24
23
23
21
21
20
20
20
20
20
16
12
9
11
17
28
42
55
60
59
54
50
51
54
57
53
46
42
39
35
32
25
22
15
12
4
-3
-6
-10
-10
-15
-21
-27
-33
-36
-37
-38
-40
-44
-46
-46
-48
-49
-50
-50
-49
-47
-46
-44
-41
-35
-33
-29
-29
-31
-30
-31
-29
-25
-23
-20
-20
-23
-25
-23
-19
-17
-13
-10
-7
-5
-3
2
5
6
9
12
13
15
18
20
24
23
25
24
23
23
23
23
23
22
19
16
12
10
9
13
26
41
60
67
63
56
51
55
61
64
61
56
53
49
46
43
35
30
23
18
8
0
-5
-7
-8
-13
-22
-31
-35
-39
-39
-38
-42
-45
-47
-47
-48
-51
-51
-50
-49
-48
-48
-48
-47
-41
-34
-29
-28
-31
-35
-36
-32
-29
-25
-25
-27
-30
-29
-27
-25
-21
-16
-12
-8
-8
-6
-3
2
7
7
7
8
12
16
21
20
21
22
22
23
23
23
22
23
24
20
18
14
13
12
14
24
43
66
74
70
62
56
57
61
67
66
61
56
52
51
48
41
37
32
28
21
10
3
0
-2
-7
-15
-26
-34
-36
-37
-39
-42
-45
-48
-50
-51
-54
-55
-53
-53
-53
-52
-51
-48
-45
-41
-36
-33
-35
-39
-42
-39
-36
-34
-35
-38
-39
-41
-39
-35
-29
-24
-20
-16
-12
-9
-4
-1
5
10
12
13
19
22
25
29
27
27
27
27
28
27
24
23
21
21
19
14
12
11
15
27
47
69
82
78
68
61
63
71
77
77
68
60
56
55
52
46
40
31
26
19
9
0
-3
-3
-7
-14
-24
-34
-36
-37
-39
-44
-49
-50
-53
-54
-57
-59
-61
-62
-61
-60
-60
-59
-54
-47
-41
-41
-43
-46
-44
-40
-38
-38
-38
-40
-40
-37
-36
-31
-26
-21
-15
-14
-12
-9
-2
3
8
9
12
15
18
23
27
29
31
33
33
32
32
31
29
29
27
23
16
11
8
10
17
33
56
75
79
70
59
59
67
80
85
79
68
62
61
59
56
49
42
36
29
19
7
0
-2
-5
-13
-24
-35
-41
-42
-44
-48
-55
-59
-58
-58
-57
-60
-63
-65
-64
-62
-62
-62
-58
-51
-43
-38
-36
-38
-42
-41
-38
-37
-36
-35
-36
-37
-37
-36
-32
-26
-20
-16
-12
-10
-4
2
9
14
17
20
20
21
24
29
31
32
31
28
25
24
23
21
18
17
13
7
4
3
6
20
44
68
81
79
69
60
64
76
87
85
77
70
64
61
57
51
44
38
33
27
15
4
-3
-2
-6
-14
-25
-33
-37
-40
-41
-46
-51
-54
-55
-55
-58
-59
-61
-60
-60
-60
-61
-62
-58
-52
-44
-39
-37
-35
-35
-37
-38
-37
-35
-35
-38
-38
-38
-36
-29
-22
-16
-13
-11
-9
-4
1
6
11
14
15
16
16
19
22
29
29
28
25
24
21
17
14
11
8
4
1
0
1
11
37
66
84
81
66
57
63
78
91
92
83
74
67
63
60
56
51
46
43
37
25
13
7
6
3
-6
-19
-30
-37
-34
-35
-42
-48
-54
-54
-55
-56
-59
-60
-61
-60
-56
-57
-61
-61
-58
-50
-43
-36
-33
-34
-34
-36
-37
-37
-38
-39
-40
-38
-37
-31
-27
-24
-18
-17
-14
-12
-8
-1
6
13
14
15
16
19
21
21
22
23
22
23
20
16
14
10
8
4
0
-3
-3
2
18
46
73
87
81
67
60
68
83
94
93
84
75
69
66
62
56
47
43
40
36
26
13
7
3
-1
-12
-23
-32
-33
-32
-33
-39
-45
-51
-52
-52
-55
-58
-60
-61
-57
-54
-54
-55
-56
-52
-48
-40
-35
-33
-31
-29
-29
-31
-33
-38
-43
-44
-44
-42
-38
-32
-26
-21
-19
-19
-20
-16
-7
0
6
7
11
12
15
17
17
16
16
17
19
18
17
12
8
4
-2
-6
-7
-1
17
48
80
93
85
68
61
70
88
103
105
92
81
74
72
69
62
56
50
46
39
28
16
10
9
4
-6
-21
-32
-36
-33
-32
-35
-43
-48
-51
-50
-55
-60
-58
-61
-58
-56
-56
-57
-58
-56
-51
-48
-45
-42
-40
-39
-38
-35
-37
-39
-43
-48
-51
-49
-46
-43
-33
-25
-22
-22
-23
-20
-15
-6
3
11
17
20
26
32
36
34
30
24
22
22
25
27
23
15
4
-5
-4
12
52
100
147
170
156
133
125
142
178
203
208
194
171
162
157
142
130
120
109
101
81
63
45
33
24
5
-24
-54
-79
-93
-95
-95
-104
-119
-135
-153
-161
-167
-169
-169
-173
-172
-172
-173
-168
-164
-154
-137
-129
-126
-135
-150
-154
-147
-131
-118
-117
-125
-146
-163
-167
-157
-133
-103
-76
-57
-51
-46
-38
-20
5
28
46
53
60
71
83
93
89
73
51
34
32
38
43
42
27
9
6
31
95
187
276
326
321
281
249
256
296
347
370
357
318
275
240
212
186
162
137
111
81
50
28
15
8
-5
-37
-77
-117
-145
-153
-152
-152
-161
-174
-185
-192
-199
-205
-212
-222
-232
-239
-239
-228
-205
-176
-147
-136
-147
-164
-194
-201
-177
-148
-119
-109
-119
-130
-145
-153
-154
-153
-131
-105
-80
-58
-39
-12
21
49
65
71
73
77
95
121
146
165
158
136
119
109
109
98
67
25
-5
10
105
269
457
596
633
597
489
407
413
482
596
658
634
570
483
410
350
285
229
167
111
74
54
63
81
81
35
-73
-209
-337
-417
-450
-456
-434
-421
-412
-413
-430
-435
-449
-487
-543
-631
-698
-701
-639
-503
-359
-249
-191
-212
-262
-300
-313
-298
-304
-365
-446
-531
-537
-451
-334
-248
-264
-375
-500
-571
-525
-349
-89
191
389
454
390
267
153
110
152
212
235
194
99
-9
-118
-229
-339
-327
-63
596
1594
2801
3715
3923
3400
2329
1222
530
493
1018
1653
1950
1707
842
-267
-1230
-1765
-1883
-1652
-1258
-876
-504
-163
143
309
212
-203
-805
-1343
-1457
-1059
-327
365
695
450
-275
-1165
-1852
-2153
-2036
-1553
-1009
-571
-362
-386
-572
-804
-978
-1011
-850
-487
15
508
819
806
425
-231
-957
-1506
-1706
-1501
-979
-323
252
569
559
291
-61
-290
-248
76
562
1013
1254
1203
888
414
-77
-468
-684
-704
-574
-404
-335
-464
-744
-903
-539
664
2653
4878
6509
6865
5789
3750
1628
255
-19
525
1214
1425
868
-350
-1838
-3126
-3855
-3894
-3330
-2365
-1251
-226
541
946
935
521
-169
-891
-1323
-1214
-569
295
883
804
-20
-1319
-2586
-3313
-3229
-2416
-1235
-134
533
647
326
-171
-571
-690
-467
71
820
1595
2137
2178
1568
376
-1090
-2381
-3076
-2968
-2137
-912
254
969
1048
596
-33
-424
-295
371
1321
2174
2608
2484
1862
943
-46
-919
-1543
-1825
-1739
-1347
-858
-553
-636
-1059
-1412
-1060
445
2989
5773
7703
8032
6711
4369
1930
138
-703
-751
-398
-63
-134
-866
-2212
-3730
-4784
-4883
-3980
-2488
-947
297
1190
1811
2100
1887
1089
-94
-1135
-1519
-1130
-349
206
86
-749
-1980
-3117
-3756
-3706
-3002
-1833
-509
623
1285
1376
1029
531
198
205
560
1126
1685
2008
1919
1332
275
-1088
-2454
-3420
-3632
-2937
-1518
130
1405
1893
1605
947
437
397
821
1470
2062
2394
2335
1834
915
-252
-1390
-2222
-2579
-2450
-1965
-1354
-893
-788
-964
-969
-121
1943
4840
7495
8809
8315
6385
3840
1426
-413
-1504
-1796
-1416
-834
-745
-1618
-3222
-4683
-5162
-4460
-3058
-1618
-417
688
1860
2877
3193
2443
833
-900
-1986
-2134
-1652
-1124
-968
-1281
-1944
-2777
-3579
-4070
-3925
-2947
-1290
517
1849
2361
2151
1610
1129
874
811
878
1070
1359
1585
1467
772
-501
-2055
-3392
-4040
-3746
-2580
-893
820
2083
2626
2464
1876
1259
939
1040
1460
1962
2261
2136
1491
449
-737
-1797
-2580
-3010
-3019
-2581
-1839
-1134
-733
-472
302
2185
5035
7789
9194
8736
6876
4491
2166
84
-1617
-2616
-2648
-2008
-1567
-2096
-3525
-4927
-5340
-4508
-2947
-1375
-86
1106
2413
3598
4059
3344
1613
-408
-1900
-2488
-2389
-2116
-2051
-2275
-2691
-3202
-3742
-4168
-4181
-3444
-1881
125
1890
2858
2939
2485
1946
1527
1167
789
536
617
1017
1358
1133
116
-1460
-3032
-4046
-4170
-3345
-1752
233
2084
3297
3576
3000
1989
1082
666
806
1287
1780
2003
1796
1129
108
-1074
-2204
-3073
-3487
-3298
-2550
-1566
-807
-466
-144
960
3305
6395
8932
9767
8708
6443
3813
1244
-1097
-2920
-3761
-3440
-2498
-1931
-2383
-3582
-4583
-4623
-3660
-2217
-816
462
1830
3326
4504
4655
3435
1209
-1135
-2775
-3439
-3417
-3182
-3034
-3011
-3082
-3254
-3533
-3777
-3638
-2753
-1087
923
2571
3377
3363
2913
2367
1771
1039
273
-181
-80
383
656
265
-825
-2231
-3431
-4023
-3795
-2718
-960
1094
2929
4084
4301
3637
2469
1341
675
543
737
955
1014
835
374
-398
-1440
-2557
-3453
-3790
-3418
-2507
-1497
-726
23
1473
4096
7373
9884
10429
8960
6405
3702
1138
-1285
-3251
-4139
-3703
-2617
-2039
-2604
-3887
-4864
-4814
-3732
-2132
-521
963
2463
4015
5216
5370
4054
1586
-1090
-3018
-3839
-3860
-3609
-3411
-3305
-3270
-3340
-3550
-3761
-3631
-2787
-1155
880
2653
3616
3667
3123
2388
1647
842
-15
-665
-765
-282
330
435
-298
-1655
-3066
-3958
-4010
-3165
-1548
543
2636
4160
4683
4138
2865
1442
381
-96
-61
240
569
722
559
15
-891
-2005
-3052
-3670
-3595
-2855
-1834
-959
-193
1108
3583
6977
9959
11073
9934
7344
4410
1646
-919
-3069
-4235
-4040
-2935
-2035
-2178
-3248
-4317
-4505
-3625
-2121
-569
826
2236
3800
5192
5668
4621
2164
-815
-3195
-4358
-4470
-4128
-3802
-3585
-3407
-3295
-3338
-3474
-3389
-2688
-1232
688
2478
3571
3751
3221
2399
1578
756
-183
-1109
-1597
-1309
-431
330
272
-737
-2190
-3342
-3706
-3200
-1991
-305
1608
3375
4506
4580
3555
1876
293
-584
-637
-213
224
431
431
287
-102
-922
-2160
-3401
-4007
-3617
-2483
-1233
-225
926
2976
6138
9487
11453
11090
8741
5592
2597
-7
-2246
-3881
-4451
-3878
-2850
-2383
-2965
-4110
-4795
-4319
-2781
-836
934
2429
3868
5244
6049
5545
3449
332
-2657
-4525
-5038
-4688
-4149
-3791
-3627
-3567
-3577
-3604
-3470
-2886
-1652
146
2075
3542
4090
3672
2665
1569
629
-246
-1165
-1900
-1997
-1250
-102
602
258
-1004
-2464
-3366
-3336
-2453
-969
824
2615
3994
4519
3952
2447
604
-825
-1362
-1057
-395
176
476
572
450
-102
-1228
-2674
-3745
-3821
-2883
-1554
-484
363
1742
4331
7786
10688
11596
10175
7301
4139
1280
-1223
-3276
-4462
-4434
-3480
-2505
-2356
-3138
-4129
-4385
-3461
-1651
321
1939
3233
4489
5630
5978
4764
1961
-1477
-4202
-5431
-5351
-4700
-4095
-3699
-3441
-3272
-3194
-3112
-2758
-1848
-292
1658
3440
4422
4274
3206
1806
568
-426
-1382
-2319
-2852
-2523
-1372
-85
500
25
-1152
-2318
-2891
-2644
-1648
-107
1670
3274
4247
4233
3175
1405
-405
-1574
-1801
-1289
-517
151
602
809
629
-154
-1512
-2986
-3868
-3711
-2674
-1385
-327
720
2526
5520
9008
11406
11489
9347
6148
3024
354
-1925
-3663
-4425
-4041
-3021
-2306
-2529
-3508
-4383
-4286
-2951
-838
1266
2898
4156
5305
6142
5901
3969
670
-2773
-5056
-5713
-5229
-4422
-3813
-3475
-3307
-3230
-3161
-2925
-2302
-1127
566
2472
4026
4635
4066
2651
1042
-285
-1309
-2208
-2918
-3078
-2423
-1228
-180
145
-305
-1119
-1794
-2000
-1593
-591
819
2261
3282
3585
3087
1918
368
-1104
-2006
-2075
-1434
-498
339
863
1001
680
-135
-1289
-2377
-2929
-2708
-1909
-1008
-330
390
1889
4639
8086
10710
11154
9262
6071
2810
48
-2174
-3770
-4403
-3904
-2742
-1850
-1928
-2859
-3797
-3855
-2723
-815
1165
2788
4091
5234
5978
5639
3683
405
-3039
-5363
-6013
-5389
-4337
-3507
-3086
-2978
-3010
-2974
-2663
-1925
-715
892
2655
4103
4672
4073
2574
813
-693
-1842
-2722
-3223
-3054
-2151
-944
-88
37
-429
-1087
-1576
-1670
-1227
-205
1178
2481
3239
3227
2508
1291
-138
-1415
-2147
-2123
-1438
-423
550
1203
1331
830
-212
-1453
-2417
-2753
-2427
-1741
-1109
-667
-1
1648
4622
8181
10715
10925
8783
5428
2110
-603
-2644
-3902
-4113
-3310
-2145
-1538
-1976
-3106
-4021
-3941
-2663
-614
1536
3330
4692
5693
6129
5457
3279
-53
-3400
-5526
-5952
-5141
-3981
-3126
-2765
-2791
-2978
-3038
-2694
-1783
-360
1379
3125
4443
4846
4078
2407
502
-1065
-2158
-2901
-3237
-2868
-1748
-393
396
223
-620
-1518
-2007
-1904
-1140
240
1878
3138
3493
2887
1669
226
-1164
-2196
-2503
-1949
-844
283
1069
1430
1325
661
-489
-1706
-2459
-2513
-2049
-1450
-1046
-914
-647
578
3367
7169
10219
10830
8775
5372
2109
-442
-2409
-3749
-4047
-3205
-1912
-1219
-1635
-2757
-3706
-3758
-2672
-732
1435
3222
4441
5270
5725
5305
3417
231
-3096
-5206
-5596
-4808
-3754
-2998
-2639
-2600
-2721
-2724
-2300
-1336
16
1541
3056
4277
4732
4041
2370
414
-1160
-2177
-2796
-3019
-2597
-1515
-311
263
-61
-893
-1627
-1896
-1584
-631
883
2521
3559
3503
2451
924
-598
-1860
-2637
-2664
-1897
-703
361
967
1081
725
-112
-1233
-2133
-2364
-1918
-1213
-684
-553
-807
-1041
-361
2098
6041
9667
10919
9251
5931
2574
-156
-2356
-3897
-4270
-3387
-2021
-1213
-1402
-2241
-3070
-3328
-2650
-1011
1105
2938
4127
4912
5486
5375
3793
725
-2671
-4933
-5468
-4788
-3764
-2923
-2413
-2286
-2456
-2583
-2243
-1310
-26
1351
2736
3981
4631
4186
2678
785
-757
-1737
-2374
-2742
-2557
-1646
-436
298
125
-679
-1532
-2017
-1937
-1144
381
2178
3399
3423
2354
824
-637
-1833
-2609
-2647
-1810
-495
607
1097
1044
607
-193
-1212
-1992
-2087
-1573
-949
-608
-637
-992
-1444
-1189
870
4854
9036
10967
9641
6285
2829
119
-2047
-3706
-4275
-3465
-1986
-1011
-1118
-1992
-2975
-3514
-3148
-1670
524
2541
3792
4499
5096
5276
4139
1372
-2015
-4446
-5135
-4501
-3438
-2506
-1915
-1814
-2176
-2572
-2391
-1422
-29
1349
2605
3748
4460
4208
2853
965
-667
-1691
-2220
-2386
-2090
-1322
-456
-15
-218
-841
-1520
-2007
-2059
-1360
184
2070
3359
3405
2338
804
-647
-1793
-2467
-2409
-1570
-353
618
994
815
211
-718
-1700
-2249
-2058
-1360
-702
-422
-553
-1026
-1562
-1300
854
4931
9146
11059
9710
6317
2772
-44
-2267
-3907
-4445
-3644
-2195
-1190
-1199
-1980
-2954
-3552
-3242
-1750
528
2647
3962
4666
5211
5347
4221
1517
-1804
-4219
-4932
-4331
-3290
-2390
-1849
-1806
-2254
-2777
-2720
-1772
-256
1305
2667
3804
4484
4230
2874
952
-684
-1579
-1891
-1897
-1616
-990
-288
16
-299
-973
-1626
-2059
-2118
-1511
-54
1836
3204
3294
2174
552
-907
-1923
-2364
-2097
-1165
-1
827
1053
748
49
-919
-1874
-2354
-2115
-1413
-774
-549
-811
-1401
-1755
-817
2234
6715
10373
11059
8627
4848
1495
-947
-2805
-4027
-4122
-3073
-1720
-1074
-1489
-2571
-3644
-4027
-3167
-1047
1554
3547
4542
5016
5355
5067
3327
239
-2863
-4546
-4496
-3482
-2448
-1837
-1752
-2206
-2964
-3413
-2935
-1500
333
2009
3375
4411
4782
4015
2169
75
-1315
-1726
-1576
-1294
-918
-395
-6
-175
-945
-1878
-2520
-2691
-2318
-1235
568
2497
3575
3215
1738
9
-1315
-2012
-2044
-1397
-283
757
1199
934
223
-662
-1599
-2409
-2770
-2450
-1629
-841
-612
-1028
-1491
-876
1724
5924
9812
11208
9450
5849
2305
-249
-1995
-3216
-3719
-3292
-2311
-1598
-1741
-2677
-3834
-4432
-3772
-1670
1186
3608
4875
5229
5224
4788
3300
626
-2283
-4072
-4174
-3153
-2028
-1490
-1723
-2567
-3584
-4124
-3656
-2184
-223
1680
3270
4440
4883
4202
2394
148
-1544
-2113
-1740
-991
-261
322
588
226
-871
-2277
-3265
-3354
-2549
-1089
778
2652
3842
3706
2260
257
-1381
-2171
-2113
-1375
-208
933
1476
1154
234
-785
-1610
-2195
-2465
-2244
-1534
-717
-359
-762
-1624
-1988
-668
2827
7444
10884
11227
8479
4415
903
-1362
-2676
-3340
-3284
-2542
-1642
-1316
-1931
-3208
-4429
-4738
-3531
-935
2085
4350
5374
5487
5067
3956
1843
-942
-3295
-4199
-3564
-2195
-1123
-979
-1848
-3315
-4580
-4824
-3706
-1604
706
2653
4052
4809
4643
3323
1166
-891
-1924
-1694
-742
205
767
877
473
-516
-1886
-3093
-3588
-3185
-2030
-353
1536
3076
3588
2780
1110
-517
-1444
-1554
-1061
-202
738
1323
1185
364
-707
-1584
-2132
-2405
-2376
-1959
-1282
-799
-979
-1742
-2218
-1129
2211
6958
10884
11850
9426
5185
1306
-1048
-2047
-2368
-2350
-2034
-1646
-1691
-2552
-4048
-5447
-5822
-4550
-1754
1624
4346
5696
5803
5119
3817
1815
-653
-2762
-3596
-2918
-1418
-224
-201
-1533
-3662
-5506
-6000
-4707
-2116
728
2962
4278
4724
4320
3000
1008
-896
-1843
-1476
-228
1053
1727
1583
714
-653
-2157
-3313
-3705
-3223
-2031
-416
1273
2554
2902
2131
673
-647
-1219
-998
-332
428
1041
1287
992
206
-739
-1445
-1771
-1852
-1839
-1731
-1484
-1237
-1335
-1942
-2602
-2204
309
4840
9617
12127
10946
6883
2297
-755
-1773
-1580
-1169
-965
-988
-1353
-2356
-4040
-5824
-6718
-5895
-3273
303
3541
5441
5813
5073
3705
1958
21
-1678
-2524
-2162
-898
333
517
-832
-3327
-5812
-6979
-6088
-3437
-133
2617
4130
4384
3714
2436
875
-506
-1155
-760
451
1772
2465
2176
1039
-519
-2035
-3106
-3485
-3122
-2160
-866
436
1395
1720
1331
482
-303
-561
-204
491
1139
1488
1437
1000
294
-442
-953
-1168
-1282
-1555
-2002
-2352
-2377
-2214
-2251
-2534
-2327
-470
3487
8341
11643
11421
7794
2947
-534
-1470
-574
579
886
200
-1130
-2870
-4883
-6724
-7554
-6621
-3882
-203
3092
4961
5174
4201
2733
1298
158
-574
-807
-500
195
792
609
-827
-3323
-5886
-7183
-6366
-3670
-280
2415
3612
3362
2272
1012
36
-431
-281
444
1489
2389
2647
2017
665
-894
-2073
-2530
-2309
-1754
-1235
-900
-660
-371
-33
231
326
316
379
606
901
1091
1070
883
626
387
217
116
7
-328
-1087
-2189
-3163
-3468
-3027
-2363
-2065
-1961
-1000
1830
6163
9968
10928
8355
3923
369
-605
635
2294
2772
1658
-460
-2821
-4993
-6650
-7312
-6514
-4217
-1073
1833
3535
3699
2755
1489
604
369
597
936
1131
1149
965
381
-873
-2812
-4890
-6143
-5784
-3809
-1090
1166
2147
1805
753
-204
-535
-176
597
1407
1976
2192
2029
1511
732
-112
-762
-1052
-1015
-880
-929
-1273
-1738
-1954
-1623
-757
281
989
1098
721
238
5
150
582
1084
1460
1582
1400
915
146
-908
-2151
-3247
-3715
-3316
-2397
-1708
-1637
-1587
-308
2837
6838
9487
9110
6060
2492
598
1001
2578
3621
3152
1276
-1294
-3863
-5886
-6838
-6363
-4545
-2051
203
1563
1913
1586
1025
564
411
641
1131
1582
1692
1342
561
-561
-1929
-3334
-4367
-4556
-3698
-2098
-449
581
701
104
-669
-1036
-701
208
1230
1879
1919
1455
821
359
260
485
768
750
199
-800
-1864
-2536
-2568
-1996
-1061
-91
577
699
274
-406
-863
-701
140
1349
2409
2878
2594
1724
621
-417
-1310
-2079
-2641
-2767
-2386
-1835
-1651
-1913
-1827
-261
3052
6779
8777
7810
4698
1672
575
1576
3314
4188
3449
1350
-1377
-4034
-5954
-6499
-5403
-3126
-737
765
1068
592
11
-280
-253
39
579
1286
1878
2000
1466
347
-1031
-2290
-3108
-3309
-2902
-2075
-1160
-469
-191
-367
-843
-1279
-1305
-752
167
977
1265
973
456
177
392
991
1571
1689
1122
-6
-1280
-2218
-2492
-2076
-1196
-250
371
399
-160
-967
-1519
-1394
-497
887
2249
3075
3098
2379
1273
197
-602
-1149
-1599
-1968
-2130
-2032
-1887
-1978
-2132
-1547
559
3939
6998
7882
6066
2962
834
976
2837
4659
4948
3390
695
-2181
-4499
-5689
-5362
-3608
-1248
507
878
35
-1109
-1665
-1378
-563
361
1133
1588
1588
1084
207
-763
-1542
-1969
-2027
-1812
-1449
-1119
-968
-1001
-1094
-1108
-1016
-876
-730
-549
-308
-75
15
-62
-94
221
968
1832
2274
1895
733
-718
-1818
-2139
-1668
-764
61
365
3
-839
-1727
-2177
-1904
-933
413
1691
2509
2663
2212
1435
710
274
68
-190
-712
-1389
-1859
-1898
-1694
-1636
-1720
-1265
509
3475
6216
6971
5215
2323
539
1105
3314
5203
5212
3234
330
-2308
-4045
-4661
-4044
-2348
-308
942
641
-902
-2477
-2904
-1942
-288
1115
1717
1483
711
-171
-798
-1006
-888
-703
-670
-813
-1010
-1181
-1332
-1436
-1362
-1009
-524
-250
-443
-983
-1438
-1436
-977
-348
258
857
1464
1871
1735
956
-135
-983
-1228
-923
-386
72
256
49
-565
-1409
-2060
-2099
-1384
-221
875
1547
1765
1717
1549
1297
945
534
136
-238
-601
-935
-1119
-1065
-905
-971
-1430
-1878
-1423
560
3576
5987
6202
4123
1453
338
1532
3839
5207
4465
2088
-541
-2352
-3129
-3063
-2262
-907
403
766
-236
-1996
-3235
-3010
-1473
370
1486
1448
543
-574
-1236
-1117
-418
278
410
-137
-941
-1420
-1312
-848
-434
-295
-409
-695
-1134
-1668
-2047
-1927
-1208
-209
579
913
919
829
721
517
205
-100
-268
-305
-303
-311
-309
-354
-605
-1121
-1686
-1880
-1468
-582
367
1060
1456
1641
1651
1384
826
154
-343
-461
-230
138
386
348
-28
-709
-1571
-2326
-2441
-1324
1158
4197
6182
5802
3256
414
-559
988
3703
5378
4790
2440
-186
-1951
-2641
-2506
-1718
-461
671
800
-451
-2423
-3751
-3441
-1682
381
1580
1466
384
-910
-1648
-1417
-407
664
1008
380
-702
-1397
-1270
-628
-141
-199
-707
-1315
-1768
-1970
-1845
-1325
-489
348
794
710
316
-28
-108
38
243
350
273
1
-368
-659
-746
-675
-653
-818
-1065
-1108
-750
-51
758
1382
1645
1475
946
250
-370
-684
-575
-53
693
1322
1423
772
-443
-1669
-2344
-2272
-1593
-462
1108
2945
4349
4336
2593
168
-1038
141
3027
5534
5827
3725
614
-1762
-2533
-1942
-712
478
1126
827
-504
-2352
-3704
-3635
-2048
177
1771
1896
628
-1170
-2374
-2209
-746
1074
2038
1502
-101
-1613
-2054
-1354
-306
185
-191
-1064
-1799
-1973
-1566
-828
-80
410
486
171
-292
-583
-516
-170
223
453
403
41
-556
-1171
-1484
-1295
-729
-174
42
-60
-153
52
537
992
1082
722
119
-386
-544
-303
213
807
1277
1428
1118
327
-717
-1539
-1680
-1087
-244
205
99
-28
489
1616
2465
2213
1124
514
1443
3527
5133
4807
2614
29
-1359
-1106
-37
738
701
41
-837
-1683
-2322
-2489
-1921
-690
611
1195
666
-641
-1857
-2147
-1231
374
1652
1745
562
-1141
-2289
-2250
-1236
-86
404
49
-722
-1274
-1272
-821
-275
67
124
-52
-371
-699
-845
-675
-248
148
200
-197
-832
-1337
-1436
-1079
-432
257
745
878
657
243
-113
-232
-106
117
278
334
339
380
455
519
545
546
521
424
208
-83
-310
-368
-349
-511
-999
-1550
-1552
-571
1126
2564
2827
1914
846
801
2013
3554
4157
3316
1646
229
-291
-129
82
-22
-319
-521
-572
-655
-873
-1072
-977
-554
-107
16
-253
-638
-803
-605
-147
268
310
-181
-1043
-1799
-1945
-1317
-267
528
596
6
-734
-1119
-989
-538
-90
115
12
-325
-723
-975
-952
-721
-488
-425
-532
-667
-692
-575
-361
-71
281
599
664
318
-323
-849
-837
-219
625
1147
1058
503
-89
-333
-101
459
1054
1391
1306
818
113
-549
-932
-940
-713
-567
-776
-1248
-1468
-874
521
1945
2432
1744
704
519
1620
3231
4036
3325
1567
-82
-724
-347
404
922
996
745
291
-320
-964
-1371
-1225
-495
406
865
501
-514
-1592
-2094
-1732
-787
94
317
-223
-1061
-1519
-1197
-296
537
773
372
-271
-695
-707
-418
-102
-23
-301
-870
-1449
-1682
-1396
-749
-127
158
73
-216
-509
-699
-729
-537
-142
289
465
229
-272
-637
-524
52
710
1015
825
364
47
138
595
1110
1309
1011
358
-273
-539
-404
-139
-77
-344
-827
-1345
-1738
-1821
-1339
-185
1291
2300
2217
1206
249
352
1592
3048
3561
2744
1258
150
19
602
1172
1227
799
288
-5
-67
-90
-210
-351
-380
-315
-365
-732
-1332
-1779
-1656
-883
106
628
263
-769
-1707
-1808
-895
474
1405
1320
351
-842
-1580
-1596
-1115
-565
-265
-277
-481
-709
-829
-755
-477
-98
180
145
-247
-791
-1130
-1012
-504
66
363
280
-11
-226
-173
140
544
852
972
911
740
540
393
360
451
589
614
410
11
-410
-679
-751
-720
-735
-884
-1173
-1528
-1763
-1613
-888
261
1279
1565
1038
328
336
1365
2794
3571
3126
1872
773
552
1123
1809
2007
1612
948
351
-80
-403
-634
-677
-484
-240
-237
-642
-1276
-1725
-1654
-1052
-256
276
253
-263
-886
-1161
-880
-232
314
339
-209
-971
-1431
-1299
-707
-89
148
-77
-526
-845
-835
-549
-212
-35
-107
-391
-766
-1058
-1084
-742
-122
470
708
479
-4
-348
-265
229
825
1166
1084
693
261
29
75
310
560
640
455
48
-409
-707
-746
-613
-496
-539
-759
-1086
-1447
-1722
-1701
-1163
-128
974
1519
1216
488
240
1059
2609
3840
3863
2736
1376
762
1140
1904
2227
1769
872
151
-83
-13
-39
-379
-879
-1206
-1170
-882
-652
-689
-925
-1085
-947
-564
-251
-296
-677
-1058
-1073
-673
-177
-11
-318
-823
-1075
-843
-300
148
192
-140
-577
-850
-866
-730
-596
-525
-483
-424
-382
-430
-556
-646
-550
-232
179
467
501
321
118
75
233
483
644
627
478
314
220
172
118
23
-76
-133
-141
-137
-197
-353
-567
-735
-775
-711
-697
-880
-1237
-1475
-1211
-324
860
1708
1780
1257
840
1188
2280
3390
3707
3029
1933
1240
1302
1766
1951
1479
592
-126
-285
-9
222
49
-477
-975
-1118
-914
-665
-647
-849
-1012
-910
-594
-361
-482
-929
-1355
-1385
-939
-298
108
26
-432
-924
-1146
-1029
-740
-508
-449
-535
-650
-693
-646
-571
-542
-565
-567
-457
-235
-17
31
-145
-393
-474
-234
211
564
588
306
-16
-102
95
378
502
370
107
-92
-124
-39
29
18
-36
-80
-133
-257
-475
-689
-753
-616
-395
-314
-492
-797
-904
-520
335
1260
1768
1702
1398
1409
1998
2838
3277
2905
1940
1087
926
1440
2022
2032
1319
328
-296
-274
133
388
160
-410
-887
-952
-671
-407
-456
-800
-1140
-1175
-865
-463
-293
-493
-903
-1219
-1239
-1019
-788
-727
-827
-908
-829
-627
-477
-540
-779
-986
-934
-590
-168
32
-154
-607
-998
-1050
-717
-220
128
154
-74
-332
-423
-308
-90
92
164
161
159
186
198
139
14
-91
-88
28
172
235
190
92
17
-12
-39
-107
-207
-268
-241
-169
-156
-262
-386
-314
91
720
1240
1346
1066
805
996
1702
2508
2811
2374
1540
930
963
1485
1928
1827
1167
377
-62
-18
217
259
-30
-449
-676
-600
-380
-282
-421
-675
-833
-811
-722
-753
-962
-1198
-1233
-983
-598
-381
-506
-871
-1179
-1159
-779
-276
20
-87
-519
-983
-1181
-984
-554
-170
-36
-173
-430
-632
-693
-612
-444
-231
-17
133
162
53
-113
-222
-191
-49
91
134
75
6
5
67
123
120
74
43
51
70
71
56
74
148
241
285
210
27
-192
-340
-343
-194
62
347
575
675
647
606
738
1142
1696
2111
2084
1616
1055
763
918
1314
1522
1304
721
135
-93
81
390
474
200
-271
-614
-645
-463
-299
-346
-587
-853
-977
-939
-826
-748
-732
-714
-632
-509
-436
-489
-653
-800
-793
-597
-330
-172
-232
-462
-693
-761
-636
-421
-279
-287
-384
-441
-372
-218
-122
-173
-341
-473
-435
-224
40
201
183
31
-146
-242
-215
-96
56
181
243
228
162
92
69
118
218
322
380
366
282
142
-13
-127
-137
-40
94
153
79
-56
-84
133
545
930
1077
982
850
929
1253
1615
1741
1545
1223
1051
1125
1277
1232
903
468
209
254
442
469
166
-337
-721
-760
-512
-249
-242
-523
-886
-1083
-1022
-821
-678
-689
-800
-865
-793
-638
-531
-557
-677
-755
-705
-551
-416
-399
-475
-527
-477
-361
-302
-378
-528
-600
-478
-204
41
74
-138
-440
-620
-559
-324
-90
7
-36
-126
-163
-136
-95
-79
-66
-2
128
263
322
264
146
58
63
154
253
322
370
416
451
418
287
103
-35
-41
60
159
189
178
222
366
541
651
688
758
988
1335
1589
1565
1251
885
746
900
1156
1200
899
410
46
10
224
407
318
-55
-498
-754
-733
-530
-353
-345
-518
-756
-927
-967
-890
-769
-660
-590
-577
-603
-642
-662
-636
-563
-471
-390
-350
-340
-342
-349
-342
-326
-313
-317
-345
-380
-388
-358
-308
-286
-314
-373
-404
-361
-243
-108
-19
0
-30
-68
-85
-78
-55
-27
16
75
135
186
231
268
292
287
249
204
199
262
373
452
425
293
129
37
67
166
235
221
171
178
285
435
524
528
547
694
975
1238
1303
1126
848
695
767
948
1009
808
429
102
4
114
241
194
-69
-400
-610
-610
-474
-362
-376
-506
-660
-756
-776
-766
-755
-731
-667
-566
-469
-427
-454
-507
-519
-457
-346
-246
-219
-274
-369
-449
-467
-424
-365
-327
-320
-325
-310
-275
-243
-249
-302
-374
-408
-366
-262
-151
-87
-91
-134
-168
-159
-102
-19
73
158
231
288
320
323
319
326
358
408
443
458
455
456
466
459
414
328
234
179
178
203
205
169
140
181
299
441
523
533
548
659
864
1048
1064
884
621
461
496
632
692
558
278
19
-89
-53
-5
-66
-242
-430
-509
-460
-368
-346
-434
-571
-657
-645
-562
-482
-454
-473
-494
-471
-411
-365
-373
-435
-496
-492
-406
-292
-234
-278
-401
-531
-585
-543
-449
-369
-347
-371
-399
-395
-368
-342
-343
-355
-337
-262
-139
-30
21
6
-27
-22
51
170
276
333
338
320
312
309
309
306
300
307
332
366
401
417
414
400
372
353
331
307
286
262
241
209
155
110
100
142
209
263
294
328
396
511
602
598
492
339
257
302
411
478
405
219
31
-68
-55
8
25
-43
-157
-247
-275
-258
-251
-289
-349
-395
-393
-357
-329
-316
-310
-295
-266
-258
-281
-330
-375
-367
-311
-245
-205
-225
-285
-344
-374
-350
-292
-237
-208
-213
-233
-247
-245
-226
-193
-148
-99
-55
-21
6
24
40
63
87
107
122
134
144
152
149
136
116
106
118
154
204
243
260
261
265
279
312
345
366
368
349
313
261
205
151
116
91
59
12
-38
-67
-47
21
104
175
222
255
282
306
321
319
318
329
346
337
269
148
21
-57
-57
-8
30
4
-84
-181
-232
-223
-190
-182
-214
-266
-309
-323
-320
-319
-330
-347
-361
-388
-404
-405
-401
-373
-347
-329
-312
-321
-334
-336
-321
-271
-215
-179
-166
-179
-192
-187
-167
-129
-85
-47
-19
-10
-18
-32
-38
-30
-8
21
50
70
81
86
98
122
172
250
328
398
444
467
489
501
519
544
554
561
537
488
449
416
397
374
324
259
188
122
66
18
-16
-35
-39
-20
16
56
97
142
206
294
383
460
498
496
472
435
403
379
347
303
235
151
72
2
-63
-132
-207
-288
-362
-430
-496
-563
-634
-708
-769
-817
-841
-848
-845
-834
-824
-802
-758
-691
-614
-540
-475
-421
-373
-328
-282
-240
-207
-189
-191
-206
-227
-242
-244
-240
-233
-233
-238
-241
-233
-208
-162
-99
-31
34
89
137
185
246
312
386
451
499
533
559
584
610
633
656
675
688
697
697
691
681
666
647
618
573
507
420
320
222
136
59
-8
-73
-130
-175
-200
-197
-164
-102
-19
74
168
252
322
377
421
450
463
464
444
407
346
268
183
95
10
-72
-150
-228
-310
-396
-475
-545
-602
-652
-693
-725
-745
-750
-748
-737
-715
-680
-633
-580
-521
-464
-414
-369
-330
-300
-276
-263
-258
-257
-263
-273
-284
-293
-300
-302
-298
-287
-273
-256
-237
-208
-166
-114
-57
1
58
116
177
243
311
379
442
495
542
576
601
625
644
658
660
652
640
628
616
603
586
567
540
504
458
394
327
263
200
138
69
-10
-98
-180
-247
-289
-301
-298
-282
-254
-216
-159
-93
-15
69
149
214
253
277
281
273
254
225
199
166
122
69
7
-53
-104
-151
-193
-233
-268
-307
-342
-373
-393
-394
-394
-390
-379
-370
-347
-328
-314
-293
-280
-264
-250
-244
-241
-244
-245
-242
-244
-240
-230
-219
-201
-189
-173
-148
-117
-80
-43
-15
8
27
43
57
72
87
98
107
112
121
141
163
187
205
220
236
249
263
273
273
278
277
273
261
237
212
194
176
166
156
144
131
119
106
91
75
60
44
24
2
-28
-58
-85
-112
-131
-138
-134
-127
-112
-92
-63
-28
11
49
82
106
116
119
117
106
96
83
68
52
31
10
-10
-24
-40
-55
-71
-85
-96
-104
-114
-121
-128
-132
-129
-126
-122
-120
-121
-119
-121
-115
-104
-94
-84
-78
-80
-82
-84
-81
-78
-77
-76
-72
-65
-58
-50
-41
-36
-30
-20
-12
-4
1
8
13
19
26
33
34
34
32
29
31
36
39
43
43
44
45
49
54
58
62
63
66
72
77
81
83
82
85
88
87
84
74
61
47
36
30
23
11
-6
-23
-35
-40
-43
-47
-49
-49
-42
-29
-13
9
27
39
48
54
62
64
69
72
69
64
56
47
39
28
18
8
0
-9
-16
-21
-25
-26
-31
-36
-47
-57
-63
-62
-57
-53
-54
-62
-70
-75
-76
-73
-71
-75
-83
-89
-91
-88
-86
-84
-80
-77
-71
-66
-64
-61
-57
-48
-40
-31
-25
-24
-26
-27
-26
-22
-15
-11
-8
-6
-5
-1
8
15
20
25
31
40
50
58
64
69
78
87
92
96
94
93
96
99
106
108
105
102
94
87
77
65
48
34
16
-2
-20
-37
-49
-55
-54
-49
-35
-17
5
31
56
79
97
108
112
113
110
105
94
83
74
69
68
63
54
39
24
13
-1
-12
-24
-39
-54
-71
-88
-103
-115
-120
-122
-121
-119
-119
-121
-123
-122
-115
-107
-105
-102
-105
-113
-117
-119
-114
-109
-105
-102
-101
-99
-97
-95
-92
-88
-80
-72
-64
-62
-59
-54
-45
-36
-26
-17
-8
1
10
20
28
38
47
58
66
76
84
88
92
96
103
111
119
125
128
131
132
132
134
136
133
124
117
106
93
82
63
46
24
3
-13
-24
-27
-23
-13
-1
13
33
56
75
87
91
95
103
114
121
120
108
90
77
69
64
54
40
17
-5
-23
-37
-46
-57
-71
-85
-99
-110
-122
-134
-142
-147
-147
-146
-145
-145
-145
-145
-141
-135
-127
-120
-118
-115
-111
-109
-104
-100
-99
-97
-96
-96
-96
-98
-95
-92
-87
-83
-79
-76
-69
-59
-45
-33
-19
-8
5
17
28
41
56
70
83
95
104
115
124
130
133
133
133
132
132
130
129
130
130
128
125
122
118
113
105
96
86
77
69
61
52
39
26
16
7
3
1
2
8
21
34
48
56
62
69
77
84
84
77
64
52
43
33
24
8
-10
-28
-45
-57
-68
-78
-86
-93
-98
-102
-107
-110
-110
-108
-103
-100
-100
-100
-100
-101
-100
-100
-99
-101
-106
-111
-116
-120
-120
-118
-112
-108
-104
-99
-94
-85
-76
-65
-53
-43
-35
-26
-16
-6
1
6
10
14
19
28
37
47
56
65
73
82
91
101
108
114
118
121
127
132
134
135
133
134
131
128
126
123
118
113
106
96
88
80
73
65
54
46
37
26
18
7
0
-2
-1
5
12
20
27
27
25
25
26
29
32
32
25
14
4
-2
-8
-14
-24
-37
-51
-64
-76
-84
-90
-101
-110
-123
-134
-139
-143
-145
-147
-147
-150
-148
-145
-143
-135
-129
-124
-120
-119
-117
-115
-111
-109
-109
-106
-102
-96
-90
-81
-73
-65
-53
-42
-30
-19
-4
11
25
37
49
57
65
72
79
89
96
103
107
110
114
117
124
131
138
144
146
148
151
156
161
166
167
168
165
163
158
154
144
133
119
101
83
69
56
42
26
10
-7
-21
-34
-43
-46
-43
-37
-29
-16
-1
12
20
22
20
20
18
17
12
-3
-20
-35
-49
-62
-75
-89
-102
-112
-118
-121
-126
-130
-136
-140
-144
-144
-145
-146
-145
-140
-136
-130
-125
-123
-122
-119
-109
-102
-98
-96
-96
-93
-87
-79
-71
-65
-59
-53
-45
-36
-27
-19
-10
-1
9
20
33
45
54
60
64
73
83
94
104
109
114
117
126
134
139
139
140
138
138
139
141
143
142
140
136
131
123
118
114
110
105
97
87
77
67
58
49
42
31
19
9
-2
-14
-23
-30
-39
-45
-46
-49
-45
-36
-23
-13
-10
-12
-15
-17
-19
-20
-27
-33
-47
-57
-66
-74
-82
-90
-95
-98
-100
-103
-108
-110
-110
-107
-103
-101
-101
-104
-100
-92
-84
-80
-80
-79
-75
-70
-63
-60
-55
-52
-50
-49
-49
-46
-41
-33
-26
-17
-12
-7
-2
2
11
22
31
36
41
43
48
55
64
70
75
79
80
82
85
87
94
100
105
108
106
106
106
105
103
104
104
103
99
93
84
76
72
69
65
60
53
43
35
28
23
16
11
3
-6
-14
-23
-30
-36
-41
-46
-49
-51
-53
-51
-47
-40
-35
-36
-40
-40
-42
-39
-39
-41
-44
-48
-50
-52
-54
-57
-56
-58
-53
-50
-51
-53
-56
-55
-52
-47
-43
-42
-41
-41
-38
-36
-35
-36
-37
-35
-34
-31
-31
-31
-30
-27
-21
-16
-11
-9
-8
-5
-1
4
8
12
17
22
26
28
28
31
36
42
45
44
46
49
51
54
51
49
50
54
55
59
58
59
57
56
55
55
52
51
49
46
42
37
33
29
27
24
22
17
13
6
1
0
-2
-1
-3
-8
-16
-19
-25
-26
-29
-29
-30
-34
-35
-33
-26
-17
-13
-15
-19
-23
-24
-20
-16
-14
-15
-19
-20
-21
-21
-22
-23
-22
-23
-24
-26
-27
-26
-25
-22
-19
-19
-21
-22
-23
-21
-20
-19
-17
-14
-13
-14
-17
-18
-17
-15
-12
-11
-14
-15
-15
-12
-8
-6
-3
-2
0
5
10
13
15
17
18
19
21
20
20
22
24
27
29
29
30
31
32
34
32
30
27
25
25
26
27
28
25
22
20
22
21
20
17
14
12
12
11
10
9
5
1
-1
-2
0
1
1
-3
-6
-8
-10
-12
-16
-17
-20
-21
-17
-12
-9
-10
-10
-10
-10
-7
-3
-2
-2
-4
-5
-3
-1
-1
1
0
1
0
-4
-9
-10
-9
-8
-8
-11
-15
-19
-22
-21
-19
-16
-18
-19
-21
-21
-22
-21
-18
-17
-17
-18
-17
-15
-14
-12
-9
-7
-7
-6
-3
0
2
3
5
4
5
4
5
9
12
16
15
13
10
12
13
15
18
20
19
18
17
17
18
20
21
24
25
26
26
26
25
26
26
25
25
25
26
25
26
23
20
16
13
9
7
5
3
-2
-8
-13
-16
-18
-19
-18
-21
-22
-19
-16
-10
-9
-8
-7
-6
-3
-1
1
0
0
0
0
2
-3
-6
-6
-8
-7
-7
-9
-11
-14
-15
-16
-17
-21
-23
-22
-20
-20
-22
-25
-28
-26
-23
-22
-20
-22
-22
-21
-20
-18
-19
-19
-14
-12
-7
-3
-3
0
1
1
3
4
6
10
12
14
16
14
15
16
14
14
14
13
14
17
20
21
21
22
23
23
24
26
28
28
29
30
28
27
29
29
29
27
28
25
24
20
20
16
14
12
6
4
1
0
-4
-9
-11
-15
-17
-18
-19
-21
-25
-25
-20
-15
-11
-8
-10
-11
-10
-7
-5
-3
-4
-5
-6
-6
-4
-4
-5
-4
-4
-6
-8
-12
-16
-17
-15
-13
-15
-17
-21
-21
-21
-20
-19
-21
-22
-21
-18
-16
-13
-14
-13
-15
-14
-15
-13
-11
-11
-9
-8
-8
-8
-5
-4
-1
3
7
9
11
12
12
14
15
18
19
20
21
21
20
19
19
20
22
23
25
25
25
26
28
27
26
27
25
26
27
27
26
23
22
21
20
17
15
15
13
9
7
4
0
-3
-6
-7
-12
-18
-20
-24
-24
-25
-25
-25
-25
-25
-21
-17
-13
-9
-6
-4
-3
0
2
-1
0
-1
-1
-1
-2
-4
-6
-8
-10
-10
-11
-11
-14
-17
-17
-17
-16
-17
-18
-18
-16
-14
-15
-15
-14
-17
-20
-17
-16
-14
-14
-12
-9
-10
-10
-10
-7
-5
-3
1
4
5
8
9
10
12
13
12
13
15
14
18
17
20
19
17
15
14
16
18
18
20
19
18
19
22
22
23
23
22
22
23
25
26
25
26
23
20
20
16
13
11
9
7
5
0
-4
-6
-9
-11
-13
-16
-18
-20
-20
-21
-22
-23
-24
-24
-23
-21
-18
-16
-16
-15
-15
-13
-10
-6
-4
-4
-5
-6
-6
-3
-2
1
2
1
-2
-3
-4
-3
-3
-4
-7
-7
-10
-11
-10
-8
-8
-9
-11
-13
-12
-11
-11
-9
-8
-8
-7
-9
-6
-6
-4
-3
-1
2
4
4
6
7
8
10
11
13
11
8
10
10
12
12
12
11
7
8
9
9
12
15
17
16
17
15
15
16
17
20
21
20
18
14
15
15
15
14
15
14
10
5
2
1
0
-1
-2
-4
-6
-7
-8
-8
-12
-16
-18
-18
-19
-21
-22
-22
-22
-21
-19
-16
-13
-10
-9
-9
-6
-3
1
2
4
6
8
10
9
9
8
8
9
9
8
7
3
2
2
-1
-2
-4
-5
-7
-8
-8
-10
-12
-13
-15
-13
-13
-12
-11
-11
-12
-11
-7
-7
-5
-4
-4
-3
-1
-2
-1
0
0
0
0
2
3
2
1
2
3
5
4
6
4
5
7
10
9
9
10
9
11
11
13
15
15
16
16
15
14
12
14
16
16
15
15
13
12
11
12
9
8
6
3
-1
-3
-3
-3
-4
-6
-8
-11
-12
-11
-11
-12
-11
-12
-11
-12
-9
-6
-3
0
1
2
3
5
4
8
9
10
13
12
13
11
8
5
4
1
0
-2
-5
-6
-8
-9
-11
-12
-13
-15
-16
-16
-17
-17
-15
-16
-15
-14
-15
-13
-13
-13
-14
-12
-12
-13
-11
-10
-9
-6
-4
-2
-3
-1
0
1
1
0
0
2
4
5
6
5
5
5
7
8
8
8
9
11
12
13
13
14
14
14
15
15
16
16
16
16
17
16
17
18
18
18
18
19
18
15
15
12
10
9
6
3
2
-2
-2
-4
-4
-5
-8
-12
-13
-12
-11
-7
-5
-3
-1
0
1
3
2
3
3
3
3
2
0
-1
-2
-3
-4
-4
-6
-8
-8
-10
-11
-13
-15
-16
-18
-17
-17
-18
-16
-15
-16
-18
-19
-20
-19
-19
-17
-17
-16
-16
-13
-12
-11
-9
-10
-8
-5
-7
-5
-5
-4
-1
0
2
3
3
6
6
9
11
8
10
11
11
11
11
12
14
17
19
18
19
19
20
19
21
21
23
24
24
24
23
22
22
24
24
21
20
17
16
14
13
11
10
6
6
4
2
-1
-4
-5
-8
-11
-12
-15
-15
-14
-13
-13
-15
-14
-11
-9
-7
-7
-7
-5
-4
-4
-3
-4
-3
-2
-5
-4
-4
-6
-7
-8
-7
-8
-9
-10
-10
-12
-12
-12
-14
-16
-18
-18
-19
-20
-20
-20
-21
-20
-20
-18
-17
-15
-15
-14
-12
-10
-9
-5
-5
-3
-2
0
0
1
2
3
5
8
8
10
9
12
15
16
18
19
21
23
24
25
26
25
25
25
25
26
25
25
25
22
20
19
19
19
18
17
16
14
12
11
10
10
9
7
6
4
3
1
-2
-3
-6
-8
-10
-11
-13
-15
-18
-18
-18
-19
-19
-22
-20
-17
-15
-14
-15
-13
-13
-10
-7
-6
-8
-7
-8
-5
-3
-2
-4
-5
-6
-4
-4
-5
-7
-7
-6
-7
-8
-10
-10
-10
-11
-13
-11
-12
-11
-11
-10
-10
-9
-7
-5
-5
-5
-2
-3
-4
-2
-3
-2
-1
0
3
3
6
8
7
8
10
12
12
13
15
14
16
15
13
14
14
14
16
16
16
15
14
14
13
16
17
16
18
18
17
17
18
16
13
12
11
10
10
9
8
6
6
3
0
-1
-4
-6
-8
-10
-11
-12
-13
-15
-16
-18
-18
-19
-20
-20
-20
-17
-14
-14
-14
-10
-10
-8
-9
-8
-6
-5
-3
-3
-2
-3
-1
0
1
2
1
1
0
0
0
1
3
3
3
1
-1
-3
-5
-7
-9
-10
-9
-10
-11
-11
-11
-11
-10
-12
-12
-10
-7
-6
-4
-1
1
1
2
4
5
6
8
9
8
6
6
7
7
7
7
8
8
9
9
10
8
11
11
11
14
15
16
17
17
17
16
16
15
17
16
15
12
11
11
11
10
7
6
3
3
3
3
2
-1
-2
-4
-7
-7
-9
-10
-10
-11
-12
-13
-12
-12
-14
-15
-15
-15
-12
-11
-9
-7
-7
-5
-6
-5
-3
-2
-1
1
0
1
2
1
2
3
2
3
2
0
-2
-3
-4
-5
-7
-9
-8
-11
-10
-10
-12
-12
-13
-13
-12
-13
-11
-10
-9
-8
-6
-7
-6
-3
-4
-3
-4
-3
-2
-1
0
2
3
3
3
7
8
10
11
12
15
15
15
16
15
15
15
15
15
15
14
12
12
14
13
12
12
13
13
12
11
11
11
13
13
12
11
11
7
7
5
3
4
1
0
-1
-4
-4
-7
-10
-10
-12
-12
-15
-16
-16
-15
-15
-15
-15
-13
-12
-11
-8
-8
-7
-5
-3
0
1
2
2
1
2
3
4
2
2
0
-1
-2
-3
-5
-7
-7
-8
-8
-11
-12
-12
-12
-13
-13
-11
-13
-12
-12
-12
-11
-11
-10
-10
-8
-6
-4
-3
-4
-3
-2
0
2
5
7
7
9
9
10
10
9
10
10
12
12
11
11
11
11
12
12
13
12
13
15
14
15
15
17
17
15
15
14
15
15
15
15
14
13
10
10
7
6
4
2
1
-2
-4
-8
-9
-10
-11
-12
-13
-12
-13
-13
-13
-15
-14
-15
-13
-11
-9
-8
-8
-5
-4
-2
-2
-1
1
1
1
3
3
2
3
1
4
0
0
-3
-2
-3
-4
-4
-6
-7
-7
-8
-10
-12
-15
-13
-14
-15
-15
-14
-15
-15
-14
-13
-12
-9
-8
-6
-5
-4
-4
-4
-2
-4
-1
-1
0
1
3
5
6
10
11
13
14
14
16
16
17
15
16
16
17
16
16
16
16
15
13
13
13
12
13
12
11
13
13
13
13
12
11
10
9
7
7
6
5
1
1
0
-2
-4
-5
-6
-7
-6
-8
-9
-9
-9
-9
-10
-10
-11
-14
-13
-11
-10
-11
-12
-12
-10
-8
-6
-4
-5
-4
-3
-6
-5
-7
-6
-7
-6
-7
-6
-8
-8
-7
-7
-6
-5
-6
-5
-5
-4
-3
-4
-3
-4
-4
-6
-6
-8
-7
-6
-4
-5
-5
-7
-7
-5
-3
-2
0
0
1
6
7
8
9
10
11
12
13
12
12
12
11
11
11
11
10
10
12
12
12
13
11
12
11
11
11
11
11
10
11
9
9
8
5
4
5
4
4
5
5
3
3
3
-1
0
-1
-2
-3
-3
-6
-6
-6
-7
-7
-7
-8
-8
-9
-9
-9
-10
-9
-7
-9
-10
-10
-11
-9
-9
-8
-8
-7
-5
-5
-5
-3
-3
-3
-1
-2
-1
-2
-2
-1
-2
-1
-3
-5
-6
-5
-7
-6
-6
-7
-7
-7
-9
-7
-8
-8
-7
-7
-5
-5
-2
-1
0
1
1
1
2
2
2
2
4
4
4
5
6
6
6
6
7
8
10
12
12
10
11
11
13
12
12
12
11
9
9
9
9
9
6
8
7
5
5
6
5
4
4
3
4
5
5
4
5
4
4
4
1
1
0
-1
-1
-2
-4
-5
-5
-6
-7
-8
-9
-10
-9
-10
-7
-9
-9
-10
-10
-8
-8
-8
-8
-6
-4
-4
-5
-6
-4
-5
-5
-4
-3
-4
-5
-6
-7
-8
-7
-4
-4
-3
-4
-3
-4
-3
-3
-2
-3
-5
-4
-5
-2
-2
-1
-1
-2
-3
-4
-5
-5
-2
-2
-1
-1
0
0
2
3
4
5
5
5
8
8
8
10
9
10
10
10
10
10
9
10
9
10
10
8
7
6
5
5
6
6
6
4
5
6
6
5
5
5
4
4
4
2
4
2
1
2
2
2
0
0
-2
-4
-1
-2
-3
-3
-3
-2
-3
-4
-5
-5
-7
-8
-8
-8
-6
-7
-6
-6
-6
-6
-5
-5
-5
-6
-5
-5
-4
-3
-3
-3
-5
-8
-8
-10
-9
-10
-11
-10
-10
-10
-10
-9
-10
-8
-7
-7
-7
-5
-4
-3
-5
-4
-2
-2
-1
0
3
3
4
6
7
9
9
10
9
10
11
11
9
9
9
9
8
8
8
8
9
7
7
4
4
6
6
6
5
6
6
5
5
3
3
5
5
5
6
6
4
4
5
5
4
5
6
6
5
4
5
4
2
0
0
0
-1
-1
-4
-4
-7
-8
-8
-8
-7
-8
-8
-8
-7
-9
-8
-8
-9
-10
-10
-11
-11
-9
-9
-10
-9
-10
-10
-10
-9
-7
-4
-3
-2
-2
-2
-3
-2
-1
-1
-2
-3
-3
-4
-3
-4
-5
-4
-3
-2
-2
-1
-2
-1
-1
3
2
2
2
2
4
6
7
8
8
7
11
10
11
13
13
13
11
12
11
10
10
8
9
7
5
3
3
4
4
5
5
5
5
3
4
4
4
5
2
1
1
-1
-3
-2
-2
-2
-4
-3
-3
-2
-1
-1
-1
-2
-2
-2
-2
-1
1
-1
-2
-3
-4
-5
-5
-6
-7
-8
-10
-11
-12
-11
-11
-10
-8
-8
-9
-8
-7
-6
-6
-4
-4
-3
-2
-1
0
0
-1
0
2
2
2
2
3
2
1
-1
-1
0
-1
-1
0
2
3
3
3
5
5
5
6
7
6
8
7
5
5
5
3
3
3
2
1
2
1
1
1
1
2
2
1
2
2
3
3
3
5
5
4
2
3
3
0
0
-2
-3
-1
-3
-4
-5
-4
-5
-5
-4
-4
-1
-1
0
1
1
2
2
2
3
3
3
3
2
2
0
1
1
-1
-1
-2
-2
-3
-4
-4
-5
-4
-5
-4
-3
-3
-3
-1
-3
-2
-2
-2
-2
-1
-2
-1
0
0
-1
0
0
-1
-2
-2
-2
-1
0
0
-1
-1
1
3
4
5
6
5
5
5
4
3
4
3
3
2
1
0
-1
-1
-2
-2
-2
-3
-3
-3
-3
-4
-4
-2
-1
-1
0
-1
-1
-1
-1
-1
-1
-1
-2
-2
-3
-4
-2
0
0
0
2
1
2
2
1
1
2
2
3
3
3
2
0
1
0
1
2
2
3
2
3
2
2
2
2
3
3
3
3
2
2
2
1
1
3
3
2
2
2
1
0
-2
-1
-3
-4
-4
-4
-2
-3
-2
-3
-2
-1
-1
-1
-1
-2
-1
1
1
2
2
2
2
2
0
1
0
1
1
-2
-1
-3
-5
-4
-3
-3
-4
-4
-3
-2
-1
-1
0
-1
0
1
0
-2
-2
-3
-4
-4
-6
-6
-5
-3
-4
-2
-2
-1
0
0
1
-1
0
0
1
1
1
1
1
1
-1
-1
-2
-1
-2
-1
0
-2
-2
-2
-1
0
1
2
3
5
5
5
5
6
7
7
9
9
8
6
7
6
5
6
5
4
2
1
0
0
1
0
1
0
0
1
1
2
2
3
1
0
-2
-2
-2
-3
-3
-5
-4
-5
-5
-6
-4
-4
-4
-6
-4
-4
-5
-4
-4
-5
-5
-4
-3
-3
-3
-3
-3
-2
-3
-4
-4
-3
-2
-1
-3
-2
-2
0
0
0
1
1
1
2
1
1
0
2
1
0
0
-2
-3
-1
-3
-3
-3
-3
-2
-2
-2
-1
2
1
2
2
2
4
6
4
4
4
4
5
5
4
4
4
3
4
2
2
2
2
3
3
3
3
3
2
3
2
2
3
4
5
4
4
5
4
3
4
3
1
1
-1
-2
-5
-5
-6
-4
-3
-3
-2
0
-1
-1
-1
0
0
-1
1
1
0
-1
-1
-4
-4
-5
-6
-7
-6
-6
-8
-9
-9
-8
-8
-6
-6
-5
-4
-2
0
2
3
2
3
2
1
1
2
3
2
1
1
1
-2
-2
-1
-4
-3
-1
0
1
1
2
2
2
2
2
2
4
3
2
2
1
3
3
2
4
3
3
3
4
4
4
4
3
3
4
4
4
3
2
3
3
3
4
3
4
2
1
2
1
1
1
-1
-1
-3
0
-1
-3
-4
-5
-4
-6
-5
-3
-3
-4
-3
-2
-4
-4
-5
-4
-3
-1
-1
0
-1
-3
-2
-3
-3
-2
-1
-1
-1
-1
0
-2
-3
-3
-4
-5
-4
-3
-4
-3
-3
-4
-2
0
1
2
1
1
3
4
5
6
6
4
5
7
6
5
3
5
4
3
2
2
1
2
3
2
2
3
2
2
2
1
0
0
0
-1
-2
-3
-3
-2
-2
-3
-3
-3
-3
-2
-1
0
-1
0
-2
-3
-1
-1
0
1
1
2
3
1
1
-1
0
0
0
0
0
0
-1
-1
-1
-1
-1
0
-1
-1
0
0
1
0
-1
-1
-1
-3
-3
-2
-2
-1
-2
-1
-1
-1
0
-1
-1
-1
1
2
2
2
1
3
3
2
2
2
1
1
1
2
2
4
4
1
1
0
-1
-1
0
-1
0
1
1
1
1
1
0
1
2
2
1
1
1
2
0
0
-1
-2
-2
-3
-3
-1
-4
-3
-3
-5
-4
-3
-3
-4
-4
-3
-4
-2
-2
-2
-2
-2
-1
-2
0
0
1
2
2
3
4
3
3
4
5
5
4
2
2
0
0
1
3
3
2
1
2
2
3
4
4
4
4
2
4
1
-1
-1
-2
-1
0
0
1
0
-1
-2
-3
-4
-5
-4
-4
-4
-4
-5
-4
-2
-1
-1
-2
-3
-1
0
2
2
0
-1
0
-1
0
0
1
1
0
-1
1
2
1
3
2
1
0
-1
-1
-1
-1
-2
-4
-2
-3
-2
-2
-2
-2
-2
-1
-1
0
0
0
-1
0
1
0
2
1
1
1
-1
2
1
1
2
2
1
2
2
2
0
1
2
3
4
3
4
5
2
3
3
4
2
2
2
0
2
1
1
-1
-1
-1
-2
-2
-3
-3
-4
-2
-2
-2
-1
-1
-1
-1
-2
-2
-2
-3
-2
-1
-2
-2
-2
-2
-2
-4
-3
-4
-2
0
2
0
2
1
1
1
1
3
1
2
3
1
0
0
1
1
1
2
1
0
0
0
-2
-2
-3
-3
-2
-3
-2
1
2
-1
1
1
1
3
1
-1
-1
0
-1
-1
-2
-2
-3
-3
-1
-2
-1
-1
-2
-2
-4
-2
-2
0
3
2
2
4
4
5
7
6
5
4
5
6
5
5
4
4
2
1
2
1
2
1
1
1
0
-1
-1
-1
-3
-3
-3
-4
-3
-4
-5
-4
-5
-5
-4
-2
-1
-1
0
-1
-2
-2
-3
-4
-2
-1
0
0
0
0
-1
-2
-1
-1
-1
-2
-1
-1
-2
-1
-2
-2
-1
-1
-1
0
3
4
3
2
3
2
1
3
2
3
4
2
2
1
1
1
2
1
2
2
1
3
2
2
1
0
1
1
1
0
0
-1
0
0
-1
0
0
0
-1
0
-2
-1
0
-1
-1
-4
-3
-2
-2
-1
-1
-1
0
0
1
0
0
2
1
0
1
1
-1
0
0
0
0
-1
0
0
0
-1
-1
-2
-2
-1
0
-2
-2
-3
-3
-3
-2
0
1
1
0
0
1
-1
-2
-2
-4
-4
-4
-2
0
0
-1
0
0
1
2
2
3
5
5
4
3
4
5
5
3
3
5
3
4
5
4
3
2
-1
0
-1
0
-2
-4
-3
-2
-2
-2
-2
-2
-2
-2
-2
-2
-1
-2
-1
-2
-2
-1
-1
-2
-2
-2
-1
1
0
-2
-1
-1
-2
-1
-1
-1
0
-1
0
0
1
0
-1
0
0
-1
0
-1
-1
-1
0
-1
0
1
0
2
1
1
1
2
2
2
3
5
5
4
3
4
4
2
2
-1
-1
-1
-1
-1
-1
-3
-3
-2
-3
-2
-3
-1
-2
-2
0
0
0
1
1
3
3
2
3
2
2
2
1
1
0
0
0
0
-2
-3
-4
-2
-2
-2
-2
-2
-2
-3
-3
-1
-2
-1
-3
-3
-3
-2
-1
-2
-2
-3
-1
-2
-4
-3
-2
-1
-1
1
3
2
3
3
3
4
4
5
6
4
5
4
2
2
1
2
1
0
1
0
2
2
2
2
2
1
2
3
2
2
0
1
1
1
1
0
-1
0
0
0
0
-1
0
-2
-2
-3
-3
-4
-3
-4
-3
-4
-4
-2
-4
-1
-1
-2
-3
-2
-3
-2
-3
-1
-3
-3
-2
-1
-1
-1
0
0
-1
0
-1
0
1
0
1
-1
-1
-1
0
0
0
1
2
3
1
1
1
1
4
4
5
5
5
6
4
5
3
1
1
3
2
1
0
2
1
1
1
1
0
0
0
1
0
-2
0
-1
0
0
0
-1
-1
-1
-1
-1
-2
-1
-3
-3
-1
0
0
-1
-1
1
1
1
1
1
0
-1
-1
-2
-1
-1
0
0
-2
-2
-3
-3
-3
-4
-4
-4
-4
-4
-4
-1
-1
-1
-1
-2
-2
0
1
1
2
1
1
1
1
0
0
2
0
-1
1
1
1
3
3
3
3
3
4
4
3
4
3
3
4
5
4
3
2
1
2
2
1
1
0
0
0
-1
-1
-2
-2
-2
-2
-2
-4
-3
-3
-5
-2
-3
-3
-3
-3
-4
-4
-3
-2
-1
0
0
0
-2
-2
-2
-1
-2
-1
0
0
0
0
-1
-2
0
0
0
2
1
2
3
3
2
3
3
5
5
5
5
3
3
2
2
2
3
4
3
3
3
2
0
1
2
0
-2
0
-2
-1
-2
-3
-3
-4
-3
-4
-1
-3
-4
-4
-4
-3
-4
-3
-4
-5
-4
-3
-3
-3
-2
-3
-3
-1
0
0
1
1
-1
-1
0
1
-1
1
2
2
2
2
2
2
1
2
2
2
3
3
2
1
2
0
1
2
1
3
3
3
3
5
4
4
5
3
4
2
3
2
-1
-1
-2
0
-1
0
0
0
1
-2
-3
-1
-3
-1
-2
-2
-1
-2
-1
-1
-3
-3
-3
-4
-5
-3
-3
-2
-2
-3
-4
-3
-3
-3
-3
-2
-2
-1
0
-2
-2
-2
-1
-2
-1
-1
0
0
-1
0
0
1
2
0
2
1
0
2
2
1
1
0
1
2
2
3
1
3
4
3
4
4
4
3
3
2
1
0
0
0
0
1
0
1
1
0
0
0
0
1
2
1
2
1
2
1
1
1
0
1
1
0
1
-1
-1
-1
-1
-3
-3
-3
-1
0
-1
-2
0
-1
0
0
1
2
1
1
-1
-2
-3
-3
-4
-4
-3
-4
-2
-4
-3
-4
-4
-3
-2
-2
-2
0
-1
-1
-1
-1
-2
-2
-3
-2
-1
0
0
-1
-1
-2
-1
-1
2
2
3
2
2
1
1
3
4
5
4
5
6
5
5
7
6
6
6
4
4
4
2
1
1
-1
1
-1
0
-1
0
-1
0
0
1
2
1
1
1
1
1
-1
-1
1
-1
-1
-2
-2
-2
-2
-3
-3
-2
-6
-5
-4
-5
-4
-3
-3
-3
-5
-3
-4
-5
-4
-3
-3
-2
-4
-2
-2
-2
-1
-1
-1
0
1
0
2
3
2
2
3
3
3
3
0
0
2
1
3
2
1
1
1
2
3
2
4
2
3
4
4
4
4
4
3
1
2
1
1
1
0
-1
-2
0
-1
1
-1
-1
0
-1
-3
0
0
-2
-2
-3
-3
-2
-2
-5
-5
-3
-3
-2
-1
-2
-2
-3
-2
-1
0
0
1
2
1
0
1
1
0
2
2
2
3
3
3
1
2
0
-1
-1
0
0
-1
-1
-2
-2
-1
-1
-1
-2
-3
-1
-1
-1
0
0
0
2
2
1
3
1
2
0
1
2
1
0
0
0
0
3
1
1
1
-1
-1
-1
1
1
1
3
2
1
2
1
-1
-2
-3
0
-1
-1
-1
-2
-2
-3
-3
-3
-3
-2
-2
0
1
2
1
0
1
2
3
2
2
0
2
0
-1
-1
-1
-1
-1
-1
-2
-2
-3
-4
-3
-2
-1
-1
1
1
1
1
1
2
2
2
2
1
1
-1
0
1
-2
0
-2
-3
-2
-1
-1
-1
1
2
2
1
3
5
4
2
