1
-1
-2
0
1
-3
-1
3
-1
0
0
2
1
-1
1
2
1
2
3
1
-1
0
2
1
-2
-1
0
0
-1
-1
-1
-1
-1
0
0
-2
-1
-1
-1
0
0
0
0
-1
-1
-1
-1
1
-1
-1
0
-1
-1
0
-1
0
-2
0
0
0
2
1
0
1
0
2
0
2
2
1
1
-1
2
-1
0
0
-1
-1
-1
1
0
-1
1
-2
-1
2
1
0
-1
1
0
0
1
-1
-1
0
2
0
-1
0
1
0
2
0
0
0
-2
-1
-3
0
0
0
2
2
0
-1
4
2
1
-2
1
0
0
1
-3
-1
-2
-1
-3
-3
-2
-3
-4
-2
-5
-4
-1
-3
0
-1
0
-1
0
2
0
0
2
2
-1
0
2
1
1
1
1
1
2
1
0
0
1
2
2
6
1
2
4
1
1
1
5
2
3
3
1
0
0
2
-2
-1
-1
-2
-1
-1
-2
-2
-2
0
-3
-3
-2
-4
-1
-2
-2
-1
0
-2
0
-1
-1
-3
-1
1
-3
0
1
-2
-1
0
3
-1
2
3
0
1
1
2
1
0
0
-1
-2
1
-1
0
1
-1
2
0
2
0
0
-3
-3
0
0
1
2
1
1
1
2
1
0
0
-3
0
0
1
0
1
0
-1
-2
-2
0
0
0
0
1
0
-3
2
0
2
-1
1
1
0
2
-1
0
-3
-1
0
-1
1
0
-1
-1
-1
1
3
1
-1
2
-1
1
3
2
3
0
3
5
3
2
1
0
0
-1
1
2
0
1
0
1
-1
0
2
-3
0
0
-1
0
-2
-1
-1
-3
-3
-4
-2
-5
-2
-1
-2
0
-1
3
0
1
-1
2
-2
-1
0
-1
1
-1
0
-1
-2
-2
1
0
1
2
2
3
2
1
2
0
2
1
1
2
0
1
-1
-1
0
0
0
2
2
2
2
-1
2
-2
-1
-2
-2
-2
0
1
-1
0
1
0
0
-1
0
-1
0
0
-2
0
-1
0
-2
0
2
-1
3
1
0
0
1
1
-2
1
2
-2
3
1
2
0
1
1
-3
3
0
2
1
0
4
0
2
1
0
1
-2
0
0
0
-1
-2
-1
-5
-2
-1
-1
1
-2
0
-2
0
0
-3
0
-4
-1
-3
-2
2
-3
1
-1
-4
-2
-4
-2
-3
-3
0
-3
1
2
2
3
1
3
0
-1
-1
1
-1
2
1
3
2
2
3
3
4
3
3
3
3
2
3
2
4
3
4
4
0
1
-1
1
2
0
0
-4
-1
-3
-4
0
-3
-3
-1
-1
-2
-6
-1
-4
0
-1
-1
0
-1
1
-1
-2
2
-1
1
2
1
-2
0
-1
-3
-2
-1
-2
-2
0
-1
-4
0
-3
-1
-2
-1
2
-1
1
0
-1
0
0
-1
0
2
0
2
0
1
1
0
1
0
3
-1
3
0
2
3
0
0
-2
2
-2
0
0
1
0
0
0
1
1
0
0
3
2
2
2
0
5
-1
3
4
2
6
0
5
-1
0
-1
-1
0
-2
0
-1
-1
0
-1
-3
-3
-2
-4
0
-2
-2
-2
-2
0
-3
0
-1
-3
0
-4
4
-5
2
-1
-5
1
-4
3
-3
0
0
-4
1
-1
-1
0
0
0
-2
-1
0
2
-2
4
0
-1
1
2
-1
-3
0
-1
1
0
4
0
3
4
-1
3
-1
2
1
1
2
0
3
6
1
4
4
0
0
-2
1
1
-1
2
-4
-1
0
-2
-1
-1
-2
-1
0
-1
-1
-3
-1
1
-3
2
-1
2
3
-1
4
-5
0
-3
-6
1
-5
2
0
-5
3
-5
1
-1
-2
0
-4
3
-2
-1
2
-2
-1
1
1
3
0
1
2
-1
4
0
6
0
3
0
4
3
0
2
-2
1
-4
3
-3
-4
1
-3
3
-4
2
-1
0
0
-6
4
-4
-1
-2
2
-2
-1
-1
-4
1
-8
7
-7
4
-1
-2
0
-2
3
-3
8
-7
4
-1
-1
1
-1
4
-1
2
0
2
-2
3
1
1
2
2
5
2
-3
2
-2
3
1
2
4
-3
2
-3
3
0
-1
2
-1
-1
0
-1
5
-5
2
0
-4
4
1
2
-4
-2
4
-5
4
1
-5
5
-6
5
-4
4
-2
-5
-1
-6
1
-2
1
-7
-1
-1
-4
0
3
-2
-1
-1
2
-2
1
4
-7
5
-4
1
-1
0
0
-6
5
0
2
3
2
0
-5
7
-4
0
2
-2
-1
1
0
3
-1
2
3
-3
6
-3
4
3
4
0
0
8
-1
4
3
1
-1
1
0
1
0
1
2
-1
0
0
-1
0
0
-2
0
-3
2
-2
4
-3
-1
0
-7
-2
-4
-1
-2
-4
1
1
-1
0
3
3
-2
1
0
0
1
0
1
-1
0
1
-2
3
2
-3
2
-1
5
-2
1
3
-3
5
-1
-3
0
-3
-2
1
0
2
-1
-2
-1
-4
2
0
-3
3
-3
-1
0
-4
4
-5
4
-1
-4
5
-3
1
-2
1
6
1
10
-3
3
0
-1
5
1
11
-3
4
-2
-1
1
-3
1
-1
-5
3
-3
2
3
-7
7
-3
6
-1
0
1
-2
-1
7
0
0
-2
-3
0
-3
6
-1
1
-2
3
-3
-2
0
-6
-4
-1
-6
2
2
-5
-3
-5
0
-3
-5
3
-4
-5
5
-4
6
1
-1
2
1
6
2
-1
5
-3
0
4
-2
-2
4
1
1
0
0
4
-3
8
-3
0
2
-4
1
-2
-4
2
-6
7
-2
-2
7
-6
9
-3
6
-3
4
4
-3
4
0
2
-1
-1
-1
-3
-3
-1
-5
-3
-1
-2
2
1
1
0
-3
0
-3
2
-3
3
1
-2
-1
-2
1
0
-4
3
-6
0
-1
-3
10
-5
6
2
-3
9
-6
8
-3
-5
10
-6
7
1
-2
6
-3
5
3
0
6
-5
4
0
4
1
-1
0
-11
6
-4
2
-2
0
-2
-3
-3
-1
-6
2
-7
-5
6
-10
7
-8
1
-2
-1
6
3
4
2
2
-3
5
-1
3
5
-4
3
-5
0
-3
-4
0
-5
-2
-1
-2
-2
-2
1
0
2
4
0
1
-3
7
-5
4
0
4
6
0
2
-1
3
4
1
5
5
-3
2
-1
0
1
0
0
2
-5
5
2
-2
2
0
-2
4
-2
5
-2
-1
1
-4
3
-1
-5
2
-6
6
-3
-2
0
-8
5
-7
5
-3
-1
2
-9
9
-7
0
0
-10
4
-10
3
-2
-9
7
-7
6
-2
-1
4
-4
2
-1
4
5
0
1
1
0
4
0
-1
1
-2
9
1
5
1
-1
5
0
7
-5
1
-4
4
3
4
-1
3
-2
-2
6
2
0
-7
1
-4
0
0
-4
6
-2
3
4
-4
0
-6
-1
-1
-6
-2
-1
-5
3
-4
2
-4
-5
-2
-3
2
-2
-3
2
1
5
4
1
0
-6
3
-7
4
-3
-1
5
-2
8
-3
1
-3
0
6
3
-2
3
2
3
1
0
1
-3
1
-4
1
-5
0
-6
-1
2
-8
-1
-4
-1
-5
1
-4
0
4
1
7
-3
4
0
1
3
2
5
5
2
2
-1
2
-2
0
5
0
0
3
1
-4
1
-1
3
1
4
0
-1
3
-1
5
0
-1
-3
-3
1
-7
6
-9
2
-6
-2
4
-7
3
-5
2
-2
-2
0
-3
2
-3
2
1
0
-3
-3
1
0
0
2
-3
-1
-1
0
0
2
7
2
7
-3
8
-2
1
5
-6
6
-5
0
0
-3
6
-7
7
-1
1
3
-1
0
-1
-2
-3
2
-4
2
-2
-4
4
-7
5
-6
-2
-3
1
2
-4
7
-6
2
-2
1
3
-1
4
-7
5
-2
-2
2
-4
2
-3
6
5
-2
1
-3
-4
1
-3
4
1
0
3
-4
1
1
-2
5
-4
0
2
-7
5
-4
0
1
-6
6
0
-1
5
-11
4
0
-1
11
-4
5
1
-1
8
-3
3
-1
0
-2
5
-3
6
-1
4
2
3
2
0
4
-2
3
-5
4
-3
-4
3
-8
-2
-4
-2
-2
-1
-2
-2
-2
1
2
-1
1
-2
-2
3
5
2
-2
-6
-2
-5
6
5
-1
-2
1
0
8
5
0
-4
-2
-2
1
4
-4
-7
-3
0
2
7
-4
-1
-7
-3
2
1
4
1
-2
5
1
10
0
5
1
-3
10
-4
3
-7
1
-2
0
11
-4
4
-5
-4
-1
-5
-3
-4
-4
-3
-4
-4
1
-1
3
-2
5
-1
4
0
5
0
4
2
-6
9
-6
7
-5
-1
-4
-2
4
-1
-3
-5
-2
3
1
2
0
0
4
5
5
-1
1
-3
1
5
0
3
-1
1
-1
2
9
2
6
-2
-2
2
-5
4
-5
-1
2
-2
-1
-2
-2
-6
-1
-7
-2
-4
-2
-2
-7
8
-9
2
0
-2
4
-7
3
-5
2
6
1
1
-1
2
1
3
6
1
0
0
-2
3
2
2
-5
5
3
1
5
-4
-3
-8
0
4
-2
0
-6
-4
-1
8
4
0
-4
0
0
2
4
-6
-1
-7
4
-1
6
-3
-7
4
2
10
-1
-1
-2
-2
2
7
0
1
-2
-3
4
-4
3
-11
-2
-5
1
11
-6
3
-9
1
2
-2
6
-4
-2
-7
3
5
-3
2
-1
0
5
3
-1
2
-7
0
3
4
2
-1
0
-2
2
3
8
2
-2
-3
5
4
7
6
0
1
-5
9
6
5
1
-7
1
-4
4
1
-4
-4
-8
2
-1
2
0
-8
-2
-4
-1
-1
-10
-2
-9
3
1
-4
0
-10
2
-6
2
2
-6
-2
-6
-1
-4
-7
0
-9
-3
-5
-7
-4
-11
-3
-7
-4
-3
-6
-6
-9
-6
0
4
2
-1
0
5
5
6
11
7
15
19
25
30
26
29
28
31
34
34
37
32
28
24
22
20
16
13
5
-3
-12
-15
-17
-21
-30
-30
-33
-39
-35
-43
-39
-41
-42
-35
-39
-33
-47
-40
-36
-39
-26
-28
-21
-23
-15
-10
-11
-5
-8
-7
0
-1
-1
-11
-10
-13
-7
15
37
64
68
62
44
40
57
65
84
91
87
80
69
71
58
49
34
18
16
17
19
7
-12
-31
-46
-43
-42
-43
-48
-57
-57
-58
-45
-42
-42
-42
-38
-36
-30
-20
-18
-12
-11
-7
-10
-11
-13
-9
-14
-16
1
3
-8
-26
-32
-39
-53
-65
-76
-110
-165
-189
-192
-184
-183
-199
-200
-217
-264
-294
-368
-390
-298
-120
95
317
525
596
543
473
525
761
994
1148
1260
1238
1241
1183
1061
966
779
645
598
549
497
374
172
-135
-471
-642
-668
-664
-770
-918
-1030
-1167
-1221
-1256
-1300
-1294
-1299
-1163
-955
-791
-599
-409
-260
-205
-182
-42
161
340
475
590
612
460
308
252
255
212
117
14
-134
-293
-397
-466
-573
-721
-814
-896
-1012
-1095
-1075
-945
-861
-847
-921
-1122
-1342
-1423
-1128
-518
222
943
1399
1543
1418
1298
1446
1823
2378
2864
3148
3186
2972
2704
2358
2012
1727
1499
1376
1215
1039
748
261
-318
-889
-1213
-1353
-1420
-1460
-1603
-1807
-2069
-2234
-2246
-2228
-2151
-2027
-1807
-1538
-1279
-949
-693
-544
-419
-160
283
640
845
917
933
952
956
1009
968
778
573
434
373
196
-85
-374
-643
-767
-836
-914
-1185
-1614
-1855
-1801
-1466
-1202
-1198
-1425
-1809
-2003
-1940
-1526
-793
100
1096
1785
2065
1944
1683
1767
2230
3064
3806
4134
4091
3692
3299
2906
2555
2255
1864
1591
1342
1098
700
-32
-820
-1535
-1883
-1924
-1919
-1960
-2285
-2692
-3020
-3138
-2964
-2755
-2518
-2312
-2104
-1763
-1381
-943
-642
-460
-156
302
882
1298
1461
1472
1387
1409
1519
1636
1623
1368
1043
674
322
34
-233
-430
-668
-902
-1146
-1524
-1937
-2280
-2320
-2120
-1932
-1833
-1975
-2238
-2534
-2675
-2294
-1384
34
1455
2253
2245
1622
1300
1759
2872
4154
4876
5000
4641
4142
3833
3523
3192
2688
2183
1974
1836
1573
804
-354
-1419
-2108
-2173
-2000
-1993
-2374
-3127
-3729
-3954
-3750
-3338
-3066
-2878
-2717
-2358
-1795
-1282
-937
-810
-561
13
809
1570
1938
1892
1590
1388
1572
2009
2355
2259
1725
1024
403
50
-86
-158
-340
-706
-1170
-1682
-2172
-2579
-2779
-2688
-2411
-2164
-2177
-2479
-2906
-3206
-3015
-2057
-345
1521
2649
2610
1782
1208
1638
3018
4675
5744
5919
5373
4601
4086
3860
3746
3431
2884
2380
1985
1574
789
-436
-1689
-2551
-2726
-2476
-2317
-2665
-3618
-4628
-5111
-4790
-3960
-3213
-2801
-2688
-2584
-2325
-1921
-1366
-735
-32
663
1270
1758
2011
2021
1906
1907
2198
2615
2893
2766
2189
1341
524
63
28
197
164
-345
-1251
-2235
-2933
-3151
-2929
-2513
-2273
-2417
-2863
-3330
-3585
-3529
-3000
-1805
3
1811
2772
2523
1592
1075
1712
3411
5350
6578
6604
5592
4295
3507
3463
3797
3918
3583
2879
1949
926
-132
-1111
-1894
-2376
-2506
-2485
-2659
-3311
-4364
-5330
-5668
-5138
-4034
-2952
-2364
-2395
-2789
-3082
-2768
-1646
-62
1308
1929
1809
1390
1163
1414
2105
2949
3559
3643
3181
2397
1617
1073
824
811
894
827
327
-695
-1963
-2980
-3364
-3074
-2445
-2021
-2231
-3045
-3969
-4457
-4287
-3511
-2233
-565
1110
2141
2094
1261
631
1101
2768
4890
6476
6881
6032
4486
3210
2930
3579
4385
4607
4008
2716
1052
-509
-1465
-1656
-1456
-1372
-1695
-2468
-3594
-4790
-5575
-5603
-4911
-3880
-2974
-2538
-2711
-3262
-3655
-3316
-2061
-288
1268
1949
1643
866
406
803
1961
3290
4114
4049
3196
2040
1207
1050
1446
1936
2039
1538
490
-794
-1892
-2490
-2524
-2176
-1777
-1719
-2239
-3193
-4096
-4469
-4197
-3465
-2446
-1196
165
1217
1494
988
384
580
1938
4006
5870
6700
6152
4579
2976
2396
3130
4466
5304
4962
3432
1255
-691
-1609
-1326
-494
-76
-621
-2021
-3740
-5136
-5695
-5276
-4238
-3249
-2845
-3099
-3688
-4160
-4144
-3456
-2150
-602
619
1055
704
56
-228
309
1605
3074
3987
3911
2977
1770
1003
1117
1972
2902
3163
2452
1051
-464
-1520
-1794
-1357
-705
-477
-1015
-2160
-3400
-4181
-4181
-3483
-2489
-1578
-835
-225
138
110
-102
43
867
2196
3578
4568
4815
4174
3027
2204
2316
3227
4223
4606
4050
2615
799
-575
-873
-193
653
790
-133
-1820
-3571
-4605
-4493
-3471
-2347
-1947
-2516
-3639
-4591
-4781
-4028
-2617
-1145
-213
-105
-641
-1249
-1296
-487
903
2250
3003
2956
2269
1390
905
1181
2078
2998
3324
2827
1708
447
-427
-607
-211
254
274
-310
-1273
-2206
-2768
-2799
-2407
-1917
-1599
-1433
-1200
-809
-418
-186
-58
189
656
1302
2005
2597
2866
2677
2200
1855
1965
2488
3068
3307
2970
2091
998
188
12
401
885
912
208
-1058
-2384
-3188
-3142
-2426
-1638
-1449
-2088
-3178
-4019
-4065
-3250
-1972
-838
-351
-607
-1227
-1591
-1255
-249
975
1859
2090
1743
1190
852
951
1416
1944
2218
2089
1636
1068
595
364
379
487
464
192
-226
-612
-888
-1075
-1169
-1159
-1087
-1060
-1164
-1386
-1621
-1685
-1435
-881
-221
281
489
436
292
273
564
1168
1892
2425
2519
2171
1640
1290
1332
1691
2063
2124
1694
879
35
-436
-410
-114
73
-88
-601
-1281
-1853
-2093
-1976
-1686
-1462
-1433
-1583
-1788
-1886
-1747
-1366
-858
-390
-82
55
99
163
322
581
894
1165
1279
1176
948
775
746
809
856
823
686
439
152
-54
-111
-107
-160
-286
-430
-544
-618
-660
-682
-729
-832
-956
-1004
-910
-716
-533
-447
-470
-557
-638
-628
-451
-107
276
534
595
505
365
288
390
716
1129
1363
1259
905
550
389
470
717
947
972
714
296
-63
-209
-125
71
230
239
98
-91
-220
-225
-109
84
278
389
369
230
40
-92
-66
124
347
445
345
100
-170
-334
-314
-148
28
68
-69
-301
-507
-613
-614
-558
-501
-483
-509
-577
-673
-766
-824
-825
-761
-644
-489
-372
-367
-465
-564
-574
-483
-348
-208
-87
-39
-85
-194
-283
-310
-278
-199
-96
-29
-64
-179
-280
-283
-169
23
241
402
429
333
254
342
608
914
1109
1130
1013
864
811
922
1136
1309
1348
1263
1120
968
842
783
806
877
933
920
804
577
293
69
-1
64
159
176
64
-169
-455
-674
-748
-688
-586
-532
-586
-753
-961
-1104
-1097
-973
-832
-767
-807
-921
-1046
-1101
-1041
-895
-753
-709
-778
-887
-952
-917
-786
-601
-442
-388
-450
-544
-546
-415
-216
-45
37
32
-11
-12
77
216
300
280
228
231
308
418
513
552
512
430
406
507
693
860
963
1005
991
930
870
877
962
1065
1137
1157
1104
966
788
662
656
744
842
874
804
647
450
292
241
315
441
482
347
68
-216
-376
-386
-319
-281
-343
-519
-775
-1021
-1156
-1147
-1055
-994
-1038
-1174
-1330
-1449
-1485
-1426
-1292
-1144
-1056
-1049
-1083
-1095
-1047
-933
-776
-609
-467
-362
-278
-202
-146
-115
-80
-4
136
305
450
533
536
472
396
394
504
681
830
883
824
684
537
472
525
648
745
752
667
537
420
368
413
533
669
752
749
670
569
506
521
612
744
844
828
672
451
288
253
314
387
399
308
121
-99
-269
-333
-312
-284
-309
-395
-516
-643
-757
-839
-876
-870
-835
-793
-768
-789
-859
-946
-990
-944
-809
-636
-497
-441
-476
-561
-630
-610
-485
-293
-114
-16
-25
-110
-205
-237
-166
-9
170
287
294
196
62
-13
25
161
312
392
367
275
186
165
234
370
514
608
626
588
548
539
571
646
746
836
859
785
629
472
395
412
492
560
545
411
188
-33
-159
-153
-62
29
40
-69
-269
-477
-602
-597
-496
-364
-272
-275
-379
-532
-646
-652
-545
-373
-212
-127
-145
-230
-315
-338
-274
-157
-42
23
27
-7
-42
-51
-48
-47
-52
-48
-35
-22
-23
-50
-100
-154
-187
-193
-192
-211
-255
-306
-327
-286
-188
-74
-14
-35
-101
-136
-80
66
261
441
543
541
457
364
328
383
518
687
810
818
703
507
314
214
261
412
557
573
427
163
-108
-273
-278
-159
-32
0
-92
-271
-467
-605
-628
-540
-410
-317
-295
-332
-394
-450
-459
-397
-292
-199
-152
-132
-122
-105
-71
-21
18
19
-3
-5
39
102
142
139
100
37
-24
-52
-48
-49
-81
-125
-150
-145
-120
-106
-130
-198
-273
-289
-214
-74
65
154
167
113
52
59
152
303
454
568
622
602
524
444
406
427
490
572
626
605
490
318
164
81
69
99
123
99
13
-109
-222
-298
-335
-349
-353
-350
-342
-339
-350
-378
-411
-435
-437
-413
-366
-314
-272
-253
-246
-239
-230
-218
-200
-169
-132
-95
-67
-54
-54
-65
-78
-92
-102
-115
-124
-125
-117
-100
-93
-101
-128
-160
-171
-147
-93
-29
21
49
66
93
143
213
278
320
340
359
401
478
561
611
601
536
472
450
476
525
540
494
392
265
172
136
143
155
132
59
-41
-139
-202
-217
-195
-168
-156
-177
-229
-287
-326
-318
-268
-203
-153
-143
-174
-222
-249
-225
-156
-78
-30
-38
-91
-154
-183
-163
-114
-79
-86
-142
-222
-289
-324
-320
-297
-285
-294
-330
-371
-394
-383
-342
-286
-236
-199
-173
-147
-107
-46
28
104
167
211
241
269
304
352
402
441
464
474
473
471
470
469
465
451
437
416
396
372
335
290
245
210
187
170
145
102
48
-3
-41
-62
-74
-88
-114
-150
-182
-199
-203
-200
-203
-210
-215
-213
-197
-177
-164
-162
-169
-171
-164
-153
-140
-133
-137
-142
-146
-150
-157
-170
-185
-196
-189
-170
-150
-146
-166
-198
-220
-212
-171
-117
-82
-79
-101
-121
-117
-84
-28
25
53
55
41
35
51
92
141
178
192
185
163
152
165
201
245
275
276
249
213
196
204
236
266
271
255
221
183
162
158
161
161
143
117
88
63
41
16
-14
-47
-65
-70
-67
-70
-92
-129
-173
-204
-207
-185
-152
-135
-143
-169
-204
-217
-199
-163
-117
-89
-84
-104
-131
-142
-127
-89
-46
-20
-20
-45
-75
-86
-69
-32
5
21
7
-22
-50
-55
-36
-1
25
29
13
-10
-24
-23
-8
14
34
44
47
46
43
44
51
67
88
110
127
134
131
122
117
123
139
157
167
166
154
138
120
107
105
110
116
116
100
70
32
-1
-16
-14
0
8
-8
-47
-94
-128
-132
-112
-81
-67
-82
-119
-155
-170
-156
-120
-83
-67
-82
-109
-135
-138
-114
-77
-43
-25
-31
-54
-77
-86
-74
-42
-5
13
11
-11
-40
-57
-53
-26
8
34
40
24
-1
-19
-19
6
43
77
92
85
64
41
35
52
84
119
138
130
103
71
52
54
78
105
119
110
81
47
22
12
22
41
57
58
42
17
-8
-23
-24
-10
10
26
26
7
-22
-50
-58
-46
-23
-3
-3
-24
-60
-91
-103
-88
-63
-42
-43
-67
-104
-135
-141
-125
-96
-74
-73
-93
-119
-134
-132
-112
-83
-60
-46
-43
-44
-42
-36
-20
1
29
59
84
96
97
91
85
98
124
158
185
187
171
145
118
111
122
146
163
158
129
85
43
20
19
32
46
41
12
-29
-68
-90
-92
-76
-57
-51
-60
-83
-108
-124
-125
-107
-83
-63
-57
-67
-84
-98
-97
-80
-53
-27
-15
-19
-37
-54
-57
-42
-14
9
17
6
-16
-34
-35
-21
1
17
21
12
-3
-14
-14
-3
14
29
41
44
43
38
37
41
55
71
88
98
98
93
86
84
88
97
107
114
110
93
73
55
45
41
41
37
24
3
-21
-44
-59
-67
-71
-74
-82
-91
-102
-112
-119
-121
-118
-113
-105
-95
-90
-86
-84
-81
-75
-64
-50
-34
-21
-14
-13
-15
-14
-9
-1
11
19
20
15
9
2
1
6
10
14
16
15
11
5
3
2
8
20
31
40
40
37
33
38
53
75
92
100
98
88
82
88
107
126
136
130
110
87
73
74
82
88
76
52
22
-5
-17
-23
-27
-36
-51
-71
-88
-100
-105
-107
-113
-115
-116
-115
-111
-107
-105
-103
-102
-94
-84
-68
-53
-42
-41
-44
-48
-41
-27
-10
4
8
0
-12
-20
-20
-13
-3
4
-1
-12
-25
-32
-31
-22
-11
-2
0
-3
-5
-4
4
21
39
55
63
66
65
70
82
98
118
129
132
126
117
111
111
116
122
117
104
86
66
50
40
32
23
10
-9
-28
-40
-51
-59
-68
-78
-85
-87
-86
-85
-84
-84
-87
-85
-79
-68
-55
-44
-37
-35
-35
-33
-30
-21
-11
-3
-4
-9
-16
-23
-28
-28
-28
-31
-36
-44
-54
-60
-61
-61
-59
-58
-59
-57
-55
-47
-37
-27
-13
-1
11
21
34
47
62
76
92
103
112
116
118
120
120
121
122
119
113
101
88
75
61
50
39
27
15
1
-13
-24
-33
-41
-46
-52
-54
-55
-56
-52
-47
-43
-38
-32
-24
-16
-8
-1
5
12
14
17
17
16
12
12
7
4
0
-7
-12
-23
-36
-50
-60
-65
-65
-65
-67
-74
-84
-92
-94
-87
-77
-65
-57
-53
-50
-45
-37
-23
-7
10
28
37
46
52
62
72
82
89
93
94
93
92
88
83
74
63
50
40
30
21
13
2
-7
-17
-26
-31
-35
-37
-38
-38
-36
-32
-26
-22
-17
-13
-8
1
11
20
29
38
43
44
45
45
46
49
50
45
37
28
12
1
-9
-19
-27
-37
-47
-60
-74
-85
-93
-100
-97
-96
-92
-89
-89
-85
-79
-66
-50
-33
-19
-6
4
12
25
38
55
68
76
80
83
84
84
85
84
81
75
63
51
39
29
19
9
-1
-11
-19
-30
-39
-47
-53
-54
-54
-50
-41
-34
-29
-27
-23
-16
-2
18
40
57
66
67
62
61
67
78
90
94
85
67
42
23
10
4
-1
-11
-28
-52
-77
-95
-105
-107
-104
-104
-108
-116
-121
-124
-116
-100
-80
-64
-47
-37
-29
-18
-3
17
37
55
67
73
76
80
83
88
94
97
95
89
80
68
59
50
43
37
29
20
7
-6
-20
-28
-32
-32
-29
-26
-25
-29
-33
-33
-24
-9
7
20
26
26
24
25
31
41
50
56
54
42
26
14
9
9
11
8
-3
-24
-46
-65
-73
-73
-69
-69
-76
-88
-100
-104
-102
-93
-80
-72
-65
-60
-57
-49
-39
-25
-11
3
17
27
37
43
50
57
66
75
83
87
87
81
74
68
65
62
58
51
41
28
16
6
1
-3
-2
-2
-2
-5
-10
-13
-14
-11
-3
5
14
18
18
18
19
23
28
35
40
39
36
25
17
10
12
15
20
23
17
-1
-35
-65
-96
-109
-114
-109
-97
-86
-69
-55
-44
-40
-46
-56
-67
-73
-66
-50
-29
-12
-3
0
-9
-6
-1
12
28
38
46
42
40
33
34
35
41
48
53
60
58
57
48
35
27
18
17
16
23
31
43
50
52
43
27
8
-10
-19
-24
-13
1
17
31
39
38
32
21
14
14
20
33
45
53
55
45
31
11
-7
-20
-30
-29
-30
-26
-30
-38
-44
-56
-66
-75
-81
-90
-93
-99
-96
-95
-84
-77
-75
-66
-61
-48
-37
-25
-11
-4
0
-2
-7
-8
-9
-6
-1
6
17
29
42
45
49
41
35
30
35
36
33
25
17
24
30
44
50
38
27
9
-4
8
15
35
50
47
58
36
35
17
16
36
43
62
59
47
42
26
21
33
31
50
28
15
3
-4
9
2
-3
-48
-40
-55
-27
-17
-40
-53
-112
-87
-74
-27
-3
-35
-52
-93
-96
-61
-46
0
-5
-50
-35
-75
-42
-16
-35
18
-23
-5
-24
-45
-29
-21
23
15
57
19
15
-5
-44
19
-12
71
52
75
40
17
-22
-28
39
57
85
79
48
27
53
23
46
50
85
110
58
59
75
-22
135
0
107
78
72
114
-47
83
-13
-27
56
15
101
18
70
-139
-63
-63
-59
70
-51
126
-187
-124
-195
-121
-35
58
62
-137
-23
-313
-168
-115
34
176
-79
25
-304
-194
-71
-38
54
61
2
-98
-146
-73
15
7
53
24
-115
28
-61
12
39
98
3
-63
-33
-16
16
51
94
12
82
-19
-3
-53
54
54
118
25
70
38
-66
122
-36
89
113
10
64
9
17
59
-14
73
35
10
32
-7
-16
33
-10
9
12
-45
42
-82
31
-51
-17
28
-57
20
-43
-23
-15
-26
-2
-25
-21
10
-22
14
-14
-29
-15
-2
-2
7
9
-6
-5
-9
2
-2
14
11
2
-5
-7
-8
3
4
7
-5
-1
5
-17
4
-4
-9
9
-4
11
-2
0
0
-5
3
3
11
11
18
-1
7
6
-4
21
3
17
6
1
15
-4
11
5
-2
-3
1
-8
7
-6
-4
-3
-15
4
-14
-9
-5
-9
2
0
-6
-7
-2
-8
-5
-9
-5
-5
5
10
4
9
-12
-2
-8
8
9
1
8
-5
-3
-5
0
-8
-5
11
-15
9
-11
-9
-9
-12
13
-14
12
-13
-12
-3
0
17
7
9
3
-3
12
6
4
7
4
4
9
9
14
0
7
7
6
15
0
4
1
-1
13
-3
2
2
-14
9
-12
-3
-5
-13
6
-7
1
1
-7
-2
-7
1
-5
5
13
-6
4
-10
7
-11
8
-9
-7
-8
1
-2
0
3
-6
-8
-7
1
-14
2
-9
-5
-7
-1
-1
-9
4
-4
-14
4
-10
3
-8
3
-4
-5
9
0
9
4
4
6
3
17
4
17
16
20
14
9
9
3
11
3
9
-10
6
-3
4
6
-11
-2
-10
-2
4
-3
-5
-7
-2
8
2
6
-15
-2
-4
5
5
-4
10
-12
4
2
-14
8
-11
8
0
4
9
-10
7
-4
-3
4
-7
-12
-14
-12
-1
-14
-5
-21
-20
-2
-10
4
-14
0
-16
-12
10
-8
7
-1
1
1
12
16
9
11
6
-2
17
14
22
12
-1
10
-12
20
6
5
7
-11
-1
-4
4
10
-4
6
2
-7
13
-12
8
-4
0
6
-13
5
-12
5
4
2
17
-4
8
8
-6
12
-9
7
10
-3
19
-13
3
-17
-2
-6
-9
1
-19
-4
-20
-8
-8
-7
-6
-4
-10
1
-11
-3
-7
-8
3
-16
10
-10
-9
4
-15
8
-6
4
8
-8
16
0
4
10
-4
22
4
13
10
0
15
2
12
6
-4
5
-2
8
3
1
-2
-6
2
3
9
1
3
-1
6
1
7
0
1
8
-4
13
2
2
10
-7
5
-3
3
1
-6
2
-9
6
-1
2
-1
-2
-9
-11
-3
-13
2
-16
-2
-17
-17
-9
-19
-4
-17
-5
-15
-7
1
2
2
0
0
0
6
1
11
-2
9
4
4
16
5
5
3
-1
2
8
1
7
4
4
11
0
12
5
2
6
-2
0
2
-3
6
-7
8
-4
5
6
-2
7
-9
5
-3
5
2
0
-1
-2
0
4
3
-3
12
-17
9
-10
1
0
-16
6
-12
10
-12
4
-16
4
-6
4
9
-6
3
-11
-1
-8
-5
1
-6
-9
3
-13
2
-12
-1
-1
-5
-3
0
-1
0
5
-2
11
-3
10
-2
10
-5
-2
4
-4
11
5
12
-6
8
-11
3
-3
-4
8
-2
1
1
1
-3
13
-1
10
0
5
2
0
9
2
12
5
5
2
2
4
0
-2
1
-3
2
-2
9
-9
7
-5
-8
4
-5
-3
-5
-4
-4
-11
-5
-6
-11
1
-7
-3
-9
-6
6
-11
6
-2
-13
7
-7
5
2
-4
1
-13
9
-3
6
5
0
1
-5
5
1
5
6
3
-4
0
-2
0
-2
3
-4
-3
8
-6
7
2
-5
2
-14
9
-2
0
6
-5
3
-4
4
-1
11
5
2
4
4
3
6
10
4
2
-2
5
-1
4
-3
6
-7
0
2
-1
3
3
-3
1
-2
-4
4
4
3
-3
-6
-9
-6
-9
3
-8
3
-2
0
1
-1
9
-6
10
3
-1
7
-5
4
-4
-6
3
-5
1
-1
-10
-6
-6
-5
2
-4
-1
-10
-3
-8
-6
-1
-9
8
-7
2
3
-5
6
-8
3
-6
7
8
6
7
1
-2
6
0
8
7
-8
8
1
3
7
-3
8
-11
2
-3
3
0
4
-2
1
-3
-2
-1
1
4
-5
6
2
4
3
6
-1
5
-3
8
5
3
6
1
2
-1
2
5
0
4
-8
-2
-7
1
6
-4
2
-12
-3
-1
-8
-3
-12
-12
-5
-8
0
-5
-3
-3
-7
1
-7
4
-7
4
-7
1
10
-7
17
2
0
5
-8
2
-1
-1
12
-1
14
1
3
11
-1
8
-5
7
-10
-1
4
-4
2
-8
6
-4
5
-5
-1
-9
1
-4
1
8
-2
9
-6
4
1
1
7
5
4
10
1
0
4
-6
7
-5
2
-2
-2
3
-1
-4
-1
-1
-3
0
-3
-7
-3
-6
0
-2
0
-6
-5
-6
-4
0
-7
7
-2
3
2
-2
5
1
4
-1
4
3
5
5
4
2
2
1
-3
4
-1
3
0
-2
-5
1
-7
11
-4
-6
5
-13
3
-2
2
-1
-4
-3
2
-2
7
-2
1
2
1
0
5
0
-8
-2
-5
11
-6
13
0
5
5
-10
7
-11
7
-4
2
-2
2
-8
1
-6
-1
1
-7
4
-10
5
0
3
7
1
5
6
0
4
6
0
2
4
4
3
4
1
5
4
0
5
-8
3
-9
2
-4
-4
1
-13
5
-14
6
-7
-1
-5
-6
-2
-3
6
-3
7
-9
3
-4
0
1
-9
13
-8
12
3
6
9
-5
12
-10
11
-2
-2
10
-10
-1
-9
-2
1
-9
5
-7
-7
-3
-5
3
-2
-1
1
0
2
-1
0
1
3
5
3
2
-1
4
4
2
7
5
0
12
-8
8
0
-3
0
2
6
6
-8
1
-3
-10
7
-5
6
-5
-5
4
-7
3
5
-8
0
-14
-8
-3
-3
3
0
5
3
3
1
3
6
-5
7
-4
0
7
-2
8
0
4
4
-5
-1
-3
2
3
1
7
5
-2
5
-6
-1
1
-10
5
-8
-5
-5
-15
-4
-11
-5
-7
4
-3
9
0
0
4
1
6
-2
6
-4
-1
0
1
-1
0
4
0
-5
1
-3
-2
-3
-3
2
0
12
-3
2
4
-3
1
0
3
4
0
7
2
1
8
-11
5
-5
2
-2
-1
7
2
10
6
-1
2
1
2
1
-2
6
-5
2
-2
1
3
-4
3
-5
2
-2
-7
0
-6
8
-2
1
-1
-1
1
1
-1
-4
-6
2
-4
3
8
-7
10
-2
4
2
3
4
-1
2
-2
-4
-3
-3
-4
-8
-10
-2
-11
-1
-9
-9
3
-7
5
-6
2
0
-7
2
-3
-2
9
1
4
5
1
4
-7
12
-7
6
3
-6
6
-8
11
0
11
11
0
6
0
4
2
-2
9
-4
4
8
-6
10
-4
0
1
-4
4
4
2
3
-1
1
4
-3
4
6
1
3
0
-3
-5
-2
-1
-6
-4
0
-9
-3
2
-2
1
-8
-1
-12
-1
-3
-12
0
-10
-3
-11
3
-5
-6
-2
-11
-4
-4
4
3
3
5
0
5
3
3
5
2
9
0
7
8
3
8
3
0
4
-6
-1
-6
5
4
2
7
-1
9
-5
4
-3
0
-1
-1
0
-2
5
1
1
-2
-1
-3
0
-13
4
-5
-2
7
-3
5
2
-4
8
2
6
6
-3
7
0
3
0
1
3
-1
5
-3
5
-6
4
-2
0
0
-5
1
-8
2
0
-6
-1
-10
-7
-2
-7
-5
-8
-7
-2
-9
1
-4
-7
2
0
3
6
0
5
1
1
4
0
-1
1
-2
-4
4
-3
2
1
4
2
1
1
-1
0
5
0
3
1
2
4
-1
12
2
11
1
7
5
3
8
2
10
1
7
-2
1
-1
1
0
-1
3
-4
3
-2
1
-5
-1
-2
-2
4
1
-4
-3
-7
-3
-5
1
-2
-5
-1
-2
-7
-5
1
-4
-4
-3
-4
-3
-3
3
-1
-6
4
-9
-2
-5
-5
6
-5
6
0
4
5
-5
1
-7
-1
-6
-1
4
-2
5
-3
-3
2
-1
9
-2
4
0
-3
4
3
11
9
12
2
8
3
6
3
2
7
0
8
4
4
5
7
6
3
-6
2
-4
-3
1
-7
-2
-6
-7
-2
-3
-6
-2
-11
3
-2
4
4
-4
5
-4
4
2
1
0
1
-1
-3
1
2
-6
-2
-7
0
-4
-1
-3
-3
-6
-4
-1
-1
6
-7
6
-6
3
-5
-2
6
-3
0
2
-4
0
0
-2
7
-2
4
-2
1
4
-1
5
4
-2
8
2
8
2
4
3
-5
1
-1
2
-3
-3
-1
-7
1
1
1
2
-1
3
-4
0
2
-2
1
1
-3
2
3
4
0
1
4
3
3
8
1
2
3
0
1
0
-4
-6
-4
-7
-2
-5
1
-4
-5
0
-3
1
0
1
0
-5
3
-4
4
0
4
1
-2
2
-7
1
-3
0
-3
-7
-3
-2
0
3
3
-4
-2
-1
4
2
6
7
9
4
3
8
2
1
0
-2
2
-5
2
-5
-1
3
-6
5
-4
0
-3
0
-1
-4
1
3
-4
-2
3
-6
-1
-2
1
3
-2
3
1
3
4
5
7
8
3
3
4
-4
-4
0
-7
1
-5
-5
-3
-14
2
-5
0
2
-2
5
1
1
1
2
-1
-1
-1
-4
-4
0
-2
0
-2
-2
-2
1
1
-1
4
-2
1
-3
6
-3
-3
6
2
5
4
8
-1
3
4
-4
-2
-3
-3
0
-6
3
-5
6
5
0
7
-1
3
-1
6
4
1
0
2
-2
2
4
1
-3
-2
-5
-5
1
3
4
-2
-1
-1
-2
0
1
-4
-1
-4
-5
-7
-1
4
-2
3
-2
-5
-8
-4
-1
-2
0
-1
-2
2
5
1
-2
-2
-6
-5
4
1
4
-1
2
-6
-3
3
2
1
-4
-1
-7
2
5
4
5
3
5
-6
7
4
1
6
-3
0
1
6
3
6
4
6
1
4
7
4
3
2
1
-1
3
-1
1
3
1
0
-5
1
-3
-1
1
-7
-1
-7
0
-4
-6
-4
-4
-7
-3
-2
-2
-4
-8
-4
-6
3
-4
-1
-1
-3
-3
-2
-4
0
-3
-3
4
-3
4
-2
2
-3
1
2
-1
2
-3
2
2
1
3
2
3
-3
0
-1
1
6
3
8
-2
3
3
0
5
0
3
0
0
3
-2
3
0
-1
7
1
3
1
2
2
0
3
5
2
1
2
-1
1
1
1
-3
-2
-1
-7
1
-8
-6
-5
-5
-3
-8
-3
-9
-6
1
1
2
-3
-1
-2
0
3
-1
1
-2
-4
2
4
10
6
4
4
0
