1
1
2
1
0
0
0
-1
-2
-3
-3
-3
-3
-3
-4
-3
-3
-4
-3
-3
-3
-3
-3
-3
-2
-3
-3
-3
-1
0
0
0
1
1
2
1
0
2
2
1
1
1
3
3
2
3
2
2
1
1
-1
1
0
1
1
0
1
0
1
2
1
2
2
2
2
2
0
1
0
1
0
0
1
-1
0
1
-2
-1
0
-1
1
1
-1
0
1
0
0
1
0
0
-1
-2
-1
-3
-2
-2
-2
-2
-2
-3
-3
-2
-1
-2
0
-1
-1
0
-1
0
0
0
1
0
0
0
1
1
1
1
1
1
0
0
1
0
1
1
1
-1
0
0
-1
0
-1
-1
-1
-1
-1
-1
-1
-1
0
0
-2
-1
0
1
0
-1
2
0
1
-1
-1
-1
0
0
-1
-1
0
1
1
1
1
1
1
1
2
2
1
2
2
2
1
1
1
1
-1
0
2
-1
1
0
0
0
0
0
0
1
0
-1
-2
-1
0
-2
0
-1
-1
-1
0
0
-1
0
0
1
1
0
-1
0
0
-1
-3
-4
-3
-4
-4
-2
-2
-1
1
1
1
1
1
2
2
1
2
1
1
2
2
0
1
0
-1
0
1
0
2
1
0
0
-1
-2
-2
0
-1
-1
-1
0
-1
0
0
0
1
0
1
1
2
1
2
1
0
-1
0
1
0
-1
2
1
1
3
1
2
1
0
0
-1
-1
-2
-2
-2
1
0
0
0
-1
1
1
0
1
2
1
1
-1
-2
-1
0
1
-1
0
-1
-1
0
1
1
0
2
0
-1
-1
-2
-2
-3
-3
-2
-2
-1
0
-1
-1
0
0
0
-1
0
2
0
1
-1
0
0
0
1
1
0
1
0
0
2
2
2
2
2
3
2
1
2
3
2
2
2
1
0
0
-1
-1
0
0
-1
0
-1
-1
-1
-2
0
-1
-1
-2
-2
-2
-1
-2
-2
-1
-1
-1
-2
-2
-2
-2
-3
-2
-3
-3
-2
-1
-1
1
1
1
1
2
2
3
3
5
3
3
3
3
4
1
1
1
0
0
-1
1
0
-1
0
0
0
-1
-1
0
-1
-1
-1
0
0
-1
1
0
0
0
1
0
1
0
1
2
0
-1
1
0
0
0
1
0
0
0
0
-1
-2
-1
-3
-2
-3
-1
-2
-2
-2
-1
0
0
-2
0
0
0
2
2
2
1
1
0
0
-1
-1
-1
-2
-1
-1
0
0
0
1
-1
0
-1
-1
-2
-2
0
-1
0
-1
-1
-1
0
1
2
2
2
1
1
1
2
1
2
2
1
0
1
2
0
2
2
2
1
3
2
2
2
1
2
1
1
0
1
0
-1
-2
-1
-1
1
1
-1
-1
-1
-3
-2
-1
-3
-3
-3
-3
-2
-1
-3
-2
-2
-2
-1
-2
-2
-3
-1
-2
-2
-1
-2
0
0
1
2
1
0
-2
-1
1
1
2
1
3
3
3
4
5
4
2
4
2
4
4
1
0
2
2
1
1
0
0
0
0
0
-1
-1
-1
-1
-1
-3
-2
-2
-1
-1
-1
0
0
0
0
-2
-1
-1
-1
-1
-2
-2
-1
-2
-2
0
-1
-1
0
1
1
3
1
2
1
0
1
0
0
-1
0
0
0
0
0
0
-1
-1
1
1
1
2
0
1
0
0
1
1
0
1
1
1
0
1
1
2
0
2
2
1
1
0
-1
-2
0
-1
-2
-2
-3
-3
-2
-1
-1
0
-1
-1
-2
-2
-3
-2
0
1
1
2
3
0
1
2
1
1
1
3
2
2
1
0
0
0
0
1
1
-1
-1
-3
-1
-1
-2
-3
-2
-2
-2
0
0
-1
-1
0
0
0
1
0
-1
1
-1
0
1
1
1
2
3
1
1
1
1
1
1
0
1
0
0
1
2
0
1
1
0
2
2
1
0
-1
0
-1
-1
-3
-3
-3
-2
-2
-1
-1
-1
-1
-1
0
-1
0
1
1
0
1
0
1
1
2
1
1
1
-1
-1
1
0
0
-1
0
-1
-1
-2
-2
-1
-3
-1
-1
-1
-1
1
0
0
1
2
1
0
0
1
1
0
2
1
2
3
3
2
2
2
0
0
0
0
0
-1
-1
-1
-1
-2
-1
-1
-1
1
1
0
-1
1
0
0
-1
1
1
2
2
2
0
1
1
0
0
-1
-1
0
1
1
3
0
2
2
1
2
2
0
2
2
1
-1
0
0
-2
-3
-2
-3
-3
-3
-3
-3
0
-1
0
0
0
0
-1
-1
0
-1
-1
1
0
1
2
1
1
0
0
1
0
1
1
0
0
-1
-1
-1
0
-1
-3
-2
-2
-2
-1
-2
-1
0
-1
0
0
-2
-2
-2
-1
0
0
3
0
1
1
1
3
1
1
1
0
1
1
1
3
2
2
1
2
2
1
1
1
1
2
3
2
4
3
3
4
2
1
1
0
0
1
-1
-1
-1
-1
-1
0
0
-1
1
-1
-2
-1
-1
-2
-2
-1
0
-2
-3
-3
-2
-2
-2
-3
-2
-2
-2
-3
-1
-2
-2
-2
-2
-3
-3
-1
-1
-2
-1
-1
-1
0
0
1
0
1
0
0
1
1
3
3
2
1
1
0
1
2
2
2
2
1
2
3
3
2
1
2
3
2
3
2
3
2
1
1
1
2
2
2
2
1
1
1
0
1
1
-1
0
0
0
-1
-3
-1
-2
-2
-2
-2
-1
-2
-1
0
-2
-1
-2
-2
-3
-2
-2
-3
-4
-3
-4
-3
-3
-2
-2
-1
-1
-1
0
-1
0
-1
0
1
2
1
0
2
1
1
1
2
2
3
1
1
2
2
4
4
3
2
0
0
0
0
1
1
0
0
0
1
0
2
1
0
1
1
1
2
3
0
1
0
1
1
0
0
-1
0
0
0
0
-1
-2
-2
-2
-1
1
-2
-1
-2
-1
-1
0
-3
-1
0
-1
-1
0
0
2
2
1
0
1
0
-2
-1
-1
-2
-1
0
-2
-1
0
-2
-1
-1
-1
-1
-1
-2
-1
-1
-1
-1
1
0
1
1
0
0
1
0
1
1
0
0
0
0
1
3
1
2
2
3
3
1
1
1
1
2
2
2
1
2
0
1
1
-1
-1
-1
0
0
1
1
-1
-2
-2
-2
-1
-2
-1
-1
-1
-2
-2
-1
-2
-1
-1
1
0
-1
-2
0
0
0
0
0
-1
-2
-2
-2
-1
-2
-1
-1
0
0
-1
0
0
1
1
0
1
1
2
2
2
3
2
2
1
2
2
1
1
0
1
0
1
1
0
0
1
-1
-2
0
0
0
-2
-1
-1
-1
-1
0
2
2
2
2
2
2
1
2
1
0
1
-1
-1
0
2
1
0
-1
0
-1
-2
-2
-4
-3
-2
-3
-3
-3
-4
-3
-4
-4
-4
-2
-1
-1
-1
0
0
-1
0
0
1
2
2
3
0
2
1
1
1
0
-1
-1
-1
0
-1
-1
0
-1
-1
1
1
1
2
2
0
2
1
2
2
2
3
2
2
1
1
2
1
1
2
2
1
1
1
2
1
1
1
1
0
1
-1
-1
1
0
-1
-3
-2
-2
-2
-4
-2
-3
-4
-3
-2
-2
0
-1
0
0
0
-1
0
-1
-1
0
-2
-1
0
-1
-1
0
-2
0
0
-2
0
-1
-1
0
0
0
1
0
1
0
1
1
0
1
2
2
2
0
1
0
1
0
1
1
1
2
2
2
1
2
1
1
1
0
-1
-1
-1
0
-1
0
-1
-1
0
0
-1
0
0
-1
-3
-1
-1
-1
0
1
0
1
3
2
2
1
0
-1
0
0
1
2
0
0
0
0
-2
-1
-2
-1
-3
-1
-1
-1
0
0
0
2
1
1
1
0
0
0
-1
-1
1
1
1
1
0
0
-1
-1
0
-2
-1
0
0
0
1
1
0
0
-1
-1
-1
-1
0
0
0
0
0
1
0
1
1
1
1
-1
-1
0
-1
0
0
0
0
1
1
-1
0
1
-1
0
-1
1
0
0
2
2
1
0
0
0
0
0
0
1
0
-1
1
2
2
0
1
-1
-1
0
0
0
0
0
0
0
0
0
0
-1
-1
0
-1
0
-1
2
0
-1
0
-1
0
-1
-1
-2
-2
-1
-1
0
-1
1
1
1
1
1
0
0
-1
0
0
0
0
-1
0
0
0
1
0
0
0
0
0
-2
-1
-1
-1
-1
-1
-1
-2
-1
-1
-1
0
0
0
0
1
1
2
1
1
2
0
-1
-1
-1
0
1
0
0
0
-1
0
-1
1
2
0
0
0
1
0
0
1
1
2
1
1
0
0
1
1
2
0
1
-1
-1
0
0
-1
0
0
1
-1
-3
-4
-3
-4
-3
-3
-2
-2
0
0
1
1
0
1
1
0
0
0
1
1
1
1
0
1
1
1
1
1
1
2
2
2
2
2
1
1
1
1
0
0
1
1
0
0
0
0
0
0
0
-1
0
1
0
-1
-1
-1
-1
-2
-2
-1
-2
-2
-1
-1
-1
0
0
0
0
-1
0
0
-1
0
-1
1
0
-1
0
-1
1
-1
0
1
0
0
1
1
1
1
1
-1
0
1
-2
1
0
0
1
1
1
1
1
0
1
1
0
0
1
0
-1
0
0
1
1
0
0
1
0
2
1
0
0
-1
0
1
0
1
1
0
0
0
0
-1
-1
0
-1
-1
0
-1
-1
1
0
1
2
2
0
-1
-2
-1
-1
-1
-1
0
1
-1
-1
-1
-1
-1
-1
-1
-2
0
0
-1
0
0
-2
-1
-1
-1
-1
-1
-2
-2
0
0
0
1
1
1
2
3
2
1
0
1
2
1
1
1
0
0
0
0
-1
-1
-1
0
1
0
1
0
-1
1
0
0
2
2
3
2
2
3
3
3
2
2
0
0
0
-1
-2
-3
-2
-2
-2
-1
-2
-3
-2
-1
-1
-2
-3
-2
-2
0
-1
-1
0
-3
-2
-2
-1
-1
-2
-1
-1
-1
-2
-1
-1
-1
1
0
1
2
1
2
1
1
2
3
2
2
2
2
2
3
2
1
3
1
3
1
0
0
0
-1
-1
-1
0
1
0
0
-1
0
1
0
0
0
-1
0
0
0
1
1
1
1
1
2
1
1
1
0
-1
0
0
0
-1
-1
-1
-3
-2
-3
-2
-3
-2
-2
-2
-2
-1
-1
0
0
0
0
0
0
0
0
-2
-1
-2
-2
-2
-2
-2
-2
-2
0
0
0
1
2
0
0
0
1
2
2
1
2
2
2
1
2
1
1
1
1
2
2
1
0
0
0
2
1
2
1
1
1
1
0
0
0
-1
0
-1
0
1
1
3
2
1
1
0
0
-2
-3
-1
-3
-1
-2
-3
-2
-2
-2
-3
-4
-2
-2
-2
-3
-3
-3
-1
-2
-1
-2
0
0
1
2
1
2
2
2
3
2
3
3
2
1
1
0
0
0
1
0
1
1
0
2
3
1
2
2
1
1
1
0
1
0
-1
0
-1
-1
-1
-1
-1
0
0
-1
-1
-2
-1
-3
-2
-2
-2
-1
-3
0
0
0
2
1
1
0
0
-1
-1
-1
-3
-3
-1
-3
-1
-1
-1
0
1
1
2
1
2
1
3
1
1
2
2
1
0
0
0
0
1
-1
-1
0
-1
-1
-2
-1
-1
-1
-1
-1
-1
-1
0
0
-1
0
0
-1
-1
0
0
-1
-1
-2
-1
0
0
0
1
3
2
3
2
2
2
1
1
0
-1
0
-2
0
2
0
1
1
0
0
-2
-1
-2
-2
-2
-1
-2
-1
0
-3
-1
-1
0
0
0
-1
1
0
-2
0
0
1
2
1
1
0
2
3
4
3
4
3
3
3
3
3
2
2
2
0
2
1
2
3
2
1
-1
0
0
0
-1
0
-2
-3
-2
-1
-1
-1
0
-1
-1
-1
-2
-3
-2
-2
-3
-3
-4
-5
-6
-6
-5
-5
-5
-4
-5
-5
-4
-5
-3
-4
-4
-4
-3
-3
-3
-4
-3
-2
-1
-1
-1
-1
0
0
0
0
0
2
2
3
2
4
3
3
4
6
7
7
9
10
12
13
17
18
18
18
19
19
18
19
18
19
15
13
11
9
9
6
3
1
-1
-4
-5
-6
-9
-10
-11
-12
-13
-15
-14
-16
-17
-17
-18
-20
-21
-22
-22
-23
-23
-23
-24
-23
-23
-22
-22
-21
-19
-19
-17
-15
-15
-12
-11
-8
-5
-2
0
0
3
5
7
8
9
9
9
10
10
12
12
14
14
16
17
21
22
26
33
42
50
51
47
43
43
44
45
43
38
33
30
28
26
21
15
9
5
3
0
-7
-12
-15
-16
-19
-23
-27
-29
-31
-31
-31
-33
-34
-34
-34
-34
-34
-34
-33
-30
-28
-25
-25
-27
-29
-30
-28
-29
-28
-28
-26
-26
-23
-21
-16
-13
-12
-7
-5
-1
0
0
1
3
7
9
11
12
14
17
19
20
22
23
25
26
27
27
26
25
24
22
19
20
18
18
17
16
15
14
15
17
20
28
37
43
42
37
35
34
34
33
31
27
20
18
17
13
9
2
-2
-4
-9
-12
-18
-22
-24
-24
-26
-27
-30
-33
-31
-31
-32
-34
-36
-38
-38
-38
-39
-40
-41
-40
-37
-36
-34
-31
-29
-26
-22
-21
-21
-20
-17
-16
-13
-13
-11
-7
-4
-1
1
3
5
5
9
10
12
15
17
18
19
20
23
24
25
26
26
27
28
26
27
26
25
25
26
24
23
20
19
17
14
11
9
7
3
3
3
2
3
6
13
23
31
34
29
25
23
23
23
23
18
13
10
7
6
3
0
-4
-6
-8
-11
-13
-19
-21
-22
-23
-23
-25
-27
-27
-26
-24
-26
-29
-31
-33
-32
-32
-33
-33
-34
-33
-30
-28
-24
-23
-20
-18
-19
-21
-24
-24
-22
-21
-17
-16
-17
-14
-9
-6
-2
2
1
4
6
8
13
14
17
20
23
26
26
25
26
27
29
31
31
29
29
30
30
27
27
25
23
21
19
16
10
5
4
2
1
3
5
7
16
24
32
38
38
33
29
27
28
27
23
18
13
11
9
8
6
-1
-7
-10
-12
-17
-22
-25
-27
-28
-27
-28
-32
-33
-32
-31
-29
-31
-34
-36
-36
-36
-36
-34
-34
-34
-31
-26
-21
-20
-20
-21
-21
-23
-24
-23
-22
-20
-18
-16
-14
-12
-9
-4
1
2
1
2
4
5
7
10
13
14
17
18
19
20
22
24
27
29
29
28
29
29
31
29
28
25
21
18
16
12
9
4
2
1
1
1
4
9
17
29
40
43
39
32
28
31
30
30
25
20
15
13
15
13
7
1
-4
-5
-6
-11
-16
-18
-19
-18
-18
-20
-24
-24
-21
-20
-18
-22
-26
-27
-27
-27
-27
-27
-29
-27
-25
-22
-22
-24
-27
-30
-33
-35
-33
-33
-34
-32
-31
-30
-27
-26
-24
-20
-17
-16
-15
-14
-12
-11
-6
-3
1
3
2
5
9
12
14
16
19
22
23
23
25
27
28
28
26
26
23
20
19
17
15
13
13
13
17
22
32
46
60
71
67
60
53
55
58
61
58
48
41
36
37
34
30
19
13
8
6
0
-9
-15
-18
-17
-21
-26
-33
-38
-39
-35
-33
-37
-43
-49
-51
-52
-50
-52
-53
-52
-48
-43
-44
-46
-50
-52
-56
-57
-56
-57
-57
-56
-51
-46
-41
-36
-30
-25
-21
-16
-15
-12
-8
-4
1
8
13
15
18
23
27
29
31
32
34
37
40
43
43
42
44
42
39
38
37
36
35
31
27
21
18
19
23
28
40
56
75
84
79
66
56
58
64
64
58
46
35
31
28
26
17
5
-4
-7
-10
-17
-27
-33
-36
-37
-36
-41
-47
-51
-48
-46
-45
-49
-53
-55
-54
-54
-54
-53
-55
-53
-50
-47
-47
-51
-54
-54
-50
-47
-48
-51
-54
-50
-44
-37
-31
-29
-26
-17
-10
-5
-3
-1
2
7
11
17
21
23
27
31
35
37
38
39
41
44
46
45
46
45
44
42
39
35
31
29
28
28
23
18
16
16
20
26
41
61
75
74
62
51
50
56
60
57
46
34
26
23
23
16
6
-4
-10
-12
-16
-23
-30
-36
-35
-35
-37
-42
-46
-44
-39
-37
-38
-46
-50
-51
-50
-48
-47
-47
-45
-44
-41
-41
-47
-52
-51
-46
-42
-44
-48
-52
-49
-45
-38
-34
-32
-27
-22
-15
-9
-8
-5
-1
4
7
8
8
14
19
27
32
32
31
31
36
40
41
43
44
44
43
42
39
34
30
29
26
23
22
20
19
18
22
31
48
70
78
72
59
52
56
61
64
59
48
38
33
31
27
15
1
-7
-11
-12
-19
-26
-31
-33
-31
-32
-37
-44
-48
-41
-35
-34
-39
-48
-52
-54
-50
-51
-48
-46
-45
-42
-41
-45
-50
-54
-53
-50
-49
-49
-51
-51
-45
-42
-35
-32
-28
-24
-19
-14
-10
-9
-6
1
9
11
13
14
18
23
28
33
32
34
36
39
41
41
42
41
40
37
35
31
27
25
24
23
21
18
15
13
20
34
52
71
79
72
59
52
58
65
68
60
49
38
36
34
29
17
1
-10
-14
-17
-24
-31
-36
-34
-30
-30
-35
-41
-42
-38
-31
-27
-29
-37
-42
-44
-42
-41
-40
-40
-40
-39
-41
-44
-48
-49
-46
-49
-52
-55
-56
-53
-45
-40
-38
-38
-35
-31
-22
-17
-16
-16
-13
-6
0
6
6
9
14
17
23
26
27
27
29
32
33
34
32
32
31
30
28
25
23
20
19
22
24
25
24
28
39
56
78
90
83
69
60
64
75
79
72
57
44
41
43
40
30
15
1
-5
-11
-19
-29
-34
-34
-31
-31
-33
-40
-45
-42
-33
-27
-29
-38
-43
-46
-45
-44
-44
-44
-43
-43
-41
-47
-51
-53
-51
-48
-49
-55
-61
-61
-55
-44
-39
-38
-38
-36
-29
-23
-21
-21
-18
-14
-8
-1
1
4
8
13
21
27
28
29
30
31
36
39
36
33
30
29
27
24
23
21
21
22
25
27
29
35
48
69
92
101
92
75
67
73
85
87
78
63
49
45
46
46
36
19
5
-3
-8
-19
-31
-39
-42
-39
-37
-42
-49
-53
-50
-42
-36
-41
-46
-51
-54
-51
-50
-49
-51
-50
-46
-43
-46
-53
-57
-54
-51
-50
-55
-59
-60
-57
-46
-36
-30
-32
-32
-29
-24
-21
-18
-18
-12
-2
5
8
9
11
17
25
32
35
34
34
38
41
43
42
37
31
27
27
25
22
18
17
18
21
22
26
37
57
85
101
99
81
69
72
83
92
87
73
57
50
51
52
46
29
12
1
-5
-13
-24
-35
-41
-40
-39
-42
-50
-56
-55
-49
-44
-42
-50
-55
-59
-58
-55
-53
-51
-51
-49
-43
-42
-46
-50
-52
-50
-49
-51
-58
-62
-59
-52
-43
-35
-30
-27
-27
-25
-21
-17
-17
-14
-6
0
8
10
10
14
18
25
30
34
36
38
40
41
41
36
29
23
20
19
22
21
18
14
15
20
29
44
63
88
104
102
85
72
73
86
96
94
79
62
52
49
50
46
31
14
1
-8
-16
-25
-35
-38
-38
-34
-38
-46
-52
-54
-46
-41
-40
-50
-58
-62
-60
-57
-52
-52
-55
-54
-49
-44
-46
-51
-55
-54
-55
-54
-55
-57
-59
-53
-44
-35
-29
-27
-23
-19
-15
-15
-15
-14
-8
2
9
14
14
13
17
23
31
33
33
34
37
41
42
39
32
27
21
19
18
14
14
12
13
14
19
30
52
81
105
106
89
71
69
84
97
96
84
65
53
51
55
53
39
20
6
-3
-11
-23
-34
-41
-41
-37
-36
-42
-51
-52
-47
-39
-36
-44
-55
-64
-67
-62
-57
-58
-57
-57
-50
-45
-44
-49
-53
-52
-50
-50
-51
-55
-59
-54
-45
-35
-30
-26
-23
-18
-14
-11
-14
-12
-8
-1
12
18
19
17
17
20
27
32
33
34
36
37
36
31
23
16
16
16
13
14
11
7
9
11
19
33
58
86
103
99
80
67
71
87
97
93
79
60
49
50
55
52
37
21
9
0
-9
-21
-32
-35
-31
-28
-33
-39
-61
-67
-49
-42
-40
-63
-98
-114
-121
-112
-107
-127
-130
-128
-121
-117
-142
-163
-160
-161
-154
-167
-202
-214
-222
-203
-176
-165
-137
-108
-87
-72
-73
-75
-76
-78
-64
-29
21
60
71
73
82
110
129
139
151
158
167
162
144
121
88
55
33
22
16
9
7
10
32
67
147
293
542
773
843
757
606
580
710
860
931
863
709
596
540
562
577
499
369
231
134
58
-53
-172
-253
-255
-222
-213
-276
-367
-399
-337
-248
-209
-247
-337
-445
-536
-571
-556
-533
-529
-522
-490
-466
-491
-544
-592
-615
-613
-599
-594
-613
-647
-647
-606
-553
-494
-420
-331
-256
-219
-212
-224
-236
-219
-159
-71
4
46
69
101
145
185
215
234
244
246
242
228
192
136
83
54
41
20
-16
-47
-42
14
112
247
460
774
1086
1222
1114
911
836
952
1151
1272
1218
1033
852
774
793
789
684
511
344
224
117
-26
-182
-285
-284
-216
-198
-301
-455
-513
-426
-287
-217
-254
-360
-483
-567
-587
-580
-593
-633
-644
-589
-531
-542
-612
-700
-757
-767
-753
-734
-759
-814
-837
-801
-729
-654
-592
-521
-451
-382
-320
-290
-296
-298
-252
-145
-32
37
64
98
167
255
323
343
321
284
239
177
89
10
-17
2
11
-43
-134
-190
-158
-51
125
405
828
1298
1580
1546
1312
1153
1240
1471
1653
1645
1443
1214
1099
1126
1165
1050
808
563
376
221
33
-180
-342
-380
-313
-259
-335
-545
-714
-682
-480
-275
-209
-292
-440
-575
-639
-638
-635
-651
-656
-605
-535
-540
-644
-783
-889
-921
-911
-915
-961
-1034
-1047
-988
-928
-887
-849
-792
-708
-619
-523
-453
-443
-445
-400
-302
-202
-133
-71
11
114
220
323
404
430
401
334
256
162
44
-67
-129
-130
-125
-167
-248
-319
-308
-152
239
875
1578
1977
1873
1501
1297
1486
1890
2170
2139
1842
1503
1350
1410
1479
1360
1099
879
737
532
198
-166
-395
-410
-264
-145
-254
-572
-825
-784
-533
-333
-307
-396
-532
-671
-745
-714
-669
-696
-738
-693
-607
-593
-659
-723
-751
-783
-834
-900
-996
-1089
-1100
-1009
-912
-894
-906
-866
-776
-695
-649
-622
-591
-542
-455
-329
-216
-162
-156
-126
-42
81
217
354
458
467
358
180
16
-81
-120
-134
-182
-281
-388
-436
-401
-276
14
552
1258
1803
1890
1571
1230
1213
1535
1936
2118
1981
1669
1440
1417
1459
1352
1093
865
761
668
435
80
-232
-346
-242
-96
-160
-508
-879
-951
-706
-409
-279
-321
-467
-647
-760
-755
-697
-673
-641
-541
-448
-491
-625
-693
-631
-522
-464
-521
-696
-897
-974
-865
-701
-640
-691
-741
-704
-614
-535
-526
-585
-631
-561
-362
-154
-60
-66
-76
-28
49
111
163
219
281
313
277
163
-3
-156
-247
-281
-323
-430
-560
-607
-499
-228
223
839
1441
1729
1581
1244
1080
1234
1567
1854
1918
1741
1484
1359
1364
1297
1055
776
617
519
321
9
-285
-435
-409
-276
-214
-396
-754
-980
-889
-646
-501
-493
-531
-587
-664
-696
-653
-601
-580
-512
-370
-270
-313
-417
-446
-377
-283
-233
-274
-411
-555
-577
-459
-321
-280
-329
-375
-363
-304
-253
-272
-369
-456
-431
-283
-112
-10
11
4
25
91
178
245
259
229
172
88
-23
-131
-191
-209
-263
-410
-598
-718
-698
-481
-5
695
1364
1640
1430
1024
785
843
1121
1430
1570
1432
1158
1032
1103
1121
882
511
243
101
-55
-269
-457
-520
-429
-243
-141
-322
-722
-1006
-943
-671
-471
-437
-491
-570
-641
-635
-522
-396
-345
-333
-308
-304
-350
-389
-341
-222
-99
-5
17
-45
-137
-167
-113
-58
-58
-73
-66
-40
-8
41
70
4
-156
-266
-179
70
275
236
-10
-209
-134
154
365
293
25
-236
-394
-510
-630
-706
-698
-666
-702
-777
-664
-84
985
2110
2668
2411
1680
991
507
115
-75
247
999
1516
1273
553
69
79
212
70
-312
-675
-825
-700
-362
0
176
136
21
-138
-432
-780
-900
-657
-291
-87
-76
-209
-556
-1090
-1483
-1427
-1034
-636
-346
-69
169
221
71
-120
-211
-165
42
354
575
542
355
271
327
304
70
-242
-425
-420
-285
-105
22
33
-15
-1
82
109
45
23
140
324
422
395
303
139
-168
-589
-953
-1121
-1158
-1204
-1300
-1330
-1035
-56
1759
3800
4883
4420
3154
2210
1656
788
-325
-619
402
1677
1769
548
-909
-1678
-1761
-1698
-1818
-1999
-1851
-1163
-250
346
421
222
1
-286
-673
-937
-833
-376
153
474
410
-150
-1180
-2403
-3249
-3212
-2373
-1324
-568
-74
371
594
317
-266
-566
-202
605
1411
1958
2198
2162
1824
1194
409
-262
-553
-457
-196
54
293
540
621
379
-11
-211
-78
234
540
816
1046
1112
894
414
-175
-737
-1193
-1462
-1530
-1512
-1529
-1589
-1632
-1395
-340
1839
4288
5349
4499
3090
2503
2275
1143
-532
-1083
-13
1208
1016
-439
-1868
-2413
-2240
-2068
-2221
-2303
-1849
-943
-149
257
453
452
176
-260
-569
-624
-620
-520
-158
245
273
-377
-1541
-2734
-3450
-3214
-2223
-1171
-433
76
515
583
67
-566
-754
-311
544
1450
2096
2234
1973
1574
1045
351
-348
-666
-446
15
394
584
719
883
872
562
146
35
439
1041
1452
1564
1460
1159
541
-338
-1129
-1505
-1446
-1305
-1400
-1646
-1780
-1398
69
2786
5545
6365
4959
3280
2724
2282
642
-1159
-1177
430
1615
1008
-715
-2084
-2477
-2345
-2446
-2787
-2756
-2091
-1108
-281
264
546
367
-191
-761
-1084
-1237
-1414
-1350
-817
-175
-44
-867
-2310
-3546
-3947
-3393
-2417
-1413
-367
628
1272
1122
319
-402
-654
-397
197
986
1811
2171
1956
1473
895
243
-572
-1131
-882
-48
740
1007
989
1138
1296
1183
760
338
391
951
1686
2059
1838
1336
745
30
-828
-1583
-1876
-1794
-1703
-1789
-1726
-701
1727
4846
6859
6587
4986
3710
2781
1053
-1159
-1891
-575
1032
1299
395
-648
-1461
-2130
-2613
-2829
-2598
-1912
-1077
-356
251
791
899
258
-726
-1488
-1909
-2094
-1961
-1400
-722
-410
-771
-1905
-3424
-4490
-4485
-3607
-2474
-1269
134
1441
1933
1311
256
-352
-459
-503
-439
176
1119
1549
1175
536
75
-317
-729
-892
-534
253
1096
1635
1725
1571
1475
1395
1071
543
335
771
1469
1840
1745
1423
995
339
-571
-1454
-1976
-2062
-1942
-1852
-1466
98
3234
6615
7930
6692
4937
4134
2989
96
-2780
-2902
-702
1051
1042
264
-318
-873
-1738
-2719
-3231
-2824
-1706
-537
339
1081
1615
1414
366
-945
-2001
-2691
-2924
-2543
-1681
-790
-299
-613
-1957
-3748
-4866
-4712
-3718
-2566
-1263
396
1946
2418
1499
195
-477
-707
-1023
-1166
-539
552
1209
1171
753
218
-382
-923
-1118
-862
-179
794
1672
2085
1954
1629
1404
1126
701
409
567
1098
1581
1748
1549
1098
533
-191
-1046
-1863
-2421
-2567
-2259
-1083
1519
5185
8115
8444
6688
5030
3933
1816
-1570
-3669
-2783
-607
621
714
579
339
-474
-1721
-2875
-3361
-2795
-1488
-75
1026
1829
2273
1848
461
-1344
-2844
-3484
-3246
-2452
-1539
-795
-381
-851
-2399
-4112
-4855
-4404
-3500
-2536
-1164
580
2004
2299
1503
497
-247
-830
-1274
-1271
-661
70
591
928
912
435
-293
-767
-789
-568
-89
670
1453
1906
1867
1620
1372
1044
638
354
446
806
1165
1438
1444
1069
453
-200
-872
-1753
-2687
-3174
-2820
-1255
1770
5716
8745
9107
7437
5684
4056
1233
-2433
-4297
-3234
-1161
105
681
1077
910
-123
-1498
-2617
-3081
-2612
-1449
-150
1022
2134
2898
2544
854
-1419
-3170
-3709
-3174
-2235
-1389
-647
-66
-340
-1877
-3812
-4874
-4676
-3776
-2604
-1078
701
2069
2349
1631
553
-456
-1237
-1680
-1641
-1105
-251
650
1260
1243
525
-428
-962
-980
-754
-371
244
995
1537
1662
1452
1070
637
265
169
393
738
1144
1561
1671
1265
583
-68
-799
-1808
-2775
-3206
-2876
-1421
1667
5850
8961
9271
7662
6027
4338
1275
-2551
-4439
-3400
-1340
42
875
1451
1196
-55
-1517
-2545
-2931
-2596
-1636
-362
944
2218
3131
2931
1223
-1326
-3293
-3727
-3039
-2245
-1643
-802
204
305
-1180
-3402
-4858
-4850
-3883
-2636
-1224
380
1813
2434
1997
901
-352
-1413
-2018
-2019
-1444
-468
709
1667
1832
1129
140
-568
-984
-1270
-1207
-530
536
1437
1756
1486
908
337
-16
-101
48
426
995
1580
1849
1580
893
-34
-1162
-2384
-3328
-3635
-3166
-1479
2025
6622
9848
9869
7822
5917
4043
743
-3197
-4953
-3672
-1381
297
1388
1863
1233
-227
-1591
-2507
-3012
-2778
-1655
-146
1199
2330
3139
2897
1114
-1445
-3224
-3393
-2607
-1960
-1546
-695
474
679
-903
-3392
-5057
-4996
-3738
-2309
-1024
418
1922
2747
2382
1113
-417
-1654
-2251
-2161
-1600
-733
404
1519
1968
1470
566
-136
-677
-1214
-1370
-773
287
1179
1569
1479
1054
461
-106
-442
-455
-123
506
1162
1460
1235
632
-223
-1344
-2581
-3575
-3993
-3241
-457
4257
8751
10389
9134
7274
5688
2801
-1834
-5441
-5508
-3079
-556
1208
2258
2317
1403
127
-1273
-2749
-3559
-2968
-1310
496
2082
3384
3751
2489
-39
-2528
-3790
-3670
-2917
-2180
-1263
189
1315
680
-1677
-4089
-5025
-4433
-3216
-1972
-600
1093
2599
3077
2297
692
-995
-2098
-2366
-2036
-1460
-588
671
1835
2201
1631
711
-83
-722
-1104
-1024
-477
291
993
1426
1384
862
146
-437
-663
-499
2
713
1303
1447
1071
306
-703
-1878
-3055
-3941
-4260
-3484
-771
3918
8652
10686
9554
7461
5745
3032
-1605
-5688
-6206
-3682
-811
1057
2048
2220
1539
352
-1052
-2484
-3267
-2704
-1059
693
2124
3389
3996
2942
285
-2506
-3944
-3866
-3183
-2508
-1500
120
1420
979
-1286
-3835
-5011
-4474
-3150
-1870
-528
1228
2895
3463
2622
933
-844
-2084
-2380
-1843
-1012
-213
690
1634
2025
1492
421
-542
-1107
-1243
-981
-458
190
865
1389
1501
1114
439
-176
-539
-560
-181
507
1183
1399
983
71
-1074
-2252
-3377
-4281
-4660
-3817
-800
4180
8901
10703
9397
7339
5770
3172
-1480
-5776
-6496
-3940
-922
991
1898
2015
1411
392
-889
-2388
-3320
-2774
-980
954
2403
3584
4248
3325
620
-2382
-3959
-3965
-3461
-2891
-1768
68
1501
1086
-1139
-3638
-4823
-4346
-3125
-1915
-529
1324
3047
3588
2725
1050
-745
-2029
-2435
-2045
-1220
-146
1193
2429
2880
2284
1092
-89
-1035
-1648
-1746
-1280
-388
605
1291
1424
1010
320
-286
-577
-503
-115
552
1351
1819
1538
490
-935
-2320
-3620
-4788
-5438
-4778
-1794
3429
8758
11199
9972
7494
5656
3183
-1379
-5969
-6979
-4246
-787
1352
2176
2157
1476
346
-1089
-2770
-3850
-3254
-1256
818
2280
3537
4451
3702
923
-2239
-3854
-3743
-3128
-2579
-1618
47
1562
1370
-880
-3672
-5099
-4618
-3262
-1921
-477
1359
3171
3959
3217
1335
-819
-2262
-2519
-1899
-994
7
1292
2539
2956
2262
993
-150
-1004
-1626
-1792
-1306
-305
729
1336
1395
973
333
-208
-480
-418
-11
761
1645
2050
1616
447
-1043
-2496
-3860
-5067
-5727
-4849
-1356
4264
9392
11170
9551
7137
5213
2251
-2633
-6815
-7061
-3899
-449
1475
2117
2071
1516
504
-1042
-2841
-3743
-2838
-778
1074
2448
3804
4568
3324
78
-3127
-4456
-4067
-3263
-2509
-1283
489
1729
1083
-1406
-4076
-5203
-4530
-3108
-1707
-164
1736
3444
3992
3025
1010
-1154
-2535
-2714
-2000
-936
351
1926
3309
3680
2790
1288
-82
-1108
-1794
-1997
-1493
-399
779
1467
1423
879
218
-267
-471
-402
12
879
1898
2307
1691
327
-1199
-2634
-4092
-5444
-5983
-4341
216
6292
10651
10912
8445
6168
4263
505
-4945
-8062
-6391
-2273
863
2261
2728
2478
1514
56
-1821
-3542
-3902
-2460
-279
1443
2868
4270
4472
2274
-1339
-4063
-4742
-4049
-3131
-2132
-655
1162
2020
652
-2344
-4932
-5430
-4140
-2480
-1096
386
2234
3657
3711
2295
68
-2007
-3028
-2770
-1839
-755
605
2377
3807
3836
2402
620
-621
-1427
-1910
-1819
-1000
304
1473
1885
1501
800
182
-217
-401
-278
301
1343
2229
2222
1249
-231
-1733
-3300
-4905
-5961
-5075
-1105
4946
9987
11167
9067
6653
4871
1731
-3552
-7742
-7542
-3935
-272
1776
2542
2560
2013
873
-948
-2909
-3778
-2889
-970
955
2713
4229
4540
2662
-681
-3614
-4943
-4730
-3768
-2563
-1127
576
1760
1070
-1427
-4102
-5285
-4600
-2964
-1275
247
1758
3031
3423
2588
668
-1609
-3097
-3162
-2251
-1258
-236
1337
3170
4123
3405
1672
180
-682
-1169
-1496
-1402
-625
525
1338
1258
587
90
22
57
-15
194
1058
2092
2405
1645
308
-983
-2331
-4014
-5527
-5306
-1891
3920
8984
10459
8796
6756
5232
2421
-2434
-6652
-7085
-4179
-798
1404
2409
2609
2240
1320
-235
-2156
-3287
-2827
-1350
329
2118
3829
4249
2440
-657
-3256
-4555
-4773
-4231
-3049
-1479
189
1361
1018
-983
-3398
-4680
-4372
-3157
-1675
-100
1423
2512
2827
2286
907
-1063
-2709
-3064
-2263
-1231
-396
663
2123
3245
3126
1897
541
-315
-648
-762
-834
-645
10
837
1126
679
136
74
297
365
409
893
1687
1971
1286
65
-1095
-2199
-3514
-4723
-4319
-928
4518
8965
9825
7847
5825
4470
1941
-2356
-5748
-5764
-3270
-641
1117
2039
2095
1538
750
-314
-1613
-2436
-2093
-901
498
2133
3686
3793
1707
-1281
-3325
-4082
-4239
-3936
-2872
-1330
137
919
317
-1481
-3335
-4066
-3485
-2356
-1095
260
1468
2083
1890
1161
72
-1327
-2505
-2680
-1942
-1045
-386
238
1119
1978
2340
2110
1467
712
240
157
9
-415
-727
-562
-199
-174
-299
-96
348
681
857
1260
1836
1873
1136
50
-963
-1934
-3050
-4032
-3670
-701
4264
8497
9340
7280
5077
3728
1666
-1983
-5024
-5051
-2844
-521
1103
2044
2144
1503
652
-249
-1219
-1761
-1362
-373
713
2079
3453
3487
1347
-1703
-3606
-3928
-3610
-3153
-2305
-1073
143
716
-74
-1992
-3793
-4278
-3347
-1953
-678
519
1530
1886
1348
333
-710
-1735
-2491
-2366
-1448
-531
76
619
1138
1345
1127
835
715
525
278
421
777
656
-5
-643
-950
-1048
-948
-460
266
839
1237
1663
1982
1653
558
-666
-1528
-2236
-3173
-3630
-1854
2673
7664
9524
7537
4758
3340
2020
-925
-4079
-4535
-2368
-57
1188
1714
1672
1014
223
-357
-870
-1088
-625
243
989
1816
3026
3531
1876
-1284
-3708
-4215
-3506
-2749
-2098
-1187
-112
597
111
-1745
-3824
-4634
-3729
-2012
-488
700
1672
2107
1565
257
-1105
-2126
-2788
-2804
-1847
-426
544
837
869
857
747
692
809
926
907
925
1166
1203
543
-638
-1681
-2039
-1740
-1066
-248
503
1153
1664
1918
1781
1076
-81
-1252
-2108
-2638
-2974
-2467
241
5037
9141
9340
6051
2900
1480
-18
-2752
-4681
-3604
-776
1315
2124
2062
1312
246
-483
-758
-911
-693
159
1101
1770
2545
3317
2801
208
-3055
-4790
-4374
-2911
-1603
-615
272
967
907
-561
-2992
-4823
-4827
-3190
-1148
484
1717
2452
2169
744
-1045
-2339
-2977
-3116
-2574
-1249
273
1240
1437
1091
445
-155
-226
170
531
802
1258
1824
1823
875
-509
-1727
-2393
-2212
-1274
-103
784
1404
1897
1935
1220
26
-1098
-1965
-2721
-3153
-2318
753
5602
9584
9766
6358
2618
549
-1173
-3750
-5322
-3768
-256
2442
3366
3022
1619
-374
-1750
-1920
-1408
-706
228
1331
2346
3327
4068
3373
475
-3207
-5271
-4928
-3335
-1821
-627
498
1342
1199
-455
-3052
-5000
-5009
-3229
-925
962
2311
2998
2494
753
-1287
-2680
-3279
-3255
-2554
-1193
361
1443
1640
974
-177
-1062
-988
-200
484
936
1652
2544
2667
1471
-322
-1662
-2273
-2325
-1798
-692
564
1372
1588
1360
646
-527
-1765
-2577
-2931
-2872
-1314
2796
8145
11208
9600
5257
1781
-263
-2676
-5514
-6160
-3448
335
2870
3781
3314
1523
-806
-2160
-2010
-1003
228
1249
1951
2702
3658
4012
2357
-1205
-4425
-5566
-4751
-3097
-1528
-150
968
1560
1043
-1024
-3572
-4975
-4444
-2424
-97
1903
3255
3469
2169
-226
-2370
-3431
-3656
-3313
-2182
-330
1352
1997
1521
433
-778
-1571
-1486
-711
286
1293
2298
2934
2605
1356
-281
-1718
-2515
-2441
-1504
-139
1154
1859
1623
665
-555
-1687
-2666
-3378
-3487
-2484
500
5591
10646
12051
8612
3532
273
-1598
-4082
-6314
-5712
-2306
1340
3506
4091
3043
611
-1823
-2737
-1917
-274
1305
2184
2472
3084
4050
3739
763
-3339
-5512
-4992
-3280
-1794
-674
337
904
675
-677
-2854
-4573
-4727
-3158
-829
1390
3274
4164
3328
953
-1706
-3427
-4066
-3856
-2812
-1096
754
1984
2112
1182
-309
-1475
-1747
-1421
-880
18
1418
2737
2958
1981
653
-479
-1350
-2001
-2094
-1155
507
1996
2410
1485
-75
-1522
-2719
-3765
-4414
-3910
-1474
3127
8802
12596
11697
6890
1923
-903
-2773
-5054
-6162
-4376
-862
2102
3541
3452
1779
-834
-2724
-2813
-1420
534
2091
2771
3047
3683
4248
2889
-996
-4895
-6114
-4698
-2437
-651
438
791
482
-472
-2322
-4360
-5183
-4068
-1590
935
3004
4417
4408
2558
-329
-2669
-3876
-4315
-3856
-2305
-166
1611
2376
2101
904
-872
-2328
-2707
-2093
-980
438
2092
3278
3157
1945
481
-710
-1564
-1975
-1535
-223
1258
2090
1797
412
-1444
-3037
-4120
-4849
-4676
-1916
3887
10223
13219
11222
6569
2349
-794
-3538
-5575
-5524
-3278
-335
2111
3367
2958
936
-1543
-2810
-2385
-807
1067
2264
2742
3298
4154
4034
1600
-2151
-4779
-5119
-3936
-2419
-861
527
1036
355
-1374
-3554
-5014
-4871
-3239
-943
1438
3705
4937
3962
1218
-1299
-2368
-2804
-3478
-3528
-2003
279
1609
1396
439
-417
-1007
-1405
-1564
-1371
-653
518
1567
1884
1546
1018
330
-610
-1308
-1103
-99
952
1560
1680
1259
179
-1350
-2901
-4268
-5106
-4302
-544
5738
11261
12296
8798
4324
1382
-722
-3087
-4658
-3941
-1570
796
2308
2520
1153
-1040
-2392
-2130
-855
788
2172
2648
2478
2674
3324
2726
-197
-3603
-4879
-3754
-1970
-769
-17
354
-44
-1289
-3066
-4634
-5186
-4267
-2042
623
2961
4421
4343
2576
-4
-1988
-2753
-2873
-2698
-1886
-427
961
1366
642
-624
-1864
-2533
-2313
-1370
-128
878
1366
1398
1104
675
195
-350
-742
-660
21
992
1664
1716
1203
362
-682
-1990
-3327
-4242
-4223
-2313
2256
8287
12090
10784
5939
1516
-712
-1973
-3240
-3469
-1969
287
2004
2487
1509
-607
-2500
-2698
-1160
994
2626
3173
2898
2663
2857
2522
461
-2682
-4736
-4557
-2931
-1124
332
1162
819
-740
-2867
-4732
-5703
-5387
-3669
-1000
1904
4204
4897
3563
1050
-963
-1813
-2254
-2670
-2357
-863
795
1323
636
-470
-1331
-1970
-2439
-2400
-1554
-95
1207
1587
1014
331
159
11
-645
-1212
-675
761
1776
1794
1380
909
-80
-1818
-3464
-4250
-3920
-1789
2751
8337
11520
10174
6014
2125
-388
-2207
-3464
-3335
-1722
481
2254
2675
1412
-799
-2458
-2524
-1211
830
2798
3722
3496
3040
3069
2783
860
-2237
-4603
-4887
-3417
-1615
-435
51
37
-498
-1921
-3897
-5216
-5072
-3581
-1459
878
3026
3932
3066
1180
-416
-1178
-1553
-1717
-1428
-779
-161
70
-239
-1039
-1926
-2102
-1251
-32
674
633
190
-225
-419
-443
-449
-529
-484
-204
75
215
291
501
824
911
479
-600
-2043
-3242
-3706
-2665
823
6342
11037
11389
7371
2633
33
-790
-1530
-2276
-2083
-912
609
1539
1080
-626
-2211
-2122
-440
1559
3021
3549
3142
2421
2251
2570
2066
81
-2315
-3704
-3622
-2551
-1398
-936
-1407
-2138
-2435
-2759
-3518
-4049
-3404
-1686
21
1386
2395
2444
1342
-8
-403
-119
-217
-606
-644
-263
-137
-652
-1490
-2351
-2794
-2421
-1407
-362
237
498
496
133
-318
-439
-195
9
28
107
300
327
80
-162
-340
-687
-1489
-2602
-3435
-3122
-431
4561
9487
11045
8366
4209
1321
-28
-845
-1240
-640
516
1417
1592
633
-1441
-3575
-4009
-2214
636
3208
4699
4784
3705
2448
1823
1399
335
-1170
-2020
-1653
-596
57
-421
-1818
-3384
-4455
-4992
-5044
-4290
-2744
-933
512
1450
1897
1425
58
-1259
-1409
-299
1048
1834
1856
1149
-92
-1464
-2485
-3140
-3495
-3128
-1710
208
1421
1336
382
-696
-1346
-1362
-830
-130
363
628
693
511
83
-323
-471
-611
-1051
-1788
-2566
-3127
-2799
-276
4605
9337
10443
7379
3223
909
457
373
165
287
839
1367
1281
46
-2192
-4128
-4254
-2372
421
2956
4395
4304
3190
2394
2565
2656
1461
-524
-1782
-1511
-305
579
323
-1198
-3215
-4752
-5530
-5586
-4985
-3575
-1516
458
1889
2398
1719
186
-1275
-1546
-635
546
1465
1886
1653
696
-631
-1726
-2662
-3559
-3837
-2925
-1157
335
923
853
448
-92
-522
-606
-379
-127
83
328
464
361
127
-181
-765
-1769
-2853
-3608
-3695
-2181
1710
6814
9899
8761
4955
1762
659
701
690
712
1031
1519
1850
1318
-483
-2923
-4283
-3331
-935
1418
2956
3434
2991
2008
1353
1425
1481
1013
199
-301
71
819
982
-14
-1726
-3005
-3768
-4496
-4984
-4731
-3543
-2088
-836
372
1162
1176
495
-287
-396
125
966
1584
1369
522
-396
-835
-952
-1379
-2031
-2395
-2115
-1395
-788
-401
-192
-52
128
327
493
314
-245
-804
-1038
-829
-311
445
1069
788
-574
-2408
-3808
-4301
-3382
-145
4941
9078
9287
5833
2064
425
562
1069
1399
1678
1839
1827
1433
122
-2034
-3745
-3565
-1575
791
2407
2963
2569
1711
1101
1111
1185
648
-182
-458
288
1513
2050
1235
-648
-2548
-3818
-4579
-4838
-4516
-3583
-2388
-1345
-392
295
398
-53
-486
-113
870
1694
1876
1320
485
-231
-648
-887
-1324
-1859
-2167
-2105
-1791
-1570
-1458
-1193
-698
-41
634
1256
1599
1228
268
-594
-870
-586
-168
47
-225
-1206
-2509
-3419
-3234
-1286
2496
6640
8340
6348
2723
365
196
1166
2197
2761
2582
1990
1439
609
-1043
-2879
-3281
-1795
356
1935
2559
2269
1270
297
179
810
1262
903
-11
-636
-277
752
1239
395
-1203
-2399
-2972
-3412
-3795
-3761
-3165
-2342
-1547
-773
-179
-27
-338
-596
-191
846
1894
2215
1521
226
-926
-1411
-1318
-1127
-1121
-1235
-1265
-1175
-1062
-982
-965
-964
-825
-334
489
1244
1452
978
251
-128
-1
283
133
-766
-2142
-3355
-3754
-2871
-299
3765
7500
8316
5601
1731
-453
-379
765
2023
2979
3249
2731
1696
284
-1524
-3092
-3224
-1621
665
2275
2553
1725
539
-139
141
997
1533
1119
-15
-901
-745
112
548
-10
-1041
-1814
-2349
-2905
-3361
-3487
-3198
-2499
-1436
-368
137
-44
-534
-799
-515
288
1315
1994
1898
1121
144
-618
-1233
-1927
-2519
-2591
-1985
-1127
-504
-207
-188
-387
-645
-643
-204
372
807
1067
1118
944
685
559
281
-750
-2386
-3745
-4020
-2856
-105
3867
7215
7576
4715
1148
-467
195
1762
3024
3394
2821
1830
933
9
-1176
-2026
-1640
-127
1489
2204
1610
134
-1135
-1159
72
1619
2475
2085
606
-995
-1585
-1019
-261
-12
-184
-626
-1456
-2564
-3463
-3940
-4030
-3603
-2458
-895
288
502
-29
-567
-512
137
989
1620
1742
1335
607
-143
-878
-1681
-2391
-2618
-2238
-1588
-1060
-743
-597
-551
-454
-153
319
755
1032
1017
703
387
498
939
985
117
-1329
-2624
-3358
-3298
-1835
1406
5201
7079
5673
2466
222
304
1910
3499
4058
3422
2115
776
-371
-1313
-1721
-1224
-56
1093
1667
1399
302
-1114
-1807
-1115
583
2139
2529
1556
-58
-1155
-1132
-398
220
238
-346
-1294
-2369
-3320
-3894
-3863
-3230
-2330
-1455
-744
-447
-712
-1103
-849
213
1438
2217
2363
1833
704
-554
-1397
-1716
-1708
-1460
-1053
-830
-1080
-1673
-2199
-2300
-1756
-635
574
1333
1596
1532
1159
628
433
817
1152
617
-737
-2129
-2967
-3155
-2412
-160
3349
6300
6520
3859
671
-562
636
2877
4464
4508
3170
1392
-51
-1071
-1674
-1511
-412
1017
1881
1778
806
-572
-1594
-1597
-519
985
1931
1682
406
-899
-1246
-574
393
822
386
-727
-2130
-3354
-4026
-3910
-3079
-2044
-1301
-1050
-1216
-1596
-1868
-1511
-358
1157
2450
3120
2922
1751
13
-1450
-2099
-1967
-1356
-624
-219
-494
-1360
-2344
-2893
-2603
-1476
-66
959
1363
1311
1009
687
721
1249
1729
1405
107
-1562
-2822
-3303
-2931
-1491
1304
4770
6802
5632
2112
-757
-877
1267
3767
5102
4709
2911
725
-920
-1656
-1472
-511
741
1512
1472
796
-274
-1404
-1970
-1367
186
1681
2153
1309
-249
-1444
-1451
-358
894
1366
686
-935
-2825
-4053
-4032
-3077
-2037
-1479
-1420
-1704
-2104
-2223
-1760
-722
500
1546
2243
2456
2132
1203
-66
-1057
-1266
-678
-21
-3
-759
-1943
-2966
-3339
-2683
-1157
331
941
656
102
-194
-93
461
1424
2262
2334
1375
-327
-2025
-3141
-3354
-2573
-613
2642
5876
6774
4277
361
-1554
-278
2674
5082
5652
4250
1643
-697
-1843
-1773
-766
689
1770
1703
653
-659
-1748
-2192
-1631
-136
1481
2295
1931
548
-1104
-1967
-1446
60
1471
1879
852
-1344
-3621
-4646
-3934
-2330
-1088
-850
-1429
-2201
-2531
-2111
-1216
-322
424
1184
1877
2022
1350
215
-702
-891
-350
471
896
435
-869
-2473
-3528
-3350
-1943
-153
953
934
119
-756
-1045
-449
886
2296
2946
2336
716
-1093
-2374
-2834
-2537
-1615
-76
2118
4511
5588
4002
633
-1552
-461
2978
6123
6943
5006
1415
-1712
-2702
-1690
22
1456
2175
1731
-8
-2132
-3300
-2909
-1357
524
1989
2481
1792
211
-1488
-2327
-1702
93
1917
2517
1315
-1211
-3731
-4841
-4067
-2228
-704
-384
-1159
-2220
-2718
-2336
-1358
-290
514
979
1228
1294
965
182
-498
-424
302
921
903
255
-818
-1982
-2647
-2336
-1221
-18
563
283
-572
-1313
-1225
-75
1579
2693
2551
1296
-344
-1645
-2208
-1976
-1238
-492
121
1093
2791
4287
3951
1676
-345
62
2697
5432
6223
4323
738
-2153
-2504
-769
1188
2263
2324
1243
-855
-2849
-3460
-2495
-731
974
1955
1847
842
-484
-1596
-2014
-1264
510
2158
2413
988
-1347
-3491
-4471
-3787
-1967
-336
41
-798
-2006
-2732
-2496
-1410
-87
717
696
319
220
416
409
79
-69
219
609
642
193
-586
-1346
-1587
-1161
-446
59
115
-243
-813
-1163
-867
91
1228
1821
1501
549
-380
-894
-1037
-933
-706
-581
-697
-701
183
2200
4265
4585
2726
590
448
2346
4256
4424
2754
377
-1211
-1110
224
1436
1661
1033
-57
-1293
-2176
-2178
-1250
82
1087
1207
485
-466
-1115
-1321
-980
44
1293
1775
1046
-459
-2102
-3408
-3807
-2898
-1205
117
277
-716
-2124
-2899
-2356
-893
368
760
485
94
-142
-273
-365
-332
-32
416
663
519
88
-408
-807
-938
-651
-20
552
583
23
-653
-910
-653
-105
513
964
973
490
-146
-554
-688
-710
-724
-677
-549
-316
339
1835
3797
4698
3412
969
-306
588
2492
3720
3472
1890
-77
-1094
-633
463
1141
1181
728
-205
-1270
-1768
-1480
-825
-176
295
330
-128
-690
-921
-719
-185
427
664
252
-619
-1596
-2412
-2687
-2056
-772
241
166
-918
-2124
-2541
-1913
-642
565
1023
449
-619
-1211
-948
-290
223
470
431
33
-480
-659
-404
-26
240
432
540
399
0
-394
-528
-411
-133
304
769
915
536
-119
-614
-758
-630
-370
-113
-9
-96
-252
-201
491
2086
3879
4237
2382
-176
-1010
550
2926
4107
3263
1066
-839
-1129
-45
1136
1649
1529
778
-546
-1765
-2102
-1540
-568
421
967
568
-634
-1747
-2019
-1417
-382
477
577
-202
-1286
-1933
-1881
-1337
-622
-62
25
-477
-1282
-1825
-1679
-939
-93
369
256
-276
-796
-887
-584
-294
-272
-410
-505
-486
-308
59
494
781
788
529
121
-215
-230
114
540
751
675
436
109
-323
-734
-803
-325
407
776
528
-3
-372
-469
-422
-269
189
1204
2590
3302
2274
40
-1282
-261
2167
3843
3612
1929
51
-876
-478
683
1656
1880
1255
-27
-1352
-1884
-1356
-310
511
680
57
-1110
-2081
-2206
-1573
-750
-135
75
-232
-828
-1181
-1033
-654
-316
-61
11
-284
-818
-1136
-985
-543
-112
128
79
-346
-1040
-1608
-1665
-1193
-551
-102
17
-170
-505
-633
-271
415
913
915
588
301
315
673
1092
1110
534
-287
-819
-818
-374
251
741
831
507
17
-312
-350
-242
-205
-315
-484
-442
181
1339
2100
1485
-6
-528
901
3070
3983
2979
1037
-386
-453
661
1998
2600
2137
881
-583
-1533
-1469
-614
230
427
-124
-1207
-2391
-3019
-2621
-1392
-11
878
888
82
-913
-1311
-963
-372
28
238
327
179
-259
-797
-1133
-1091
-714
-313
-333
-949
-1737
-1988
-1453
-623
-170
-285
-660
-860
-617
30
752
1178
1193
969
730
574
487
426
391
390
341
127
-192
-379
-280
33
394
644
602
224
-237
-472
-495
-548
-742
-958
-925
-299
970
2092
1928
505
-598
-6
1790
3149
3182
2275
1248
734
966
1626
2063
1899
1219
278
-585
-1006
-966
-925
-1191
-1540
-1671
-1652
-1585
-1303
-745
-202
8
-151
-531
-816
-590
167
830
813
282
-209
-481
-705
-918
-991
-879
-662
-516
-678
-1246
-1884
-2026
-1504
-748
-303
-268
-347
-274
-4
416
876
1159
1068
634
146
-53
196
708
1047
880
265
-396
-676
-458
22
475
812
921
610
-51
-617
-751
-577
-402
-416
-677
-1065
-1199
-691
349
1177
1065
266
-5
1070
2747
3573
3088
2075
1442
1454
1857
2151
1878
973
-188
-1105
-1450
-1196
-715
-511
-709
-997
-1139
-1277
-1535
-1646
-1224
-290
647
1022
668
-39
-466
-336
-11
59
-138
-372
-608
-869
-1026
-1008
-1003
-1148
-1326
-1414
-1410
-1313
-1060
-694
-366
-149
-14
53
54
60
196
477
724
693
395
156
258
593
815
699
267
-243
-479
-242
288
737
862
663
306
11
-116
-128
-146
-293
-690
-1301
-1820
-1914
-1458
-455
935
2026
1854
448
-580
392
2932
4868
4681
2864
896
-221
-255
512
1377
1600
1010
30
-815
-1187
-1024
-648
-483
-547
-579
-579
-725
-924
-867
-446
140
517
382
-190
-697
-767
-558
-396
-368
-511
-916
-1415
-1581
-1253
-749
-454
-509
-857
-1261
-1366
-1017
-399
128
296
53
-400
-712
-655
-241
335
779
827
520
215
145
183
181
190
254
306
368
494
558
397
133
39
163
291
203
-136
-590
-959
-1091
-956
-685
-473
-402
-330
32
837
1746
1976
1203
351
712
2164
3133
2611
1302
451
444
919
1435
1610
1235
506
-104
-294
-58
336
437
8
-618
-942
-932
-833
-696
-501
-390
-445
-553
-736
-1103
-1418
-1277
-735
-305
-281
-498
-758
-995
-1094
-988
-797
-681
-616
-548
-549
-657
-756
-750
-701
-689
-694
-618
-386
-24
298
386
254
113
147
381
695
862
676
205
-184
-202
119
542
818
734
263
-326
-650
-539
-119
362
672
695
470
144
-121
-234
-226
-252
-379
-368
126
951
1340
811
11
108
1271
2395
2471
1694
973
874
1293
1767
1813
1318
642
207
84
133
257
263
-75
-612
-946
-1025
-1167
-1408
-1436
-1211
-1002
-867
-696
-602
-740
-912
-873
-732
-691
-669
-550
-460
-543
-694
-743
-703
-684
-726
-828
-985
-1072
-872
-395
10
65
-90
-121
61
288
409
371
206
11
-89
-37
127
307
381
279
50
-191
-310
-158
314
867
1141
1039
765
517
375
374
499
626
600
337
-146
-683
-1048
-1132
-982
-593
104
902
1230
745
4
105
1363
2731
2968
2040
996
685
1079
1656
1921
1625
855
-37
-645
-735
-392
-21
-64
-574
-1184
-1547
-1603
-1443
-1183
-981
-959
-1053
-1115
-1066
-902
-654
-426
-352
-393
-409
-423
-614
-982
-1214
-1014
-488
-19
133
39
-101
-205
-227
-135
-18
-48
-236
-366
-309
-148
-6
52
-15
-205
-342
-194
260
803
1163
1128
714
227
50
239
527
720
842
907
784
393
-60
-239
-47
269
389
227
-104
-471
-762
-912
-916
-804
-516
62
760
1024
572
26
392
1690
2722
2481
1310
358
273
848
1494
1665
1164
322
-287
-430
-305
-167
-196
-515
-974
-1223
-1223
-1300
-1535
-1593
-1297
-872
-575
-487
-652
-1001
-1216
-1021
-515
-16
322
433
208
-246
-521
-350
44
275
223
24
-204
-415
-565
-617
-592
-518
-404
-232
-32
128
225
263
231
156
146
297
536
674
611
413
208
88
100
198
259
260
358
636
907
943
739
444
203
93
92
79
-27
-198
-393
-614
-833
-926
-798
-470
-22
391
528
310
127
550
1494
2113
1787
888
272
298
701
1061
1103
762
202
-258
-402
-321
-297
-552
-1024
-1398
-1472
-1397
-1422
-1510
-1387
-968
-454
-93
-7
-138
-290
-258
-14
257
409
432
317
41
-331
-571
-512
-273
-89
-60
-86
-84
-89
-134
-173
-136
-4
156
288
378
418
365
179
-53
-153
-6
313
566
538
239
-71
-125
90
373
525
492
329
146
59
95
190
271
287
219
86
-92
-322
-588
-757
-709
-551
-503
-621
-780
-799
-517
36
466
382
64
266
1129
1851
1709
953
358
320
662
973
900
389
-221
-489
-328
-26
87
-143
-618
-1019
-1048
-785
-567
-534
-528
-424
-266
-112
-3
-2
-67
-28
118
145
-9
-108
-37
7
-116
-180
43
392
537
372
95
-78
-149
-197
-195
-70
78
19
-255
-460
-392
-151
53
167
253
323
323
203
-8
-194
-239
-97
144
320
312
153
-2
-54
-33
34
197
421
539
431
161
-142
-415
-619
-690
-598
-470
-499
-730
-1015
-1140
-951
-412
252
521
104
-492
-371
594
1463
1390
651
157
355
946
1408
1452
1052
439
-6
-54
181
344
165
-321
-770
-836
-558
-322
-395
-606
-678
-565
-377
-168
44
209
297
338
367
405
470
512
438
239
65
59
159
154
-67
-364
-512
-450
-291
-142
-71
-116
-267
-424
-476
-392
-205
23
132
14
-236
-380
-327
-202
-101
11
137
194
132
26
-22
-11
15
51
129
240
307
246
61
-138
-234
-241
-268
-370
-464
-504
-580
-774
-1005
-1116
-1023
-720
-235
260
438
202
-16
358
1289
2021
1922
1196
592
585
1008
1360
1305
848
294
1
54
177
40
-365
-733
-795
-532
-161
43
-23
-193
-201
31
332
504
478
323
172
133
195
259
279
244
112
-129
-327
-325
-184
-106
-190
-400
-664
-842
-806
-636
-577
-714
-868
-856
-671
-368
-83
-36
-293
-573
-517
-167
136
210
133
29
-54
-88
-74
-79
-114
-112
-61
-46
-123
-239
-299
-250
-148
-107
-156
-217
-251
-307
-374
-327
-141
16
12
-81
-129
-43
197
512
682
572
467
796
1503
1954
1651
877
393
567
1074
1358
1210
814
447
274
320
442
409
144
-161
-271
-136
87
175
22
-224
-293
-107
139
247
215
121
28
-36
-67
-98
-139
-188
-303
-545
-826
-966
-929
-857
-847
-869
-853
-792
-741
-753
-798
-764
-589
-361
-222
-223
-310
-373
-305
-110
78
116
-13
-202
-330
-355
-313
-270
-252
-234
-212
-212
-223
-183
-85
20
143
338
529
561
420
245
133
80
102
199
257
157
-77
-324
-478
-485
-307
29
420
708
743
573
521
883
1454
1680
1324
781
605
883
1263
1376
1134
734
444
381
427
400
247
72
-23
-28
-14
-55
-155
-263
-324
-334
-310
-256
-192
-196
-330
-528
-660
-660
-556
-435
-410
-562
-836
-1011
-940
-712
-539
-526
-585
-582
-505
-449
-461
-486
-458
-405
-382
-391
-403
-373
-275
-142
-65
-108
-223
-304
-283
-146
72
257
283
133
-46
-83
42
218
349
430
459
401
244
98
102
261
471
636
701
637
431
155
-70
-175
-206
-250
-344
-449
-483
-389
-164
101
255
266
350
766
1384
1685
1345
692
373
643
1140
1314
962
374
13
61
324
483
386
87
-259
-482
-495
-367
-250
-267
-427
-618
-680
-562
-372
-235
-170
-147
-180
-261
-331
-338
-341
-402
-498
-557
-535
-447
-383
-446
-627
-759
-704
-515
-349
-307
-377
-501
-566
-487
-313
-188
-176
-207
-217
-197
-139
-44
15
-15
-70
-31
132
321
412
353
209
121
166
301
424
473
455
414
398
422
453
462
439
394
363
369
374
292
59
-267
-551
-659
-546
-307
-110
-39
-30
-1
53
135
388
877
1340
1381
939
453
360
638
911
865
527
143
-56
12
205
290
161
-82
-282
-387
-427
-455
-489
-508
-478
-405
-350
-350
-346
-290
-214
-157
-121
-121
-175
-248
-246
-174
-129
-149
-211
-283
-373
-474
-543
-570
-572
-574
-587
-557
-435
-266
-176
-218
-263
-176
0
115
110
61
19
-7
-14
15
77
126
125
98
94
157
258
335
351
320
281
262
299
380
444
427
326
229
211
267
329
301
185
69
8
-20
-101
-256
-404
-470
-420
-250
-22
193
325
352
352
443
700
1037
1205
994
504
133
211
606
840
609
98
-260
-244
3
202
189
-28
-297
-442
-426
-351
-322
-342
-348
-330
-308
-281
-253
-227
-191
-137
-98
-130
-220
-271
-275
-318
-456
-600
-618
-521
-453
-548
-746
-855
-770
-578
-447
-432
-450
-415
-326
-237
-192
-181
-155
-66
63
122
41
-113
-195
-138
-13
89
144
158
130
77
50
79
143
207
264
315
347
361
390
441
499
567
667
766
771
657
515
434
427
432
398
321
176
-38
-250
-372
-358
-262
-153
-58
-36
-151
-332
-323
63
625
894
670
255
102
314
619
735
638
472
363
325
292
202
82
-3
-17
-6
-52
-183
-357
-488
-481
-351
-218
-195
-261
-297
-270
-249
-283
-337
-364
-397
-481
-581
-630
-622
-606
-619
-636
-640
-644
-640
-587
-482
-387
-357
-373
-379
-358
-319
-260
-160
-42
30
22
-30
-44
26
160
273
315
281
225
217
282
389
482
519
516
526
565
595
587
563
557
585
626
660
655
564
407
269
227
250
241
126
-75
-308
-514
-650
-677
-623
-551
-481
-378
-222
-78
-44
-72
34
354
733
907
757
454
261
293
492
701
782
669
405
134
-21
-14
71
108
36
-125
-295
-406
-444
-434
-401
-352
-326
-343
-387
-420
-414
-396
-397
-405
-420
-423
-402
-399
-447
-520
-550
-484
-389
-370
-424
-477
-457
-350
-210
-105
-76
-78
-49
16
73
104
140
181
211
219
230
262
293
296
273
234
200
182
195
249
314
347
311
223
166
191
261
307
300
256
220
207
213
210
183
144
105
69
30
-20
-64
-79
-59
-25
-4
-22
-71
-125
-172
-191
-158
-66
49
119
122
103
121
207
307
344
283
183
142
186
228
178
50
-57
-89
-79
-86
-127
-190
-248
-273
-256
-210
-179
-186
-211
-233
-240
-224
-178
-118
-85
-112
-177
-223
-214
-169
-133
-129
-153
-185
-204
-221
-242
-262
-265
-232
-181
-141
-102
-51
16
68
83
75
78
112
167
205
208
180
154
153
161
146
100
49
24
24
21
9
6
44
112
176
207
204
189
172
164
177
206
241
258
239
194
139
105
114
151
177
154
83
8
-37
-57
-86
-137
-197
-233
-233
-226
-214
-196
-170
-136
-99
-55
-8
18
15
0
1
27
55
64
52
32
20
22
42
60
71
80
86
76
32
-30
-71
-71
-49
-35
-42
-58
-63
-58
-54
-52
-51
-56
-68
-94
-118
-125
-108
-72
-39
-39
-61
-77
-71
-57
-53
-59
-64
-55
-31
-1
19
18
11
14
33
42
28
0
-14
-9
4
7
-4
-17
-27
-28
-16
6
23
34
40
54
67
73
82
107
148
176
174
150
116
93
86
97
108
105
88
61
36
16
-4
-21
-33
-45
-61
-84
-111
-139
-145
-130
-102
-79
-68
-65
-58
-42
-18
7
30
47
56
58
50
43
36
35
40
52
60
57
44
30
23
28
40
42
25
-4
-30
-36
-22
-3
6
-3
-19
-31
-32
-23
-18
-17
-25
-38
-52
-58
-57
-58
-64
-72
-79
-78
-78
-77
-71
-65
-58
-54
-51
-52
-49
-45
-39
-29
-23
-23
-31
-40
-37
-25
-13
-6
-4
-4
-4
-2
4
22
49
70
79
79
78
81
88
97
103
99
89
79
73
72
75
77
71
57
40
27
18
7
-8
-29
-45
-53
-50
-45
-48
-55
-59
-54
-36
-12
13
27
33
33
37
45
53
53
42
33
34
44
53
53
46
35
30
22
11
3
1
7
11
6
-6
-19
-22
-17
-11
-9
-12
-13
-18
-23
-27
-31
-39
-49
-57
-56
-58
-64
-78
-88
-91
-84
-79
-81
-89
-95
-93
-86
-73
-67
-58
-52
-45
-41
-42
-37
-31
-22
-14
-8
-1
8
15
20
23
28
32
34
37
42
51
60
68
72
68
62
58
58
68
76
85
91
92
88
77
73
70
62
49
35
24
10
0
-5
-9
-16
-29
-41
-43
-38
-30
-21
-9
4
10
11
13
15
18
24
35
45
49
42
34
31
32
38
47
49
42
24
7
-2
-2
-2
-3
-9
-19
-32
-38
-40
-37
-36
-40
-43
-52
-62
-72
-82
-92
-95
-94
-87
-85
-90
-93
-93
-86
-77
-71
-70
-74
-74
-69
-61
-54
-50
-43
-32
-23
-19
-11
-3
4
8
12
19
28
36
41
44
43
44
47
56
68
77
82
83
82
79
77
80
86
87
85
75
67
62
57
54
54
55
57
52
45
35
23
10
0
-6
-5
-4
-7
-15
-26
-32
-25
-10
8
19
23
20
16
15
17
24
32
31
25
16
12
10
5
3
1
1
-2
-7
-15
-23
-32
-36
-38
-36
-38
-42
-47
-54
-62
-70
-75
-75
-75
-79
-87
-90
-93
-93
-95
-94
-92
-90
-86
-83
-82
-82
-80
-74
-64
-57
-46
-40
-35
-29
-20
-7
3
10
17
24
30
33
36
37
38
44
55
69
79
78
77
77
85
102
116
129
131
125
117
115
122
133
142
144
138
123
112
106
106
108
102
86
64
41
23
9
-3
-14
-27
-41
-53
-59
-66
-68
-65
-59
-49
-41
-34
-28
-22
-16
-8
0
3
6
3
6
12
19
19
12
-1
-12
-19
-24
-26
-34
-47
-64
-81
-96
-104
-105
-106
-110
-121
-133
-147
-153
-156
-155
-153
-157
-166
-173
-170
-160
-145
-131
-122
-116
-109
-95
-76
-59
-46
-39
-34
-27
-19
-3
17
34
48
56
63
68
73
83
93
103
104
99
92
92
97
107
117
120
122
128
138
148
152
155
158
155
149
144
143
146
146
137
125
110
96
82
72
65
56
43
23
0
-21
-39
-54
-69
-82
-95
-106
-111
-115
-111
-102
-86
-69
-55
-40
-28
-16
-10
-9
-7
-5
0
1
3
2
0
-5
-13
-15
-16
-18
-26
-33
-40
-47
-59
-68
-72
-77
-82
-84
-87
-88
-84
-82
-79
-78
-81
-82
-86
-85
-80
-72
-65
-60
-61
-64
-62
-53
-40
-26
-17
-11
-6
-4
2
15
34
48
56
56
58
62
66
73
80
88
90
90
89
94
104
117
124
121
115
109
111
114
117
119
118
116
114
107
102
100
101
102
92
79
60
43
27
17
5
-9
-23
-41
-62
-81
-92
-97
-100
-103
-109
-117
-119
-121
-116
-106
-94
-80
-71
-66
-57
-40
-23
-6
4
9
10
13
18
24
28
30
27
20
11
2
-4
-7
-9
-17
-26
-36
-44
-50
-53
-56
-57
-56
-61
-64
-66
-64
-56
-52
-47
-44
-38
-28
-20
-12
-6
0
5
11
12
14
13
14
16
19
22
25
26
25
27
34
39
44
45
45
48
50
50
47
50
53
55
52
51
50
52
55
55
51
51
49
48
48
46
41
36
32
29
27
19
12
9
4
1
-4
-12
-16
-25
-33
-40
-43
-44
-47
-52
-56
-56
-53
-48
-48
-45
-44
-37
-32
-25
-20
-18
-13
-8
-3
3
7
9
9
9
11
12
16
17
13
13
12
12
11
9
4
1
-2
-4
-5
-6
-10
-13
-14
-14
-15
-13
-12
-13
-12
-13
-15
-14
-10
-8
-6
-6
-5
-3
-1
1
1
2
3
5
5
7
7
8
9
9
10
12
13
12
11
10
8
8
8
6
5
4
4
5
9
12
12
13
13
15
16
18
20
20
20
20
19
19
20
18
14
11
9
7
4
0
-5
-8
-11
-12
-17
-19
-22
-25
-27
-28
-31
-32
-31
-29
-24
-19
-16
-12
-8
-4
1
6
8
11
12
14
15
17
17
17
18
17
15
14
12
9
6
4
3
-2
-4
-7
-6
-8
-11
-13
-14
-14
-13
-12
-12
-12
-13
-13
-12
-11
-10
-9
-9
-8
-8
-10
-10
-8
-6
-4
-2
-3
-3
0
0
1
1
2
2
2
6
6
6
4
2
1
2
1
3
6
8
12
13
14
13
14
16
17
19
20
20
19
20
19
19
18
17
15
13
11
9
6
4
2
0
-3
-6
-10
-13
-16
-18
-17
-17
-21
-20
-22
-19
-15
-16
-14
-13
-10
-4
3
8
9
10
12
15
20
23
22
20
17
17
15
14
10
7
4
2
1
-3
-3
-6
-8
-8
-10
-12
-17
-18
-18
-19
-19
-18
-18
-16
-17
-18
-17
-17
-15
-13
-12
-11
-9
-10
-10
-8
-7
-4
-1
-1
-1
-1
-3
-4
-2
-1
2
3
3
4
4
4
6
6
5
4
3
3
5
8
10
11
11
12
15
18
18
19
20
19
21
21
18
18
20
21
21
20
17
14
10
9
6
4
2
-1
-5
-8
-8
-9
-11
-11
-13
-14
-14
-15
-16
-15
-13
-9
-2
2
7
9
9
12
16
19
18
15
12
11
9
8
7
5
1
-2
-6
-9
-10
-13
-15
-15
-18
-20
-21
-23
-20
-20
-19
-19
-20
-21
-20
-21
-20
-19
-16
-13
-13
-11
-12
-12
-10
-8
-4
-3
-3
-5
-6
-6
-6
-2
0
1
0
0
0
2
3
5
6
5
5
7
10
11
12
13
13
16
17
19
21
22
24
26
28
27
29
28
27
25
25
25
26
24
22
20
16
12
11
9
4
1
-3
-4
-6
-8
-11
-14
-18
-18
-18
-16
-17
-17
-17
-15
-14
-10
-4
-2
1
2
3
4
4
5
4
2
1
-2
-3
-5
-6
-9
-9
-10
-11
-13
-16
-18
-18
-19
-21
-20
-19
-18
-17
-17
-17
-15
-14
-12
-11
-9
-8
-7
-7
-7
-5
-3
-2
0
2
2
2
2
2
2
2
4
2
2
2
2
2
1
3
4
5
7
4
4
4
8
10
12
13
14
16
17
19
20
19
22
26
25
29
28
25
26
26
24
23
21
20
17
15
12
9
5
1
-1
-1
-4
-3
-6
-8
-8
-9
-10
-10
-14
-17
-19
-21
-23
-25
-24
-22
-18
-16
-12
-10
-10
-8
-7
-4
0
3
1
-2
-3
-4
-3
0
0
-1
-6
-10
-10
-12
-9
-10
-12
-13
-13
-13
-14
-12
-11
-9
-7
-7
-7
-5
-4
-1
1
2
4
6
7
5
6
7
7
4
3
3
1
2
1
0
-1
-1
-1
-1
0
1
2
1
1
2
4
8
9
11
11
11
12
12
14
17
18
18
19
18
18
19
17
17
17
16
16
16
14
13
11
9
9
7
6
3
1
-3
-6
-7
-8
-7
-9
-11
-14
-16
-16
-18
-18
-19
-18
-17
-17
-15
-15
-14
-11
-9
-4
-3
-2
-1
-1
0
2
2
4
3
3
3
1
-1
-2
-1
1
0
-1
-2
-4
-5
-5
-6
-4
-4
-4
-4
-6
-5
-5
-1
-1
-2
-3
-4
-4
-6
-4
-3
-1
-3
-2
-3
-4
-6
-6
-7
-7
-6
-5
-5
-4
-3
-3
-3
-1
-1
1
3
5
5
7
8
7
8
9
10
12
12
12
13
14
14
15
15
17
18
19
19
18
17
16
16
17
17
17
14
10
7
5
4
2
1
0
-2
-4
-6
-6
-7
-7
-9
-10
-10
-12
-13
-15
-14
-14
-12
-11
-9
-8
-7
-4
-3
-1
0
0
-1
-1
1
-1
-2
-3
-4
-4
-3
-2
-2
-6
-7
-9
-10
-10
-11
-11
-11
-10
-11
-10
-11
-13
-11
-10
-11
-8
-8
-8
-6
-5
-4
-2
-3
-3
-1
-1
0
0
1
1
0
0
1
2
1
1
2
3
3
4
4
7
8
7
9
8
9
10
13
15
15
15
14
13
14
15
16
17
18
18
18
18
18
17
18
18
15
14
13
12
11
9
6
4
3
-1
-4
-5
-6
-7
-7
-10
-12
-14
-14
-14
-17
-15
-16
-16
-16
-17
-16
-16
-13
-9
-6
-5
-4
-4
-3
-1
0
-2
-2
-3
-4
-2
-2
-1
-4
-5
-7
-9
-9
-9
-11
-9
-9
-8
-9
-9
-8
-8
-7
-6
-6
-6
-4
-6
-5
-4
-4
-2
0
2
2
3
3
6
5
4
4
2
1
0
-1
1
4
6
7
6
6
6
6
6
8
9
8
9
10
13
14
15
16
16
15
14
16
15
16
16
15
13
11
10
10
10
10
8
7
4
2
0
0
-1
-3
-4
-7
-7
-9
-9
-7
-6
-6
-9
-10
-13
-13
-12
-13
-13
-13
-14
-15
-13
-11
-9
-8
-7
-6
-3
-2
-3
-1
-1
-2
0
0
-1
-3
-4
-2
-2
0
0
-2
-4
-5
-5
-7
-4
-3
-5
-5
-6
-7
-8
-8
-9
-7
-5
-4
-5
-4
-4
-1
1
1
1
3
2
2
2
3
3
5
5
5
5
4
5
5
5
6
8
8
8
6
6
6
8
7
7
8
9
9
11
11
10
10
9
10
9
9
8
9
12
10
7
6
5
6
5
5
3
4
2
2
2
1
0
0
-3
-4
-5
-8
-8
-8
-8
-10
-11
-11
-12
-12
-10
-8
-9
-10
-11
-10
-11
-9
-8
-5
-4
-1
0
-1
0
-2
-3
-4
-3
-2
-5
-6
-8
-9
-10
-6
-4
-4
-2
-3
-2
-2
-6
-4
-1
-1
0
2
2
3
2
3
3
3
3
4
2
2
3
3
6
4
4
6
5
5
6
6
6
5
4
4
6
9
10
8
1
-2
-3
1
4
5
3
2
1
1
0
-1
-1
3
6
8
9
7
4
4
4
4
3
2
2
2
2
2
2
2
1
-3
-5
-9
-6
-5
-4
0
-3
-6
-7
-7
-6
-6
-4
-2
0
-1
-1
-1
-2
-1
-2
-1
0
-1
-1
-1
-1
-3
-2
-2
-3
0
-3
1
-1
0
2
2
0
-1
-2
-3
-3
-4
-4
-4
-3
-2
-2
-3
-4
-3
-2
0
0
0
-1
0
-1
1
3
2
0
-1
-3
-3
-3
-3
-2
-2
-1
-1
-2
-2
0
-1
2
3
3
3
4
3
4
2
3
0
2
4
4
5
6
6
2
3
0
1
1
1
2
3
2
3
1
2
1
1
1
1
3
4
3
4
3
3
2
1
2
4
4
5
4
4
3
1
1
1
1
0
2
3
1
2
-1
-2
-3
-4
-4
-3
-4
-5
-4
-6
-6
-6
-6
-4
-2
-3
1
0
0
1
2
3
4
4
2
0
0
0
-1
0
0
0
-3
-2
-3
-2
-1
-1
-2
-4
-6
-7
-9
-8
-8
-8
-7
-9
-9
-12
-13
-12
-11
-10
-9
-7
-5
-4
-4
-3
-3
-3
-1
1
3
4
6
5
7
8
6
6
7
6
6
7
8
7
8
8
9
11
11
11
11
11
10
12
12
9
9
8
9
11
9
8
7
7
7
8
8
8
8
6
4
3
1
0
-1
-3
-2
-2
-3
-4
-5
-8
-8
-8
-8
-8
-9
-9
-8
-8
-7
-6
-7
-7
-7
-7
-7
-6
-7
-6
-6
-4
-3
-3
-3
-4
-3
-4
-4
-4
-3
-2
-4
-6
-6
-6
-6
-5
-7
-6
-7
-7
-6
-5
-3
-3
-5
-4
-4
-3
-3
-3
-3
-3
-2
-2
-1
-1
0
2
3
4
4
5
5
6
6
6
6
7
8
10
9
11
12
13
13
12
13
13
13
12
13
13
11
11
10
12
10
10
9
7
6
5
4
5
3
3
1
-1
-1
-2
-2
-4
-5
-6
-7
-8
-9
-11
-9
-7
-8
-8
-8
-8
-10
-10
-7
-8
-8
-9
-9
-9
-9
-8
-10
-8
-7
-8
-7
-7
-6
-5
-5
-4
-2
-3
0
3
3
4
4
4
3
2
3
3
4
3
2
1
2
1
2
-1
-4
-5
-5
-5
-4
-5
-1
-1
1
0
-2
1
0
3
4
5
4
3
3
3
2
3
3
4
3
5
4
4
4
4
5
5
5
5
7
7
8
8
9
8
5
6
6
6
6
6
4
3
3
1
1
0
1
-1
-1
-2
-3
-4
-3
-2
-4
-3
-4
-5
-4
-4
-4
-3
-4
-4
-4
-4
-4
-5
-5
-6
-7
-6
-6
-5
-5
-4
-3
-3
-3
-2
-1
-1
-1
-1
-1
1
3
2
2
2
0
0
0
2
0
2
4
2
0
1
0
-1
0
-1
-3
-3
-3
-4
-5
-4
-6
-5
-4
-3
-3
-2
0
0
1
1
2
2
0
2
3
4
5
3
4
4
3
3
2
4
4
4
4
4
4
5
4
4
4
3
2
3
2
4
4
3
2
2
3
3
4
2
2
4
2
1
2
-1
-3
-2
-5
-5
-5
-3
-2
-2
-1
-3
-3
-5
-5
-4
-3
-2
0
0
0
0
-1
-1
0
0
-1
0
-1
0
0
0
0
0
-1
-1
0
-1
0
2
1
0
0
1
1
0
-1
-2
-3
-4
-5
-5
-4
-4
-5
-4
-5
-6
-4
-3
-2
-2
-4
-4
-4
-3
-2
-3
-2
-2
0
2
3
4
3
4
5
6
8
7
7
7
7
8
7
7
5
7
7
6
5
5
6
3
3
1
2
2
2
2
0
1
-1
-1
-2
-3
-3
-4
-4
-4
-2
-3
-4
-4
-5
-5
-5
-4
-5
-5
-6
-4
-4
-3
-4
-5
-3
-4
-4
-3
-3
-2
-1
-1
-1
0
1
1
2
3
2
6
6
6
5
5
5
5
4
4
5
4
4
1
3
2
1
-2
-1
-2
-2
-1
-3
-2
-3
-2
-2
0
-1
-1
-3
-5
-6
-6
-7
-6
-5
-4
-3
-2
-2
-2
-1
0
0
1
2
3
4
4
4
5
6
5
5
4
4
5
3
3
5
3
4
4
4
3
2
3
3
1
1
0
-2
-2
-3
-4
-2
-3
-2
-3
-4
-4
-4
-4
-4
-4
-4
-4
-5
-3
-3
-3
-2
-1
-2
-3
-2
-4
-2
0
0
-2
-1
-1
1
2
2
3
2
2
3
3
5
5
5
4
4
3
2
3
4
3
4
4
3
3
2
4
2
1
3
1
0
1
1
-1
-3
-2
-3
-4
-4
-5
-6
-6
-6
-5
-5
-4
-4
-4
-4
-2
0
1
1
0
0
-1
-2
0
1
3
3
4
5
4
4
4
4
4
4
3
3
3
3
2
3
1
2
0
-1
-2
-3
-2
-3
-3
-2
-4
-3
-4
-3
-1
-3
-3
-4
-2
-1
0
-1
-2
-1
-3
-1
-2
-1
-1
-2
0
1
1
0
1
1
1
1
1
3
2
3
5
4
3
2
2
2
2
3
3
4
4
6
4
1
2
1
-1
0
-1
-1
0
1
0
-1
-2
-3
-4
-3
-3
-4
-2
-3
-3
-4
-3
-4
-4
-3
-3
-3
-1
-1
-2
-2
-2
-1
-2
-1
2
2
3
2
3
4
4
3
4
3
3
3
3
2
4
4
3
2
2
0
0
0
-1
-2
-3
-3
-4
-3
-4
-3
-2
-3
-2
-3
-1
-2
-1
0
1
1
-1
-1
-1
-1
-2
-2
-3
0
-2
-3
-2
-3
0
-1
0
1
2
2
2
2
3
2
2
4
2
2
2
2
2
3
1
1
2
1
1
2
3
0
0
0
0
-1
-2
-3
0
1
-1
0
-2
-2
-2
-2
-3
-3
-2
-2
0
2
0
1
-1
1
0
1
2
1
2
1
1
1
2
1
2
2
2
2
1
0
-1
-2
-1
-2
-1
0
0
-1
0
0
-1
1
2
1
1
0
2
0
1
1
0
-1
-1
-2
-3
-2
-2
-3
-3
-3
-2
-2
-1
-2
-1
-1
-2
-3
-3
-2
-2
-2
-3
-1
0
-1
-1
0
1
1
2
2
1
2
2
2
3
2
0
1
2
4
4
3
4
3
3
3
3
2
3
2
1
2
2
1
0
-2
0
-2
-1
0
0
1
0
1
0
1
0
-1
0
-1
-2
-2
-1
-1
0
-1
0
0
-1
-1
0
0
1
2
1
0
-2
-2
-1
-2
-2
-2
-2
-3
-4
-3
-2
-2
-4
-3
-4
-4
-3
-3
-4
-2
-2
-3
-2
-2
-1
0
-2
-1
0
0
2
1
3
2
2
3
3
4
3
3
4
3
4
3
4
2
4
4
3
4
4
4
4
2
1
1
1
1
1
1
0
1
0
0
1
0
2
1
-2
-2
-2
-1
0
1
-1
-1
-2
-2
-3
-3
-2
-3
-4
-4
-3
-4
-5
-3
-4
-3
-4
-4
-3
-3
-1
-1
-1
-1
0
0
0
0
0
1
-1
-2
-2
-1
0
-1
0
0
-3
-1
-2
-2
-1
0
1
0
0
-1
-1
1
3
1
1
1
2
1
1
2
2
0
-1
1
3
3
4
4
4
4
4
3
5
3
2
2
2
4
3
2
3
3
2
2
2
1
0
1
1
-1
0
-1
-1
-2
-2
-1
-2
-2
-2
-3
-3
-2
-5
-3
-2
-2
-2
-2
-2
-1
-2
-2
-2
-2
-2
-2
-2
-1
-3
-4
-3
-4
-5
-5
-5
-5
-5
-5
-5
-4
-3
-2
-1
1
0
1
2
2
3
3
4
5
7
5
6
7
8
6
4
5
4
6
4
4
4
4
2
3
3
2
2
1
3
3
2
0
1
0
0
0
-2
-1
-1
-2
-1
-2
-2
-2
-1
-3
-3
-2
-1
-1
-3
-1
-2
-2
-2
-3
-4
-3
-2
-2
-1
-1
-1
-1
-1
0
-2
-1
-2
-2
-3
-3
-2
-3
-2
-2
-3
-2
-1
-1
0
0
2
1
1
2
1
1
0
0
-1
0
1
1
2
2
1
2
0
-2
0
-1
0
1
0
1
1
1
1
3
2
4
3
3
3
2
3
3
3
3
4
5
5
5
6
6
5
5
3
2
1
-1
-1
0
-3
-3
-2
-4
-4
-4
-4
-4
-6
-5
-5
-5
-3
-2
-1
-1
-2
-2
-2
-3
-2
0
-2
-2
-1
-1
-1
0
-2
-2
-2
-2
-1
-1
0
-2
-1
0
-2
1
1
0
1
-1
1
0
-1
0
0
-1
0
0
1
2
2
1
2
0
1
2
1
1
1
1
2
1
2
2
2
3
2
2
2
2
0
1
-1
-2
-1
-1
-1
-2
-2
-1
0
-1
1
2
1
2
3
3
3
3
4
4
4
3
3
3
2
1
1
0
0
0
1
-1
-2
-1
-2
-2
-3
-5
-4
-4
-4
-4
-5
-3
-5
-3
-2
-2
-1
-2
-1
-1
-1
0
-2
-2
-1
0
1
1
0
0
1
1
2
2
2
1
1
1
0
1
0
1
2
1
2
2
1
2
-1
-1
1
0
0
-1
0
0
-1
-2
-1
-1
-1
-1
-2
-1
-1
-1
-1
-1
0
2
2
3
2
1
2
2
2
0
0
0
0
1
0
0
1
-2
1
0
0
2
2
2
2
2
1
2
2
3
3
4
2
2
1
0
1
0
0
-1
-2
-2
-3
-3
-1
-3
-3
-2
-3
-1
-1
-2
-3
-3
-2
-3
-2
-2
-3
-1
-3
-2
-3
-2
-2
-1
0
0
0
-1
-1
0
0
-1
1
0
0
0
0
0
1
1
2
2
2
3
3
3
2
1
1
1
1
0
1
-1
-1
1
1
2
1
0
2
1
2
1
2
4
4
3
2
1
2
2
2
1
1
1
1
1
0
1
1
0
0
-1
0
0
1
-1
-1
-1
-1
-2
-1
-2
-2
-3
-5
-4
-3
-2
-2
-2
-2
-1
-1
-1
-3
-2
-2
-2
-2
-2
-3
-2
-4
-3
-2
-2
-1
0
-1
-1
-2
0
0
0
1
1
0
0
0
0
2
2
2
3
2
2
3
3
3
5
3
3
2
1
2
1
2
0
-1
-1
1
0
-1
-1
-1
0
2
0
1
1
1
2
2
2
1
0
1
1
2
3
3
3
1
0
2
2
1
-1
0
-2
-3
-4
-3
-1
-2
-2
-2
-2
-2
-3
-2
-2
-2
-1
-1
-1
0
-2
-1
0
1
0
-1
0
0
1
0
0
1
0
-1
-1
0
0
0
1
1
2
0
1
-1
-2
-2
-1
-2
-1
-1
-1
-1
-3
-2
-3
0
0
0
-1
-1
0
0
0
-1
0
0
2
1
2
2
2
2
1
2
2
1
2
3
2
1
2
1
1
2
2
3
2
2
3
2
2
2
1
1
1
0
-1
-1
0
-2
0
-1
-1
0
-1
-1
-1
-1
-1
0
0
-1
1
1
0
0
0
0
-1
-1
-2
-2
-1
-2
-2
-2
-2
-2
-3
-1
0
0
-1
-2
0
-1
-2
-1
-2
-2
-1
-1
0
1
1
0
2
2
3
2
2
2
2
4
3
2
1
2
2
2
0
1
1
1
-1
-2
-1
-2
-1
-2
0
-1
-3
-2
-2
-1
0
-2
-2
-2
0
-2
-2
-2
-1
-1
-1
-1
0
2
1
2
3
5
5
5
5
5
4
3
2
1
0
1
0
1
0
1
1
1
0
-1
0
0
2
1
0
1
1
-1
-1
-2
-3
-1
-1
-1
-2
-1
-2
-1
-2
-3
-1
-2
-2
-3
-2
-2
-3
-3
-2
-2
-1
-1
-1
-1
-2
-2
-2
-4
-3
-2
0
0
-1
-1
1
0
1
3
3
3
3
3
4
2
2
2
3
3
2
1
2
3
3
3
1
0
0
1
1
0
-1
-2
-2
-2
-2
-2
-1
-2
-2
-2
1
0
1
0
0
1
2
1
1
1
-1
2
2
0
1
-1
0
-1
0
0
0
1
0
0
0
1
2
2
-1
0
-1
0
0
0
1
1
-1
2
1
0
0
0
-1
1
1
1
1
-1
1
-1
1
-1
-2
-2
-3
-3
-3
-3
-4
-3
-2
-3
-3
-3
-3
-3
-4
-2
-3
-4
-3
-2
0
0
0
1
1
1
1
0
3
2
3
0
1
2
1
2
2
3
3
3
3
3
2
2
2
3
2
3
2
0
-1
-2
-2
-2
-1
-1
0
0
0
1
1
2
1
1
3
3
1
0
1
2
2
2
1
-1
0
0
-1
-1
0
-2
1
0
0
1
-1
-1
0
-1
-2
-2
-2
-2
-2
0
-1
-1
-2
-3
-2
-2
-3
-3
-2
-2
-3
-2
-1
-1
-1
-2
0
-1
0
0
0
1
0
1
1
1
1
1
0
0
1
0
1
-1
0
1
1
1
0
0
0
1
1
2
2
2
1
0
0
0
0
1
0
-1
1
1
1
-1
0
0
0
1
2
1
0
0
0
-1
0
0
0
0
1
1
1
0
-1
-2
-2
-1
-1
0
0
-1
-1
0
1
0
-1
0
-2
0
-3
-2
1
-1
1
1
2
1
1
1
0
2
1
1
2
2
0
0
1
1
1
0
-1
0
-1
-4
-3
-3
-2
-1
-1
1
-1
0
0
-2
-2
-2
-1
-1
-2
-1
-2
-3
-1
0
0
-1
0
-1
-2
-1
-1
-1
-1
-1
0
0
1
1
1
0
2
1
2
2
1
2
2
3
2
3
2
2
1
2
1
1
2
1
1
0
0
-1
-1
1
0
0
1
1
0
0
0
1
-1
-2
-2
-1
-2
-2
-2
-1
-1
-1
-1
-2
-1
-2
0
