0
-2
0
-1
-2
-1
-1
-2
-1
0
-1
-3
-3
-3
-2
-2
-2
-2
-3
-1
-2
-2
-3
-1
0
-1
-1
-2
-2
-1
-1
-2
-1
-1
1
-1
-1
-1
1
3
3
2
2
3
4
5
3
3
3
3
2
1
1
1
2
2
3
2
2
1
0
-1
-2
0
-2
-1
0
0
2
-1
0
-1
-1
-2
-1
0
0
1
0
1
1
0
1
1
1
1
1
1
2
0
2
1
-1
0
-2
-2
-1
-2
-1
-3
-2
0
0
-1
0
-2
-1
-1
-1
-1
-2
-2
-1
0
-1
-1
0
1
0
1
1
2
2
3
3
2
2
2
1
1
1
1
1
0
0
-2
-3
-2
0
0
-1
-2
-3
-3
-1
0
1
0
0
-1
-1
-2
-2
-1
0
2
2
3
2
2
2
1
3
2
2
2
2
1
2
2
1
2
0
-2
-2
0
0
0
0
-1
0
1
1
1
1
0
-2
-1
0
0
-1
-1
-2
-1
0
-1
-2
-2
-1
0
1
-1
-1
0
0
0
0
1
1
2
2
2
0
0
2
2
1
-1
0
0
0
-1
0
1
-1
-1
0
-1
-1
2
1
2
1
0
1
1
1
-1
-1
0
1
-1
-2
-1
-1
-1
1
2
2
0
1
-1
-1
-1
-2
-3
-2
0
1
2
3
1
2
4
3
5
5
3
1
1
1
0
-1
-3
-2
-2
-4
-2
-3
-5
-4
-5
-7
-6
-6
-6
-5
-6
-4
-4
0
2
2
3
3
3
3
4
5
5
4
4
6
5
4
3
3
1
1
-2
-3
-3
-3
-1
-2
-2
-4
-4
-2
-1
0
-1
0
2
2
3
4
4
4
7
7
6
5
4
5
4
1
1
0
0
0
-1
-1
-2
-3
-5
-6
-7
-5
-6
-8
-8
-9
-8
-7
-4
-4
-3
-4
-3
-3
-3
-3
0
0
-1
0
1
2
4
2
3
4
3
3
4
6
8
8
7
8
9
9
9
9
9
7
5
4
6
6
5
5
5
2
2
-1
0
0
-3
-5
-7
-7
-7
-9
-10
-9
-9
-9
-8
-8
-7
-8
-9
-7
-6
-6
-8
-7
-8
-9
-10
-9
-9
-9
-7
-4
-3
-2
-1
2
4
8
9
9
10
11
10
8
8
5
6
6
6
9
10
13
12
12
10
7
8
6
5
6
3
1
1
1
1
1
0
1
-1
0
-1
-1
0
-3
-4
-5
-4
-1
-3
-5
-4
-4
-5
-8
-9
-7
-7
-8
-5
-4
-3
-3
-3
1
0
1
1
0
-2
-4
-7
-8
-10
-9
-7
-7
-7
-3
-2
-2
-1
-1
1
1
2
2
5
6
4
4
4
3
3
3
2
4
3
2
2
2
4
5
7
8
9
8
11
13
12
10
6
5
4
3
2
3
4
4
1
1
1
2
-1
-2
-3
-5
-9
-8
-10
-8
-11
-14
-15
-15
-14
-14
-12
-12
-11
-10
-10
-9
-8
-4
0
3
7
12
13
15
18
17
12
9
7
6
6
4
5
5
4
1
-4
-7
-8
-6
-7
-6
-7
-6
-5
-5
-3
-3
-1
4
10
12
11
12
13
14
13
14
13
12
9
7
6
4
2
-2
-3
-5
-8
-10
-12
-15
-16
-16
-17
-18
-19
-17
-16
-14
-12
-9
-7
-3
-2
0
1
4
4
1
-1
-2
-2
-1
0
-1
1
3
3
6
5
5
4
2
3
2
2
2
1
1
-1
-1
0
0
6
9
10
13
15
17
16
15
16
14
14
10
9
10
10
8
6
5
2
-2
-2
-4
-5
-6
-8
-8
-8
-9
-9
-8
-11
-11
-10
-9
-9
-10
-10
-8
-5
-1
-1
3
5
7
7
5
5
3
2
1
-1
-2
-4
-3
-2
0
0
2
4
4
0
-3
-5
-5
-5
-7
-8
-10
-12
-11
-12
-11
-10
-11
-9
-8
-9
-7
-7
-6
-4
-4
-4
-4
-4
-2
1
2
4
4
3
5
6
11
10
9
10
9
7
6
5
7
7
7
7
10
11
11
9
9
10
10
9
10
9
10
9
9
9
8
5
1
2
1
3
2
2
6
5
7
10
10
10
9
8
9
4
-2
-5
-8
-11
-14
-16
-17
-18
-18
-18
-15
-14
-14
-14
-12
-11
-12
-12
-10
-11
-11
-13
-14
-14
-13
-11
-9
-9
-9
-8
-7
-8
-7
-6
-6
-5
-4
-5
-7
-3
0
4
5
7
8
13
16
22
24
28
28
28
28
26
27
23
19
14
10
6
4
5
3
2
0
0
-2
-3
-4
-3
-5
-5
-8
-11
-12
-10
-8
-9
-9
-8
-8
-8
-8
-6
-6
-6
-4
-3
-2
-1
3
3
2
1
1
3
0
1
0
0
2
1
-1
1
5
6
6
5
2
0
-2
-2
-2
-3
-3
-3
-3
-2
-1
-2
0
1
2
1
2
3
4
2
0
-1
-2
-2
-3
-5
-5
-5
-5
-4
-2
-1
0
2
-1
-1
0
-1
0
-1
0
-1
-2
-3
-2
-3
-3
-2
-1
-2
-2
-1
0
3
2
5
5
5
7
10
14
12
13
14
13
14
15
16
16
15
13
10
9
6
3
-2
-4
-5
-6
-4
-6
-7
-9
-12
-13
-17
-17
-19
-20
-21
-21
-21
-22
-19
-15
-14
-15
-12
-10
-9
-7
-5
-2
-1
-1
-2
0
0
-2
-4
-2
-2
-2
-1
0
1
4
7
9
9
10
10
8
9
11
12
14
15
13
13
13
16
17
18
19
19
18
18
17
16
15
16
14
11
8
4
3
2
-2
-4
-8
-10
-13
-13
-14
-14
-12
-10
-9
-9
-8
-6
-5
-4
-3
-3
-2
-2
-5
-7
-7
-7
-7
-7
-6
-5
-3
-2
-2
0
2
1
0
0
-1
0
-2
-4
-5
-7
-9
-10
-10
-8
-9
-9
-7
-5
-6
-7
-7
-5
-7
-9
-11
-9
-8
-6
-6
-4
-1
-1
0
2
7
8
8
6
6
6
8
6
5
7
7
5
4
6
7
9
9
9
8
11
12
14
16
15
16
16
14
14
13
13
11
9
9
8
7
7
7
5
3
3
5
3
3
6
5
5
3
1
0
0
-3
-5
-3
-6
-8
-12
-14
-16
-20
-20
-20
-21
-21
-22
-24
-26
-27
-28
-28
-27
-22
-19
-14
-10
-9
-6
-8
-5
-2
0
2
3
6
7
9
10
9
11
10
9
8
8
7
6
7
7
8
10
10
14
16
17
17
17
16
14
13
13
10
11
11
7
6
3
3
2
-1
-1
-1
-1
-4
-5
-5
-6
-5
-7
-8
-5
-5
-7
-7
-5
-4
-3
-3
-4
-5
-4
-2
-1
2
1
3
5
4
4
6
6
6
6
6
5
2
3
3
3
2
1
2
1
0
0
0
-1
-4
-7
-9
-10
-10
-11
-11
-12
-12
-12
-13
-12
-11
-11
-12
-12
-10
-9
-8
-9
-10
-9
-9
-10
-9
-6
-5
-3
-1
1
4
8
9
11
15
15
14
15
14
15
13
12
12
11
9
9
8
6
6
7
5
2
0
0
-1
0
2
5
5
5
5
4
5
4
5
5
5
3
1
3
4
4
3
2
3
1
1
4
5
4
1
0
0
-3
-2
-3
-6
-5
-5
-6
-6
-6
-5
-4
-7
-7
-9
-9
-11
-11
-11
-13
-13
-13
-12
-11
-11
-10
-8
-9
-9
-8
-6
-5
-2
-1
0
0
1
2
1
-1
-1
-1
1
1
3
4
6
8
8
10
11
11
10
10
10
8
5
4
1
-2
-1
-2
-5
-3
-4
-4
-6
-5
-2
-1
-1
1
2
3
3
4
4
5
6
8
9
8
7
9
8
9
9
7
6
4
5
5
4
2
4
1
0
0
-1
-1
-1
-1
-2
-1
0
3
3
4
3
2
2
1
0
-1
-2
-2
-3
-3
-4
-3
-3
-3
-4
-6
-7
-9
-10
-14
-13
-15
-14
-14
-15
-13
-11
-10
-10
-11
-7
-7
-7
-5
-6
-5
-3
0
-1
0
0
0
-1
0
3
2
2
3
3
3
0
1
3
5
6
5
8
10
10
11
13
16
17
18
17
17
17
15
14
13
11
11
9
8
6
4
5
5
5
4
1
2
0
-1
-3
-4
-8
-10
-11
-12
-13
-12
-13
-12
-13
-14
-14
-14
-11
-12
-11
-8
-6
-7
-5
-2
-2
-3
-2
-3
-2
-2
-2
-1
-3
-3
0
0
1
0
0
1
2
5
5
6
7
10
10
10
10
10
10
9
9
8
5
3
3
3
2
0
0
-2
-5
-7
-9
-9
-10
-11
-10
-9
-7
-7
-9
-8
-6
-6
-4
-4
-3
-3
-2
-1
-2
1
2
3
5
5
8
9
9
10
11
11
12
13
13
11
13
12
11
9
9
7
4
4
4
3
3
3
4
4
2
0
-1
-2
-1
-2
-5
-7
-7
-11
-10
-12
-14
-12
-15
-15
-14
-15
-15
-14
-13
-13
-12
-9
-8
-8
-7
-6
-6
-5
-3
0
2
3
3
5
7
8
8
8
7
7
6
4
3
0
-2
-1
-2
-2
-1
-1
-1
0
-1
2
1
1
1
2
3
1
2
3
3
4
6
5
4
7
6
6
8
10
9
9
11
9
9
10
9
9
9
5
5
5
5
3
3
1
0
-2
-4
-4
-4
-3
-4
-6
-6
-5
-5
-7
-8
-7
-8
-8
-7
-9
-10
-9
-8
-9
-10
-10
-9
-8
-6
-7
-5
-5
-3
-4
-3
-2
-1
-1
-2
-1
0
0
0
-1
-2
-2
-1
0
0
1
1
-1
1
2
3
2
4
5
4
6
6
7
8
8
9
7
7
7
7
7
5
4
3
2
3
2
4
3
2
5
4
6
5
5
4
3
2
1
-1
-3
-3
-4
-4
-5
-5
-6
-6
-6
-6
-6
-5
-5
-5
-6
-7
-8
-8
-8
-8
-7
-6
-5
-4
-3
-2
0
1
3
3
3
5
5
5
5
7
8
7
6
6
6
4
3
3
2
2
0
0
0
0
0
1
0
0
-1
-2
-2
-1
0
1
-1
-1
1
2
1
1
-1
0
0
-1
-1
-3
-3
-3
-3
-3
-3
-2
-2
-2
-3
0
0
0
1
1
1
0
1
1
0
-3
-2
-4
-5
-5
-4
-5
-4
-1
-2
-2
-2
-1
-1
-1
-1
-3
-2
-1
-2
-1
0
0
1
3
4
5
6
5
7
6
5
4
4
4
5
4
4
4
4
5
4
5
3
3
2
2
2
2
2
1
0
0
-3
-4
-5
-5
-7
-6
-7
-5
-6
-5
-6
-6
-5
-7
-8
-7
-7
-7
-8
-7
-5
-4
-4
-2
0
0
0
0
1
0
1
2
1
4
5
6
5
6
7
9
9
9
9
8
6
3
4
4
5
6
6
6
6
5
4
5
3
3
2
1
1
0
-2
-1
-2
-3
-2
-2
-3
-4
-4
-3
-3
-3
-4
-5
-5
-7
-6
-7
-8
-7
-10
-7
-8
-8
-6
-4
-3
-1
-1
0
0
2
2
1
2
2
4
3
3
3
2
2
2
2
1
0
0
1
0
-2
-1
-1
-1
-1
-1
-1
0
-1
2
2
1
1
2
4
4
4
5
6
7
6
5
5
5
5
5
5
5
5
4
3
4
2
2
2
0
-1
-1
-2
-3
-4
-4
-5
-4
-5
-5
-3
-4
-3
-2
-2
-4
-3
-2
-2
-2
-3
-3
-3
-1
-1
-1
-1
2
1
2
2
1
1
2
1
-1
0
0
0
0
-2
-2
0
-2
-2
-3
-1
0
0
1
-1
-2
0
0
-1
-3
-3
-3
-4
-3
-1
-2
-2
-1
-1
0
1
1
1
-1
-2
0
-1
0
1
1
1
2
2
2
4
5
4
4
5
6
5
6
5
7
6
8
6
5
5
4
4
2
4
3
2
2
1
2
-1
-1
-3
-3
-4
-5
-4
-5
-5
-6
-6
-7
-7
-5
-7
-8
-8
-7
-8
-7
-8
-10
-8
-9
-7
-8
-6
-6
-4
-5
-3
0
0
1
1
2
2
3
5
6
7
8
9
8
8
9
9
9
10
11
10
10
9
9
8
7
8
7
7
7
8
7
7
4
4
4
1
-1
-2
-2
-4
-4
-5
-5
-6
-5
-4
-6
-6
-6
-7
-7
-7
-6
-7
-8
-8
-8
-8
-9
-10
-8
-9
-8
-8
-7
-5
-3
-4
-3
-4
-1
0
-1
0
0
0
1
2
2
3
4
3
4
5
5
5
5
5
6
6
5
6
5
3
2
3
4
4
3
3
3
3
2
3
4
3
3
3
3
3
3
3
3
3
1
1
0
0
-1
-2
-1
0
-1
-1
-2
-3
-3
-3
-3
-4
-5
-4
-4
-2
-1
-2
-1
-2
0
1
1
1
0
2
2
0
2
1
-1
-1
-1
-1
-2
-2
-3
-2
-2
-2
-3
-2
-1
-1
-1
0
0
-1
-1
-1
-1
-2
-2
-2
-3
-2
-2
-3
-2
-1
-1
-2
-1
0
0
0
1
2
2
2
2
2
2
2
2
3
3
3
2
4
3
4
6
3
3
4
4
4
2
3
3
3
3
2
1
1
-1
-1
-2
-2
-3
-4
-5
-5
-5
-5
-5
-6
-6
-6
-5
-3
-3
-3
-4
-2
-2
-3
-2
-3
-3
-1
0
2
1
1
2
3
3
5
6
6
6
5
5
4
5
5
4
4
3
2
3
1
1
1
-1
0
2
1
0
-1
-1
-1
-1
-1
-1
-1
0
2
0
0
1
1
2
1
1
2
1
-2
-1
-1
-2
-1
-4
-5
-5
-5
-7
-9
-10
-9
-10
-9
-9
-9
-9
-6
-5
-4
-4
-3
-2
0
2
1
1
2
4
5
5
5
5
5
7
7
6
7
7
7
7
7
6
6
6
6
5
4
5
5
3
4
3
4
5
4
4
3
1
2
1
1
1
1
0
-1
-2
-1
-2
-2
-4
-4
-5
-5
-5
-7
-7
-8
-6
-6
-5
-6
-7
-6
-5
-5
-5
-4
-4
-5
-6
-6
-7
-6
-7
-7
-6
-5
-4
-3
-2
-2
-1
-1
1
1
1
2
2
3
3
5
5
6
7
9
9
8
9
10
11
11
10
11
11
10
10
10
10
9
9
7
5
5
3
3
3
0
-1
-2
-2
-2
-3
-4
-6
-8
-7
-8
-9
-10
-9
-9
-9
-10
-10
-9
-8
-6
-7
-6
-6
-6
-4
-4
-2
-1
-1
-1
-1
-1
0
-1
0
-1
0
-1
0
1
1
0
0
0
0
1
-1
0
0
0
0
1
2
3
3
2
2
3
2
3
3
3
2
2
3
2
4
3
3
4
4
4
5
5
4
6
6
6
6
5
6
4
3
4
4
3
3
3
3
4
2
0
0
0
1
-1
-2
-2
-2
-5
-4
-5
-6
-4
5
9
9
3
-11
-13
-18
-14
-12
-16
-16
-21
-19
-14
-13
-9
-3
4
5
7
6
3
8
15
18
13
5
3
-7
-13
-13
-13
-7
-6
-8
-6
-7
-9
-3
0
3
8
9
6
2
2
6
9
11
14
13
13
12
8
12
10
9
9
9
8
7
6
4
3
2
4
5
5
5
1
2
2
3
7
8
8
5
1
-3
-6
-7
-10
-13
-17
-20
-21
-22
-21
-21
-19
-9
-8
-8
-3
-2
-1
1
-3
-4
-4
-2
3
3
3
0
0
9
3
3
0
-8
-3
-5
-2
-4
-9
-8
0
3
6
8
5
1
0
1
13
23
27
24
16
16
14
20
23
9
1
-7
-11
-2
-2
0
-2
3
2
0
-1
-7
-8
-8
-4
-1
-5
-7
-15
-24
-20
-10
-1
6
4
-5
-11
-13
-6
-2
3
6
2
4
1
1
-6
-6
-4
-1
6
5
9
0
-5
-8
-9
-6
-1
2
-1
-4
-6
-4
-1
2
4
1
1
3
3
8
6
6
4
4
5
3
5
3
5
7
4
10
7
8
5
1
1
6
10
8
3
-4
-7
-5
-2
2
4
1
0
-1
-3
-3
-1
1
2
4
2
0
-3
-4
-6
-7
-4
1
-1
-1
-4
-5
-3
-2
0
-4
-2
-2
-1
1
-6
-5
-5
-5
-7
-10
-10
-9
-3
4
-4
-8
-15
-13
-6
-4
1
-4
1
-2
-3
2
-6
-4
0
7
10
6
9
4
10
10
7
9
0
7
2
7
6
2
8
3
5
0
2
9
7
9
2
6
4
5
11
6
4
1
5
8
1
1
-5
-3
-1
0
5
-1
-1
-3
1
3
0
-3
-3
-5
-2
-1
0
-4
-11
-11
-15
-9
-10
-8
-8
-12
-9
-16
-13
-14
-13
-7
-1
8
5
1
-9
-12
-7
1
18
15
10
-2
-11
-7
0
11
18
15
3
-5
-10
-7
-3
3
8
4
7
0
-5
-9
-12
-1
8
19
15
6
0
-6
2
5
6
9
4
9
5
8
3
-7
-3
-6
3
12
14
13
2
-7
-7
-7
4
10
11
9
1
-6
-13
-13
-13
-7
2
6
8
2
-1
-12
-10
-2
2
9
4
7
1
-5
-5
-13
-7
-5
3
9
0
2
-4
-6
-12
-14
-13
-11
-1
3
3
-6
-8
-12
-7
3
7
14
3
-5
-15
-14
0
8
14
7
1
-9
-11
-14
-12
-3
-4
4
1
-3
-3
-2
3
4
4
13
15
11
12
7
5
-1
3
6
12
13
9
8
2
-9
-7
-3
2
8
10
15
5
3
-7
-12
-4
-1
10
8
11
13
-6
0
-8
-4
7
6
18
7
-1
-6
-16
-11
-15
-1
10
6
8
-14
-11
-22
-18
-7
1
10
0
1
-12
-7
0
-3
5
-2
-1
-1
-4
-3
-6
-4
-4
0
1
0
-2
-1
2
-2
-4
-11
-7
-1
1
8
4
3
-4
-7
-5
-4
10
14
6
-2
-11
-3
-2
5
7
6
9
1
5
-1
0
0
-3
6
7
6
5
-2
4
1
5
6
-5
1
-5
-1
-5
-3
9
0
-3
-10
-3
6
1
4
3
2
-1
-3
3
-2
-1
5
5
8
2
0
2
1
6
10
7
6
1
0
-1
-7
-4
-1
0
-3
-4
-1
2
-5
-6
-8
-12
-5
-6
0
-3
0
-2
-3
-1
3
5
4
1
-1
1
-2
-2
-4
2
4
0
-1
-2
-3
-3
-4
-3
-2
-7
-1
-7
-5
-3
-1
4
-1
-2
-1
-1
0
-1
-4
-3
-5
-2
2
3
5
2
1
4
1
0
5
8
10
8
7
7
0
2
2
4
7
6
8
6
5
0
-2
5
0
1
2
0
-2
-5
1
1
3
0
-3
0
-1
3
7
4
2
-6
-7
-5
-3
-2
-2
-10
-9
-9
-8
-6
-8
-4
1
-1
-7
-9
-5
-2
-5
1
1
0
1
0
1
-1
1
-1
6
2
0
1
1
9
6
13
-4
-2
-3
7
9
5
6
-6
-1
-7
1
7
7
2
-8
-13
-6
-2
2
5
-2
-5
0
2
7
4
1
-3
-1
6
5
8
5
10
0
0
3
-2
8
4
5
4
0
-1
-7
-4
2
4
4
-7
-11
-17
-8
2
-5
4
-10
-9
-9
0
8
0
6
-8
-1
0
7
11
-6
-1
-8
5
4
6
4
-12
-5
-7
3
-3
-9
-4
-3
-1
-5
-1
-8
-3
-4
2
8
-1
0
-1
-1
-3
-1
4
4
-1
-2
1
5
11
5
-5
-4
-2
5
11
6
5
3
2
5
10
16
9
-5
-8
7
7
11
11
9
-2
-15
-10
-6
4
2
5
7
-1
5
-1
-4
-10
-13
-2
2
11
3
-6
-9
-18
-2
6
12
4
-4
-4
-15
-13
-15
-7
-3
-2
-3
-2
7
3
-6
-10
0
6
11
3
5
1
-1
2
-3
1
0
6
4
5
6
-5
-12
-18
-11
0
10
11
1
-1
-9
-10
-4
-9
0
2
10
11
2
4
-7
-8
-6
6
16
16
9
-1
-6
-9
-1
2
8
8
5
7
10
2
-7
-13
-8
3
4
6
3
-4
-15
-17
-9
5
15
15
5
-5
-5
-4
4
1
2
11
11
7
-10
-15
-10
-5
0
4
12
13
4
-8
-8
-5
1
6
8
2
-4
-2
-3
0
-6
-9
-6
-3
7
2
1
1
-4
-5
-12
0
6
-2
-4
-14
-6
-4
4
8
0
-2
-5
1
0
4
2
0
-6
-6
9
15
13
5
0
-9
-7
9
15
15
5
-5
-4
-7
7
6
3
6
-2
4
0
2
5
-1
-2
-9
1
0
-2
-5
-14
-8
-11
-1
3
3
-2
-5
-1
2
6
3
-2
-8
-6
1
4
4
0
-3
0
-3
4
1
0
2
-6
1
-2
8
4
-3
-5
-7
2
5
6
3
-9
-12
-12
-1
4
-2
0
-6
3
1
3
5
2
-3
-7
-2
0
14
13
8
-1
-4
0
5
17
12
11
3
-1
-2
1
-2
-5
-2
-6
-2
-1
4
-1
-11
-10
-8
0
5
8
9
4
0
0
1
0
2
0
-5
-6
2
14
10
6
-13
-12
-1
3
14
5
-5
-14
-17
-6
4
13
2
-3
-10
-8
3
3
5
-1
-7
-11
-8
1
6
4
0
-3
-3
0
2
2
7
2
2
-1
-7
3
-5
3
0
-1
11
-2
0
-12
-15
-12
-7
4
9
8
3
-1
-6
-7
0
9
8
13
9
7
1
-5
2
5
10
10
5
0
-7
-5
-5
5
7
3
-1
-6
-6
-9
0
0
0
-4
-9
-2
-3
-2
5
1
-1
-6
-1
5
4
-1
-5
-5
-8
-4
2
3
-2
-9
-9
2
15
9
7
-1
-2
0
6
15
14
4
-8
-9
-6
6
11
4
-3
-10
-4
-2
7
11
5
-2
-11
-7
2
11
10
-1
-5
-7
0
6
4
1
-5
-6
0
3
-1
-5
-15
-11
0
7
8
4
-6
-12
-12
-12
6
7
6
-5
-9
1
3
12
7
2
-3
-7
-4
1
8
1
-1
-8
-9
0
10
14
6
-8
-12
-13
1
8
8
7
-4
-6
-4
4
3
-1
2
1
7
10
8
4
-2
0
6
6
11
7
-4
-11
-12
-3
2
6
9
5
-1
-5
-9
-10
-8
-6
2
7
9
3
-5
-8
-15
-8
-2
7
10
2
0
-4
-3
-8
-10
0
6
13
12
5
-1
-9
-8
0
4
13
10
6
4
-6
-1
-5
-7
-3
-5
5
5
5
2
-6
-7
-9
-2
6
8
8
0
-5
-9
-5
-1
0
9
11
8
2
-7
-6
-2
4
6
1
-6
-10
-6
1
7
8
1
-4
-6
-3
2
0
1
-2
-1
4
7
9
2
-1
0
7
15
17
12
4
-4
1
6
8
9
7
-2
-7
-5
-2
2
1
1
-1
-2
0
-1
-1
-5
-9
-11
-8
-7
-3
-2
-4
-9
-13
-13
-14
-12
-8
-10
-11
-15
-17
-16
-10
0
-2
-8
-13
-18
-18
-15
-11
-4
0
1
-3
-4
-7
-11
-8
3
9
11
10
3
-4
-7
-2
13
23
20
15
3
0
7
36
77
149
237
254
247
228
226
295
351
410
461
446
457
417
340
306
259
242
220
155
62
-57
-179
-311
-408
-486
-564
-620
-758
-903
-996
-1080
-1067
-1099
-1164
-1132
-1106
-1043
-989
-978
-863
-707
-572
-457
-380
-271
-138
-42
50
167
314
414
440
436
455
514
526
518
535
557
601
603
553
458
267
52
-89
-83
-18
-16
-28
68
398
905
1418
1773
1813
1638
1481
1619
2094
2614
2892
2754
2351
1924
1668
1666
1755
1751
1501
1058
574
131
-225
-539
-810
-1053
-1285
-1501
-1765
-2091
-2473
-2822
-3029
-3074
-2976
-2827
-2714
-2676
-2694
-2637
-2428
-2077
-1674
-1308
-1005
-791
-632
-469
-236
51
289
437
509
578
667
747
781
732
596
426
325
345
423
446
362
209
59
-56
-108
-105
-102
-146
-258
-400
-560
-698
-686
-370
299
1128
1819
2177
2166
1991
1954
2290
2987
3706
4117
4053
3638
3129
2740
2597
2606
2579
2363
1909
1301
594
-117
-747
-1237
-1540
-1729
-1901
-2203
-2689
-3253
-3733
-3950
-3897
-3686
-3473
-3387
-3400
-3420
-3304
-3000
-2547
-2038
-1584
-1206
-900
-623
-346
-49
282
602
865
1040
1135
1172
1139
1072
1004
940
846
681
472
244
40
-103
-174
-217
-323
-517
-728
-850
-844
-773
-759
-881
-1082
-1130
-773
53
1090
1932
2304
2213
2006
2081
2656
3561
4366
4742
4599
4149
3668
3382
3332
3360
3263
2916
2353
1656
908
162
-528
-1113
-1546
-1829
-2061
-2398
-2928
-3559
-4099
-4372
-4340
-4106
-3855
-3763
-3822
-3866
-3719
-3332
-2792
-2224
-1748
-1404
-1120
-786
-376
45
406
690
911
1090
1239
1359
1421
1389
1288
1159
1019
867
690
511
340
193
58
-106
-320
-559
-740
-828
-867
-930
-1083
-1272
-1349
-1087
-363
638
1498
1893
1835
1669
1770
2334
3255
4149
4648
4613
4226
3796
3542
3532
3627
3617
3338
2783
2075
1304
529
-177
-747
-1161
-1500
-1874
-2352
-2973
-3637
-4166
-4429
-4428
-4330
-4252
-4246
-4265
-4224
-4035
-3656
-3146
-2624
-2161
-1755
-1369
-954
-508
-43
386
751
1061
1320
1538
1691
1783
1813
1782
1687
1536
1344
1115
882
656
472
272
22
-289
-614
-866
-1045
-1152
-1313
-1532
-1764
-1744
-1275
-355
691
1383
1543
1297
1213
1604
2555
3673
4478
4705
4359
3844
3473
3498
3751
3980
3882
3379
2599
1747
1009
396
-62
-466
-812
-1219
-1720
-2360
-3068
-3674
-4073
-4197
-4178
-4108
-4122
-4198
-4278
-4244
-3993
-3543
-2982
-2467
-2059
-1741
-1402
-977
-474
46
495
844
1092
1306
1530
1772
1952
1989
1879
1669
1448
1239
1066
906
721
474
143
-212
-560
-861
-1126
-1342
-1535
-1753
-1974
-2034
-1673
-836
203
928
1070
796
644
1064
2094
3332
4192
4370
3975
3462
3230
3425
3886
4258
4218
3670
2823
1993
1378
935
560
186
-196
-637
-1219
-1949
-2708
-3284
-3566
-3605
-3585
-3642
-3805
-3997
-4117
-4072
-3813
-3380
-2894
-2488
-2188
-1916
-1559
-1086
-559
-64
331
635
865
1089
1349
1654
1920
2030
1940
1699
1448
1261
1149
1026
817
501
104
-297
-662
-960
-1238
-1496
-1758
-2025
-2279
-2386
-2089
-1302
-251
524
705
410
182
529
1519
2823
3833
4177
3847
3263
2938
3112
3664
4172
4299
3906
3138
2271
1557
1094
812
585
311
-72
-656
-1454
-2321
-2979
-3240
-3177
-3044
-3082
-3348
-3717
-3958
-3897
-3552
-3064
-2615
-2306
-2141
-2007
-1720
-1214
-595
-64
314
586
795
987
1211
1511
1824
2024
2038
1876
1625
1371
1162
998
814
577
267
-117
-526
-904
-1208
-1479
-1775
-2123
-2496
-2714
-2484
-1668
-549
230
289
-160
-477
-112
967
2362
3440
3770
3414
2815
2498
2695
3306
3983
4281
3976
3188
2297
1633
1266
1118
1040
884
527
-127
-1008
-1918
-2572
-2788
-2689
-2559
-2672
-3035
-3465
-3762
-3770
-3470
-2973
-2502
-2254
-2187
-2104
-1821
-1338
-783
-265
142
432
619
802
1081
1443
1787
1982
2012
1928
1776
1596
1396
1197
987
748
482
157
-242
-719
-1179
-1500
-1722
-1982
-2401
-2756
-2587
-1735
-600
56
-99
-675
-967
-470
735
2156
3142
3279
2763
2198
2118
2602
3339
3946
4118
3744
2991
2209
1687
1462
1407
1376
1217
806
83
-843
-1708
-2241
-2341
-2221
-2234
-2532
-2997
-3395
-3612
-3604
-3340
-2932
-2582
-2433
-2398
-2284
-1978
-1469
-843
-230
207
396
450
577
949
1499
1979
2175
2083
1889
1731
1653
1623
1559
1362
997
577
228
-76
-413
-811
-1213
-1603
-2012
-2417
-2734
-2718
-2128
-1075
-187
-107
-708
-1213
-961
87
1483
2646
3062
2649
1963
1720
2132
2882
3568
3919
3732
3039
2221
1677
1461
1403
1422
1433
1191
523
-439
-1328
-1867
-1990
-1853
-1805
-2118
-2721
-3274
-3493
-3362
-3007
-2603
-2337
-2311
-2399
-2347
-1998
-1413
-803
-345
-84
59
182
365
693
1202
1735
2038
2015
1825
1672
1633
1681
1712
1575
1206
732
341
48
-236
-574
-968
-1417
-1926
-2401
-2694
-2562
-1873
-886
-230
-372
-1018
-1412
-1030
45
1359
2361
2613
2137
1502
1352
1824
2600
3300
3635
3396
2648
1844
1410
1380
1508
1602
1548
1183
451
-452
-1195
-1555
-1525
-1329
-1357
-1827
-2531
-3051
-3171
-2990
-2644
-2269
-2055
-2126
-2327
-2330
-1985
-1410
-806
-316
-23
66
69
183
535
1083
1636
1950
1927
1693
1490
1469
1591
1713
1650
1291
729
219
-51
-140
-250
-533
-1029
-1657
-2239
-2594
-2629
-2248
-1410
-437
-16
-481
-1274
-1482
-756
543
1836
2600
2509
1790
1200
1324
2010
2769
3311
3466
3049
2185
1431
1196
1328
1480
1530
1415
957
111
-810
-1401
-1524
-1341
-1186
-1393
-2023
-2761
-3173
-3120
-2788
-2421
-2169
-2113
-2215
-2314
-2200
-1798
-1196
-578
-131
73
98
104
268
706
1356
1941
2145
1926
1564
1404
1552
1847
2020
1861
1355
687
139
-109
-110
-111
-373
-975
-1726
-2345
-2667
-2665
-2267
-1444
-515
-115
-568
-1368
-1616
-878
489
1788
2465
2316
1631
1086
1213
1926
2738
3267
3354
2911
2089
1364
1129
1299
1529
1611
1449
893
-27
-939
-1420
-1402
-1141
-1005
-1295
-2027
-2824
-3192
-3006
-2556
-2198
-2072
-2140
-2286
-2360
-2208
-1753
-1097
-500
-176
-107
-113
-18
270
814
1533
2102
2189
1840
1472
1438
1736
2092
2216
1948
1323
583
56
-74
58
100
-258
-1007
-1826
-2378
-2587
-2602
-2459
-1983
-1166
-467
-468
-1093
-1581
-1259
-156
1185
2201
2502
2043
1338
1126
1658
2522
3206
3496
3296
2608
1767
1299
1353
1615
1764
1677
1247
436
-498
-1126
-1273
-1120
-969
-1118
-1730
-2588
-3153
-3109
-2718
-2416
-2333
-2363
-2435
-2499
-2377
-1939
-1308
-776
-509
-410
-300
-99
202
662
1298
1864
2005
1718
1404
1415
1702
2026
2200
2073
1539
768
187
60
216
234
-126
-813
-1571
-2146
-2448
-2519
-2325
-1733
-893
-349
-546
-1230
-1650
-1275
-167
1171
2135
2263
1654
993
970
1627
2473
3097
3337
3083
2345
1535
1200
1419
1784
1920
1733
1213
379
-530
-1110
-1171
-916
-758
-1036
-1790
-2636
-3052
-2869
-2443
-2169
-2142
-2260
-2439
-2554
-2369
-1797
-1099
-649
-549
-584
-513
-247
197
789
1407
1784
1731
1411
1230
1402
1772
2068
2154
1959
1425
702
187
143
367
412
54
-622
-1398
-2031
-2316
-2262
-2097
-1891
-1480
-860
-481
-701
-1202
-1284
-610
533
1632
2214
2051
1422
1023
1307
2049
2745
3140
3155
2695
1924
1374
1379
1661
1785
1670
1376
814
-25
-784
-1084
-962
-791
-911
-1442
-2224
-2859
-3010
-2749
-2441
-2305
-2319
-2424
-2559
-2546
-2202
-1616
-1078
-790
-689
-574
-327
30
430
859
1305
1632
1676
1499
1389
1519
1776
1994
2078
1916
1405
714
258
237
401
354
-65
-755
-1499
-2018
-2149
-2022
-1841
-1581
-1112
-631
-585
-994
-1310
-990
-60
1024
1788
1936
1528
1052
1056
1613
2321
2808
2968
2749
2177
1580
1368
1551
1769
1788
1600
1167
443
-344
-795
-790
-596
-584
-969
-1683
-2417
-2796
-2710
-2391
-2133
-2076
-2207
-2437
-2594
-2472
-2019
-1428
-973
-763
-683
-581
-389
-70
426
1038
1510
1606
1396
1193
1219
1463
1808
2091
2080
1625
911
368
250
397
461
211
-327
-983
-1534
-1821
-1858
-1841
-1956
-2066
-1832
-1183
-572
-523
-936
-1173
-747
206
1198
1800
1856
1538
1280
1450
2005
2606
2989
3084
2868
2389
1906
1715
1813
1936
1894
1637
1135
427
-255
-621
-648
-590
-719
-1161
-1850
-2528
-2843
-2687
-2337
-2186
-2335
-2536
-2575
-2452
-2252
-1969
-1586
-1184
-874
-667
-503
-321
-35
429
991
1391
1429
1216
1089
1270
1669
1989
1967
1572
1021
605
456
456
372
109
-262
-643
-1024
-1416
-1752
-1976
-2152
-2251
-2009
-1278
-492
-340
-859
-1294
-1006
-120
876
1656
2025
1852
1396
1262
1722
2422
2925
3153
3119
2743
2134
1704
1709
1947
2063
1898
1450
770
37
-466
-605
-525
-505
-794
-1454
-2251
-2750
-2713
-2369
-2147
-2206
-2391
-2516
-2531
-2416
-2121
-1674
-1238
-958
-821
-697
-484
-169
233
676
1032
1163
1085
1011
1141
1426
1618
1562
1336
1112
937
724
422
129
-42
-119
-255
-567
-1026
-1493
-1830
-2019
-2137
-2154
-1859
-1176
-485
-325
-716
-1101
-932
-152
944
1911
2290
1964
1413
1309
1791
2486
3062
3401
3350
2812
2094
1723
1821
2040
2068
1882
1512
886
84
-561
-770
-612
-474
-727
-1437
-2289
-2827
-2838
-2497
-2165
-2083
-2264
-2554
-2735
-2641
-2244
-1674
-1158
-872
-834
-885
-808
-507
-9
567
1029
1194
1067
881
864
1045
1316
1558
1633
1417
960
509
263
206
221
207
35
-395
-1003
-1515
-1761
-1815
-1853
-1924
-1857
-1482
-891
-521
-661
-1021
-973
-234
842
1714
2053
1872
1492
1408
1875
2623
3178
3323
3162
2843
2476
2207
2134
2182
2204
2090
1747
1126
361
-247
-479
-433
-399
-666
-1325
-2154
-2729
-2784
-2505
-2293
-2341
-2510
-2620
-2648
-2599
-2408
-2031
-1582
-1246
-1066
-972
-900
-781
-480
87
697
963
802
556
578
871
1226
1470
1515
1323
972
633
427
358
351
301
116
-225
-647
-1069
-1422
-1613
-1604
-1553
-1648
-1770
-1578
-1013
-470
-286
-356
-320
19
638
1408
2053
2293
2138
1994
2187
2616
2985
3191
3273
3189
2887
2481
2162
1986
1908
1858
1699
1245
505
-218
-616
-704
-741
-960
-1425
-2048
-2614
-2868
-2741
-2459
-2339
-2468
-2689
-2834
-2843
-2666
-2247
-1703
-1303
-1209
-1242
-1128
-827
-462
-73
380
772
888
756
686
877
1174
1336
1341
1295
1176
898
554
329
257
190
39
-154
-391
-734
-1120
-1365
-1419
-1470
-1676
-1917
-1876
-1396
-675
-163
-110
-323
-346
118
946
1807
2370
2511
2353
2198
2319
2735
3263
3645
3696
3372
2830
2349
2117
2100
2148
2083
1740
1081
283
-354
-668
-745
-795
-1012
-1502
-2182
-2770
-2999
-2905
-2739
-2695
-2750
-2810
-2847
-2822
-2673
-2383
-2031
-1693
-1386
-1130
-984
-910
-732
-316
236
653
781
686
547
526
735
1116
1392
1310
923
535
343
303
305
285
175
-85
-433
-739
-963
-1143
-1284
-1351
-1393
-1405
-1244
-793
-245
40
-5
-94
134
746
1528
2155
2412
2366
2277
2360
2614
2948
3280
3478
3362
2943
2464
2154
2030
1989
1943
1765
1332
662
-33
-523
-739
-753
-785
-1109
-1788
-2530
-2921
-2875
-2644
-2469
-2437
-2550
-2771
-2938
-2865
-2528
-2082
-1683
-1404
-1306
-1363
-1373
-1100
-539
59
429
486
326
162
225
579
1013
1245
1184
951
684
467
375
409
455
390
198
-72
-429
-819
-1037
-972
-813
-913
-1343
-1693
-1500
-722
132
492
310
-9
55
647
1541
2332
2644
2494
2251
2287
2611
2952
3202
3379
3378
3054
2477
1980
1788
1823
1896
1770
1302
523
-271
-723
-797
-717
-805
-1239
-1925
-2587
-2890
-2803
-2598
-2548
-2706
-2909
-3022
-2989
-2801
-2498
-2137
-1805
-1579
-1468
-1409
-1255
-919
-452
13
331
432
353
280
411
766
1132
1272
1163
930
740
669
708
758
666
409
110
-136
-304
-453
-600
-737
-935
-1170
-1418
-1563
-1445
-1017
-339
221
363
139
-85
175
954
1932
2664
2859
2650
2347
2295
2630
3160
3626
3756
3479
2928
2325
1966
1916
2018
1991
1603
939
195
-405
-737
-876
-932
-1125
-1577
-2218
-2837
-3146
-3099
-2864
-2698
-2784
-3042
-3283
-3301
-3023
-2579
-2134
-1862
-1793
-1816
-1746
-1432
-925
-400
-21
158
196
171
235
510
969
1371
1451
1224
948
845
917
1002
1000
859
565
208
-67
-152
-145
-242
-478
-767
-1003
-1179
-1280
-1166
-791
-234
229
378
267
151
395
1089
1967
2612
2752
2553
2351
2392
2714
3145
3475
3508
3198
2713
2235
1914
1777
1768
1752
1504
938
169
-534
-941
-1039
-981
-1060
-1497
-2225
-2911
-3212
-3123
-2898
-2772
-2826
-2986
-3168
-3244
-3089
-2728
-2320
-2042
-1897
-1783
-1640
-1436
-1115
-651
-170
130
218
256
398
637
893
1127
1286
1309
1216
1117
1088
1081
1016
876
683
454
236
73
-51
-207
-410
-616
-779
-918
-1038
-1082
-961
-651
-233
147
379
489
596
857
1332
1925
2411
2611
2576
2519
2600
2797
3006
3142
3123
2893
2513
2137
1864
1682
1543
1384
1091
588
-36
-555
-848
-994
-1144
-1400
-1804
-2301
-2739
-2951
-2952
-2896
-2905
-2970
-3030
-3062
-3033
-2866
-2563
-2240
-2011
-1859
-1692
-1464
-1182
-866
-536
-245
-24
148
311
483
668
864
1039
1129
1119
1081
1085
1112
1086
978
796
575
372
254
204
127
-40
-271
-466
-580
-636
-686
-728
-663
-405
0
368
553
598
650
875
1314
1864
2313
2477
2403
2280
2267
2402
2632
2841
2859
2616
2229
1857
1591
1425
1330
1228
961
466
-150
-682
-988
-1073
-1061
-1186
-1598
-2199
-2716
-2914
-2816
-2615
-2511
-2613
-2842
-3031
-3032
-2818
-2452
-2042
-1728
-1622
-1681
-1710
-1506
-1048
-505
-93
57
-6
-73
35
345
737
1058
1218
1199
1072
961
946
1031
1144
1197
1095
811
461
239
253
396
475
366
88
-232
-472
-553
-506
-405
-260
-81
128
309
432
545
703
982
1353
1713
1936
1994
1998
2052
2154
2263
2346
2374
2294
2102
1875
1664
1459
1234
1009
792
545
238
-133
-532
-881
-1125
-1271
-1446
-1744
-2112
-2433
-2632
-2729
-2747
-2717
-2704
-2745
-2803
-2804
-2709
-2522
-2270
-1998
-1769
-1624
-1529
-1390
-1136
-774
-400
-103
101
262
424
600
785
990
1209
1405
1518
1514
1432
1344
1301
1289
1244
1125
935
724
554
445
358
227
51
-133
-298
-458
-566
-483
-188
161
359
384
356
397
605
1006
1500
1834
1858
1710
1628
1724
1946
2215
2408
2375
2105
1763
1509
1347
1241
1186
1102
837
373
-134
-537
-801
-950
-1042
-1248
-1677
-2212
-2599
-2734
-2718
-2696
-2753
-2906
-3086
-3165
-3069
-2868
-2670
-2502
-2338
-2154
-1946
-1692
-1379
-1019
-643
-297
-32
154
341
598
918
1229
1453
1556
1575
1598
1672
1752
1768
1712
1613
1465
1263
1058
905
791
667
522
360
149
-105
-327
-447
-498
-544
-555
-443
-225
-31
60
122
249
472
763
1080
1377
1597
1742
1834
1881
1909
1994
2159
2295
2277
2105
1854
1561
1278
1102
1041
919
588
108
-364
-757
-1092
-1361
-1587
-1853
-2205
-2589
-2929
-3178
-3282
-3221
-3129
-3166
-3308
-3360
-3208
-2921
-2594
-2270
-1994
-1799
-1619
-1336
-919
-450
-21
325
586
786
981
1228
1519
1791
1981
2057
2038
1972
1915
1909
1932
1899
1732
1429
1091
834
692
592
457
260
5
-270
-512
-667
-739
-789
-841
-842
-740
-543
-328
-139
47
269
555
865
1153
1399
1616
1829
2038
2213
2326
2369
2361
2324
2266
2163
1978
1684
1328
999
738
497
198
-200
-674
-1151
-1560
-1862
-2097
-2362
-2698
-3048
-3301
-3406
-3400
-3362
-3333
-3291
-3196
-3042
-2851
-2623
-2338
-1992
-1621
-1272
-953
-641
-303
77
480
850
1119
1290
1421
1579
1780
1976
2106
2140
2092
2001
1902
1801
1679
1507
1274
1005
759
566
404
217
-6
-232
-424
-565
-656
-713
-781
-870
-907
-800
-556
-278
-45
161
371
594
831
1096
1402
1703
1950
2102
2164
2172
2185
2240
2294
2268
2111
1826
1462
1104
836
651
431
75
-390
-855
-1250
-1571
-1839
-2083
-2340
-2635
-2926
-3137
-3243
-3259
-3211
-3119
-3008
-2912
-2820
-2679
-2438
-2095
-1718
-1378
-1104
-861
-588
-253
121
478
785
1043
1260
1441
1595
1734
1862
1957
2000
1994
1950
1861
1737
1608
1490
1346
1133
876
639
451
293
139
-12
-165
-323
-467
-562
-604
-631
-679
-733
-753
-719
-619
-447
-212
39
270
484
688
888
1082
1304
1561
1794
1933
1967
1941
1901
1874
1864
1829
1693
1420
1089
778
499
222
-50
-314
-608
-964
-1351
-1687
-1937
-2136
-2319
-2497
-2665
-2813
-2917
-2954
-2915
-2815
-2679
-2528
-2371
-2201
-2002
-1747
-1422
-1060
-714
-427
-185
64
364
710
1054
1328
1503
1603
1681
1765
1849
1915
1951
1943
1871
1729
1557
1392
1259
1141
994
788
516
232
7
-123
-199
-290
-423
-560
-658
-715
-743
-743
-727
-714
-687
-597
-420
-186
62
309
541
730
891
1082
1328
1582
1747
1800
1780
1730
1691
1685
1688
1629
1454
1178
864
560
283
47
-171
-425
-750
-1118
-1482
-1791
-2021
-2174
-2302
-2458
-2641
-2800
-2880
-2862
-2749
-2576
-2393
-2231
-2073
-1878
-1622
-1312
-979
-652
-345
-57
215
485
760
1041
1308
1524
1669
1761
1827
1875
1904
1896
1839
1735
1603
1468
1330
1176
995
792
584
382
189
8
-159
-302
-404
-462
-497
-537
-599
-664
-682
-630
-534
-448
-410
-397
-354
-238
-49
183
399
573
700
788
870
973
1129
1319
1472
1513
1424
1270
1148
1112
1125
1082
909
614
277
-16
-236
-396
-542
-724
-968
-1271
-1569
-1792
-1891
-1892
-1879
-1924
-2038
-2147
-2159
-2038
-1817
-1573
-1393
-1288
-1215
-1088
-859
-548
-226
30
189
286
390
550
756
957
1101
1163
1157
1122
1099
1113
1152
1185
1162
1054
886
726
637
625
630
571
419
230
90
32
33
28
-10
-71
-131
-168
-185
-185
-172
-150
-130
-127
-153
-198
-228
-224
-175
-99
-20
53
116
191
272
360
452
548
652
745
802
802
750
677
625
619
617
566
438
260
85
-42
-116
-163
-227
-335
-482
-648
-790
-885
-917
-924
-951
-1036
-1152
-1241
-1264
-1213
-1129
-1060
-1030
-1025
-1001
-932
-810
-658
-497
-363
-272
-210
-140
-25
137
313
448
517
539
566
639
750
857
919
921
892
867
863
874
875
851
796
716
623
528
446
376
316
250
167
61
-52
-148
-214
-265
-337
-441
-554
-638
-679
-699
-730
-775
-798
-746
-616
-453
-317
-229
-149
-23
175
407
619
776
889
983
1070
1151
1225
1289
1336
1338
1267
1134
979
847
760
674
531
304
25
-232
-422
-553
-690
-875
-1107
-1328
-1487
-1576
-1621
-1655
-1690
-1719
-1723
-1692
-1616
-1494
-1334
-1158
-985
-826
-671
-499
-288
-46
192
400
562
696
830
969
1106
1214
1275
1288
1270
1240
1209
1166
1092
985
850
708
566
427
283
128
-40
-207
-353
-471
-563
-643
-725
-808
-888
-952
-987
-988
-969
-941
-909
-875
-824
-726
-556
-320
-57
187
386
559
752
990
1271
1545
1751
1855
1879
1879
1902
1955
1992
1955
1820
1599
1341
1101
895
705
486
208
-126
-480
-810
-1079
-1281
-1445
-1618
-1823
-2035
-2200
-2276
-2262
-2187
-2106
-2043
-1992
-1908
-1751
-1519
-1251
-990
-764
-568
-377
-164
81
335
565
741
866
965
1061
1160
1250
1308
1319
1279
1203
1111
1016
924
821
693
529
340
148
-19
-148
-256
-366
-489
-620
-726
-787
-803
-790
-770
-750
-728
-691
-638
-566
-472
-358
-228
-94
33
141
248
387
568
784
1003
1184
1312
1394
1470
1571
1698
1810
1860
1821
1701
1538
1379
1251
1142
1014
814
531
204
-112
-371
-565
-721
-887
-1103
-1364
-1614
-1795
-1879
-1882
-1848
-1822
-1830
-1860
-1861
-1780
-1604
-1370
-1146
-977
-861
-766
-629
-427
-181
52
220
326
394
456
535
627
720
783
796
758
690
614
552
514
494
459
381
269
155
75
34
13
-14
-61
-125
-186
-224
-233
-228
-221
-216
-201
-171
-126
-72
-9
57
126
194
262
338
415
487
548
591
618
638
670
724
791
845
867
850
812
785
791
818
831
788
684
554
441
361
303
236
140
7
-144
-281
-386
-462
-526
-588
-662
-746
-836
-911
-953
-965
-959
-961
-971
-992
-1008
-1000
-962
-905
-847
-803
-766
-725
-670
-602
-523
-441
-362
-290
-224
-151
-67
21
108
187
255
314
367
424
484
532
560
568
567
564
566
568
562
539
495
437
382
338
310
282
240
180
106
35
-10
-25
-20
-19
-40
-87
-132
-150
-128
-76
-30
-14
-39
-75
-86
-50
23
96
134
124
97
94
148
247
353
418
427
403
387
414
488
568
605
577
498
411
358
349
357
339
263
134
-12
-130
-195
-224
-256
-326
-441
-568
-665
-707
-703
-685
-686
-719
-765
-788
-766
-697
-612
-538
-493
-467
-433
-371
-279
-178
-90
-27
16
50
89
138
194
243
273
285
283
273
263
254
249
239
221
186
141
90
42
5
-25
-55
-90
-136
-187
-231
-261
-270
-267
-258
-255
-255
-249
-225
-181
-127
-66
-8
43
93
144
200
260
319
367
403
426
434
441
449
457
455
434
400
367
347
337
324
295
256
219
202
202
204
197
185
171
170
178
190
199
207
217
225
227
224
221
218
220
219
202
167
121
76
40
5
-38
-98
-170
-245
-312
-373
-428
-482
-542
-600
-650
-693
-728
-753
-771
-778
-776
-770
-761
-745
-721
-682
-635
-586
-544
-504
-455
-391
-321
-260
-214
-176
-132
-76
-20
23
51
73
97
126
153
169
182
196
219
242
256
262
270
291
324
354
366
369
377
397
426
445
452
452
459
471
485
485
476
469
478
493
498
486
465
458
466
483
487
477
461
453
460
468
462
442
420
408
399
375
332
277
234
202
170
119
44
-41
-113
-168
-214
-270
-345
-426
-501
-560
-612
-662
-714
-765
-805
-844
-882
-920
-950
-963
-957
-944
-941
-944
-946
-925
-882
-826
-767
-719
-673
-625
-565
-492
-409
-326
-246
-170
-103
-40
22
95
172
250
313
353
380
404
440
490
536
564
567
557
543
545
559
580
595
591
568
538
519
517
537
562
570
559
528
502
495
512
541
560
550
518
480
452
447
453
454
434
390
332
276
236
210
188
156
106
43
-23
-79
-122
-152
-179
-214
-261
-317
-372
-413
-437
-450
-465
-494
-534
-573
-601
-613
-612
-610
-614
-621
-634
-640
-637
-624
-601
-576
-550
-527
-502
-480
-453
-414
-368
-321
-276
-239
-205
-173
-137
-94
-48
-4
32
62
87
111
138
168
201
229
249
261
274
284
297
314
328
337
341
339
334
333
334
333
330
325
314
301
290
280
277
273
266
260
248
241
238
239
243
245
247
245
243
239
239
238
233
226
210
190
167
142
119
93
64
30
-10
-53
-92
-124
-155
-185
-218
-252
-284
-310
-328
-338
-344
-348
-350
-350
-344
-330
-309
-280
-252
-223
-195
-165
-131
-95
-62
-31
-6
17
37
52
63
71
75
72
65
56
44
30
13
-1
-21
-42
-60
-78
-91
-104
-118
-130
-138
-143
-145
-145
-145
-142
-137
-131
-121
-110
-100
-89
-75
-62
-47
-30
-16
-3
12
26
38
50
59
71
79
86
90
95
100
103
104
106
107
107
108
107
106
106
105
106
108
110
114
117
121
127
132
139
146
149
155
161
166
171
174
177
179
181
181
178
175
170
164
158
149
139
129
118
107
94
81
65
50
34
19
2
-16
-33
-52
-70
-88
-105
-122
-139
-156
-171
-184
-196
-209
-219
-227
-229
-233
-239
-239
-242
-236
-231
-231
-226
-224
-213
-202
-197
-189
-182
-173
-160
-150
-144
-135
-127
-118
-110
-103
-96
-88
-80
-73
-66
-57
-49
-42
-33
-26
-17
-7
0
10
18
29
40
53
65
78
93
109
127
145
158
178
198
218
237
247
258
275
287
299
303
299
301
298
294
286
268
252
237
217
194
163
137
111
84
55
24
-8
-36
-61
-86
-110
-129
-150
-167
-180
-188
-195
-199
-201
-200
-196
-192
-182
-171
-158
-144
-129
-110
-94
-78
-61
-45
-31
-18
-9
-2
3
7
8
7
0
-6
-14
-24
-35
-48
-61
-73
-82
-91
-102
-110
-112
-115
-115
-117
-116
-110
-101
-89
-79
-67
-53
-33
-13
5
25
42
63
83
100
121
137
152
166
180
194
205
214
221
223
221
220
217
212
205
191
176
161
143
123
100
79
53
29
5
-20
-44
-67
-87
-106
-122
-135
-145
-153
-160
-161
-158
-153
-148
-139
-127
-112
-96
-79
-61
-44
-25
-7
6
21
33
45
55
59
63
64
62
58
52
46
34
25
12
-2
-14
-29
-44
-55
-66
-78
-89
-98
-104
-105
-104
-104
-102
-95
-86
-76
-63
-47
-34
-21
-6
8
22
38
52
66
74
82
89
96
101
105
109
109
107
105
100
95
89
86
77
68
58
47
36
26
15
2
-10
-20
-31
-40
-45
-54
-60
-67
-72
-72
-71
-73
-70
-67
-62
-54
-50
-42
-35
-28
-22
-14
-6
1
10
17
21
28
33
34
36
39
37
37
35
32
26
24
23
20
19
14
9
8
3
1
0
-3
-6
-8
-9
-13
-12
-11
-13
-11
-11
-10
-10
-10
-9
-6
-5
-2
1
2
4
7
9
9
11
11
13
14
12
10
9
8
7
7
4
1
-3
-5
-7
-6
-9
-12
-13
-14
-15
-17
-19
-21
-22
-18
-20
-20
-23
-22
-19
-16
-16
-15
-13
-13
-10
-8
-6
-3
-1
0
3
5
6
9
12
14
16
17
18
20
22
23
25
25
23
22
22
23
22
21
18
15
13
11
11
10
8
6
3
2
0
0
-2
-3
0
-1
-4
-3
-3
-4
-3
-4
-5
-7
-8
-10
-9
-5
-6
-7
-7
-9
-6
-5
-5
-5
-6
-6
-6
-6
-7
-6
-4
-6
-4
-5
-6
-6
-7
-5
-4
-3
-5
-4
-6
-5
-4
-2
-2
-4
-4
-3
-3
-2
-4
-3
-2
-2
-3
-3
-3
-2
-1
1
2
3
1
2
4
6
8
9
9
10
12
12
12
13
13
14
16
15
13
11
11
11
12
9
8
6
4
3
3
1
-2
-5
-6
-6
-7
-7
-8
-8
-8
-5
-6
-8
-10
-9
-7
-6
-5
-5
-5
-5
-5
-3
-3
-3
-4
-3
-3
-1
-2
-2
-2
-1
-1
-2
-1
0
-1
-2
-2
-1
-1
-1
1
1
2
3
1
2
2
2
0
1
1
3
3
4
2
2
3
2
2
3
2
1
2
0
1
1
3
1
1
1
1
1
1
1
2
3
1
2
0
-1
0
0
1
-1
-1
-2
-1
-2
-1
-1
0
2
0
-1
-1
-1
0
0
2
1
1
0
0
1
0
0
-1
0
-2
-2
-2
-1
0
-1
-1
0
0
1
2
3
2
2
0
-1
1
0
2
0
0
1
1
2
1
0
0
1
2
0
0
1
1
0
-1
-1
-1
0
-2
-3
-2
-2
-1
-3
-2
0
-1
-2
-2
-3
-2
0
0
0
1
-1
0
-2
-2
-1
0
0
-1
-3
-4
-5
-6
-4
-5
-5
-6
-6
-7
-4
-5
-5
-5
-2
-1
-1
1
1
3
5
7
8
8
9
10
11
11
13
12
12
12
11
11
11
9
9
8
8
6
6
4
2
0
-2
-2
-3
-4
-4
-4
-4
-4
-4
-6
-7
-6
-9
-8
-8
-9
-7
-7
-6
-8
-7
-8
-8
-7
-5
-5
-4
0
-1
1
1
0
1
2
2
2
0
-1
-1
-1
-1
-2
-1
-1
-3
-2
-1
-2
-2
-2
-2
-1
-2
-3
-2
-3
-5
-4
-3
-5
-5
-5
-4
-5
-2
0
0
2
4
5
7
8
9
10
12
12
12
12
13
13
13
12
13
13
10
9
9
10
10
8
7
4
2
1
-1
-2
-4
-6
-7
-6
-9
-8
-8
-9
-9
-10
-11
-10
-12
-10
-9
-8
-8
-8
-6
-6
-4
-2
-1
-2
-2
-2
0
-1
0
0
-1
-1
-1
0
-1
0
0
0
-1
0
-1
0
2
0
0
0
-2
-3
-2
-3
-3
-2
-2
-2
-3
-1
-1
-1
1
1
0
3
4
5
5
4
6
6
6
6
6
6
6
6
6
6
7
6
4
5
4
5
5
5
5
4
3
4
3
2
2
2
1
1
0
-1
-1
-4
-4
-4
-5
-5
-5
-6
-6
-5
-5
-6
-5
-3
-3
-3
-4
-5
-5
-4
-3
-3
-1
-2
-1
0
-1
-2
-2
-1
-1
0
-1
-2
-2
-2
-1
-1
-1
-2
-2
-1
-2
-3
-3
-3
-1
-2
-2
-4
-2
-2
-1
-2
-2
0
-1
1
2
3
2
2
1
1
3
3
5
5
3
5
4
4
4
4
3
2
0
1
0
0
1
-1
1
1
2
4
3
4
3
4
3
3
5
4
4
4
4
5
5
3
3
2
1
0
0
1
1
1
-1
-1
0
-2
-3
-3
-3
-3
-4
-3
-4
-2
-3
-3
-4
-6
-7
-5
-4
-5
-5
-3
-3
-2
-3
-4
-6
-6
-6
-6
-7
-6
-6
-6
-4
-4
-4
-4
-4
-3
-3
-2
-2
-2
-2
0
0
1
2
3
3
4
4
4
6
6
8
7
7
7
8
9
7
7
6
5
3
4
4
4
3
1
0
0
-1
-1
-2
-1
-1
-1
-2
-3
-1
0
-2
-1
-3
-3
-3
-3
0
2
2
1
1
3
3
3
3
2
4
4
4
4
3
0
0
0
0
-1
0
-2
-3
-4
-5
-5
-7
-9
-9
-8
-10
-10
-10
-9
-8
-8
-7
-5
-4
-2
-1
-1
-1
-1
1
2
3
3
3
2
3
4
3
3
3
4
5
5
5
4
5
4
3
4
4
4
3
3
2
3
-1
0
-1
-2
-2
-4
-3
-4
-4
-2
-4
-2
-2
-2
-2
-2
-2
-1
-1
-1
1
-1
-2
1
1
3
4
4
3
4
4
4
5
6
5
4
3
2
2
0
0
-1
-1
-2
-3
-3
-4
-3
-2
-2
-3
-4
-5
-3
-4
-4
-3
-4
-4
-6
-4
-3
-3
-1
-1
-1
0
0
-1
1
0
1
0
-2
0
0
1
2
2
2
2
2
2
2
1
0
2
2
2
2
1
-1
-1
-1
0
-1
1
1
0
0
-1
-1
-1
0
-1
0
-1
-2
-1
-1
0
-1
0
0
-1
0
2
1
0
1
1
1
3
2
2
1
0
2
0
-1
0
1
1
1
2
3
2
2
2
2
2
1
-1
-1
-1
0
0
-2
-2
0
-2
-3
-3
-3
-3
-3
-4
-2
-2
-3
0
-2
0
0
1
0
1
-1
-2
-1
-3
-2
-1
-2
-2
-1
-1
-2
-1
2
-1
-1
0
1
0
1
0
0
1
0
0
0
0
-1
-1
-1
-1
-2
-1
-2
-3
-2
-1
-1
0
-1
-1
1
2
2
2
2
4
3
4
5
5
5
4
4
5
6
7
7
9
6
5
4
2
1
2
0
-1
-2
-2
-5
-5
-4
-5
-6
-5
-5
-4
-4
-5
-4
-3
-4
-3
-2
-1
-2
-2
0
0
1
0
0
0
-2
0
-1
-2
-1
-2
-1
-1
-2
-2
-3
-4
-2
-3
-2
-3
-4
-4
-5
-4
-3
-1
-2
-1
-2
-2
0
-1
0
1
1
2
3
3
3
2
2
3
6
6
6
5
7
5
7
6
7
7
7
7
6
6
5
5
5
3
3
1
1
-1
-1
-2
-3
-2
-4
-2
-4
-2
-3
-4
-2
-5
-5
-4
-6
-6
-5
-4
-5
-4
-3
-3
-4
-2
-1
-1
-2
-2
-2
-1
-2
-1
-2
-2
0
0
-1
0
-2
0
0
0
0
-2
-1
0
1
0
-3
-2
-2
-1
-2
-1
0
0
1
0
0
0
0
2
1
2
2
1
1
1
3
2
4
5
5
4
4
4
6
5
4
5
2
2
2
2
2
1
0
0
1
2
1
1
1
0
1
2
1
1
1
0
1
0
-1
-2
-3
-2
-2
-4
-3
-4
-4
-3
-6
-6
-6
-5
-5
-5
-5
-6
-4
-4
-3
-3
-2
-1
-3
-1
-1
0
1
0
1
2
3
2
3
2
1
3
3
3
4
3
1
1
1
2
1
0
0
-1
-3
-3
-1
0
-1
0
1
1
1
2
2
3
3
3
2
3
2
3
3
3
3
3
2
2
2
2
4
4
4
3
2
0
-1
-2
-2
-3
-5
-5
-4
-6
-6
-5
-6
-5
-5
-3
-3
-4
-4
-6
-4
-3
-1
0
0
0
1
2
2
2
2
3
3
3
3
2
2
1
2
0
-1
0
-2
0
-1
-1
-1
-3
-4
-2
-1
-3
-2
-3
-3
-5
-4
-4
-3
-1
-1
0
0
2
2
3
1
2
1
3
3
3
2
3
3
3
4
4
5
4
5
5
4
3
2
2
1
1
0
-2
0
-1
-2
-3
-2
-2
-2
-3
-3
-2
0
-2
-3
-2
-3
-2
0
0
0
-1
-1
0
2
1
0
1
1
2
1
1
1
1
2
-1
-1
-1
-1
0
0
-1
0
-1
-2
-1
-2
-4
-3
-4
-4
-4
-4
-4
-3
-3
-3
-2
1
1
1
0
1
2
2
3
1
1
0
1
1
2
2
1
1
1
1
1
2
1
2
1
1
2
2
1
1
1
2
0
-1
1
-1
0
0
1
3
2
2
1
3
2
3
4
3
2
2
3
3
2
1
1
1
1
1
0
1
2
1
0
-2
-1
-1
-3
-2
-3
-5
-5
-4
-5
-4
-4
-5
-4
-4
-4
-5
-4
-5
-4
-3
-2
-2
-3
-3
-2
-2
-1
-1
-1
0
0
1
1
0
0
1
0
1
2
1
1
2
1
0
0
0
0
1
0
-2
-1
-2
0
1
3
3
2
2
2
3
6
5
7
5
4
4
4
6
5
4
5
5
5
6
5
5
4
4
5
4
1
1
1
0
0
0
-1
-3
-3
-3
-3
-5
-5
-5
-7
-9
-9
-7
-7
-6
-7
-7
-6
-6
-6
-6
-4
-4
-4
-3
-4
-2
-1
-1
-2
-2
-2
-1
0
1
1
2
1
0
1
2
0
0
0
0
1
1
1
1
1
2
1
0
2
2
3
3
2
2
3
1
1
0
0
2
2
4
4
5
5
4
5
5
6
5
5
5
4
4
4
4
4
4
2
-1
-1
-1
0
-1
-1
-1
-2
-2
-3
-3
-3
-3
-4
-3
-4
-4
-3
-3
-2
-2
-3
-2
-2
-2
-1
-1
0
-1
-3
-2
-2
-2
-3
-3
-3
-3
-2
-2
-2
-1
-1
-1
0
2
1
0
-1
0
-1
-2
-3
-3
-3
-1
0
0
-1
1
-1
0
0
0
1
1
3
3
2
2
3
3
4
5
4
2
2
3
3
2
2
3
3
2
1
1
2
0
-1
-1
0
0
0
-1
-2
0
-1
-1
0
0
-1
1
1
2
3
1
2
1
1
2
2
2
0
0
0
0
2
-1
0
-1
-1
-2
-1
-2
-1
-2
-1
-1
-1
1
2
0
0
0
0
0
0
0
-1
-1
-2
-2
-3
-3
-4
-4
-3
-3
-3
-2
-5
-4
-2
-4
-4
-4
-3
-3
-3
-4
-2
-2
1
2
0
2
2
3
2
3
4
3
4
2
3
4
5
5
4
5
4
3
3
3
3
1
1
0
0
-2
-1
-1
1
1
1
0
0
0
1
1
1
3
3
4
4
3
3
2
3
2
1
2
1
-1
-2
-2
-2
-2
-1
-3
-3
-4
-3
-2
-3
-3
-6
-6
-7
-5
-4
-4
-2
-2
-2
0
-1
-1
1
-2
-1
1
-1
-2
-3
0
-2
0
-1
-2
-2
-1
-1
-3
-2
-1
-3
-2
-2
-2
-1
-1
0
2
2
1
3
1
0
1
2
2
1
1
2
3
4
4
4
4
5
5
7
4
3
5
5
5
3
1
3
3
3
5
4
3
2
3
3
2
3
2
1
1
0
1
0
-2
-2
-2
-3
-4
-4
-5
-5
-5
-5
-5
-6
-5
-4
-5
-5
-5
-5
-6
-6
-4
-5
-4
-4
-5
-4
-5
-3
-3
-2
-2
-1
1
1
3
3
3
2
1
1
1
1
1
2
2
2
3
3
2
4
5
5
4
3
2
4
3
2
2
2
3
2
2
3
3
1
1
1
0
0
1
2
2
3
4
3
4
3
3
2
2
2
1
-1
-2
-3
-2
-3
-3
-3
-4
-4
-4
-4
-3
-4
-2
-1
-1
-2
-1
-1
0
-1
-2
-2
-2
-3
-2
-3
-2
-2
-2
-2
-2
-2
-3
-3
-3
-2
0
0
-1
-1
-1
-2
-1
-1
0
-1
0
1
1
2
2
3
3
2
2
2
0
1
0
1
1
1
1
0
1
1
1
1
1
1
1
2
2
2
4
2
4
4
2
3
3
2
1
2
0
1
2
0
1
2
2
2
1
0
0
-1
0
0
1
0
-2
-1
-3
-2
-3
-3
-4
-5
-5
-6
-5
-4
-5
-4
-4
-3
-2
-2
-1
0
1
1
1
-1
0
0
-1
0
-1
0
1
0
1
2
0
0
0
2
0
0
0
-1
-1
0
0
2
3
2
2
1
2
2
1
1
2
2
1
1
0
-1
1
1
2
1
0
0
-1
-2
0
-1
0
0
0
0
-1
-1
-1
-2
-2
-3
-3
-3
-3
-2
-2
-2
-1
-1
-1
-1
0
0
1
1
2
2
3
3
4
2
2
2
3
2
2
2
1
2
1
1
1
1
1
2
1
0
0
0
0
1
1
-1
-1
0
1
0
0
0
1
0
0
1
0
1
-2
-2
-1
-1
-3
-1
-3
-2
-3
-3
-5
-3
-4
-3
-2
-4
-2
-1
1
0
0
2
1
1
2
1
0
0
-1
0
0
0
0
0
0
-1
-2
-3
-4
-5
-3
-3
-1
-2
-2
-2
-2
-2
0
1
2
1
2
3
1
3
2
3
3
3
5
4
4
4
3
5
5
6
6
5
5
4
2
2
2
0
1
-1
0
-1
-2
-3
-2
-2
-1
0
-2
-2
-2
0
0
-1
-1
-2
0
-1
-2
-3
-4
-4
-1
-1
0
0
-1
-1
-1
0
0
1
-1
-2
-2
-2
-4
-5
-3
-3
-2
-3
-4
-3
-3
-2
-2
-1
-1
0
2
1
3
1
1
3
2
2
3
3
2
1
2
3
3
3
3
3
3
3
2
3
3
1
1
1
2
1
1
1
-1
-1
0
-2
-1
-2
-2
-3
-4
-3
-2
-3
-2
-2
-1
-1
-1
-1
-1
-2
0
-2
0
0
1
1
0
2
2
2
2
1
2
3
2
3
0
0
0
0
0
0
0
-2
-1
-2
0
0
-1
0
0
0
-1
-1
-2
-2
-1
-1
-1
0
0
-1
-2
-3
-2
-1
0
1
0
-1
0
1
2
2
2
3
3
4
3
3
3
4
5
4
2
2
4
4
4
2
2
1
1
1
0
-1
-1
-3
-4
-4
-4
-4
-5
-5
-4
-4
-5
-4
-2
-2
-1
-1
-1
-4
-2
-1
-1
-1
-1
-1
-1
-2
-3
-3
-4
-3
-2
-2
-2
-1
-1
1
2
4
4
3
5
4
3
3
3
4
4
4
4
4
4
3
3
3
3
3
3
2
1
1
1
1
0
0
1
0
0
1
0
1
0
0
-1
-2
-1
-2
-4
-3
-3
-4
-5
-4
-4
-4
-4
-4
-4
-3
-4
-2
-1
-2
-1
-1
-1
-1
-1
-1
-1
1
-1
1
-1
1
2
1
1
2
1
1
0
0
0
0
0
0
1
0
2
2
3
2
4
5
4
2
3
3
2
1
2
0
0
-1
-1
0
-1
-2
-1
-1
-1
0
-2
-1
-1
0
0
0
-1
-1
-2
-1
-1
-1
-1
0
0
0
0
3
1
1
2
2
1
1
2
0
1
0
1
0
1
0
-2
-1
-1
-1
-3
-4
-2
-4
-2
-2
-2
-2
0
1
-1
0
0
1
1
1
2
2
3
1
2
1
0
0
1
2
1
0
1
1
1
0
0
0
-1
0
-1
0
-3
-4
-3
-2
-3
-3
-2
-1
0
1
3
2
0
0
0
-1
1
2
1
2
3
2
2
1
0
1
1
1
2
1
1
2
1
0
0
-2
-2
-1
-1
-2
0
-1
2
-1
-1
0
0
0
-1
-2
-3
-3
-2
-2
-2
-2
-2
-2
-1
1
0
1
-1
-2
-1
0
1
1
2
2
3
4
3
3
2
2
2
4
5
4
4
2
2
-1
1
0
0
0
-2
-1
-1
-1
-1
-1
-2
-2
-2
-2
-2
-2
-3
-2
-1
-1
-3
-3
-3
-1
-1
-1
-1
-3
-1
-1
0
0
0
1
0
0
-1
-1
0
1
1
1
0
1
0
0
1
0
0
-1
-1
0
0
-1
0
-2
0
0
0
1
1
2
1
2
1
3
4
3
2
2
3
4
2
1
0
0
2
2
2
2
-1
1
1
1
1
-1
-2
-2
-1
-1
-1
1
0
-1
-2
-1
-2
-1
-2
-2
-3
-3
-1
-1
0
-2
-1
-3
-3
-2
-1
-1
-1
-1
0
1
0
1
-1
0
1
1
0
0
-1
-2
-4
-2
-2
-2
-2
-1
-1
1
1
2
2
1
2
1
1
0
0
0
2
1
1
3
2
3
3
2
2
3
3
3
4
3
3
2
2
3
3
3
2
1
0
1
-1
-1
-2
-3
-4
-3
-3
-3
-4
-3
-3
-1
-2
-1
-2
-3
-2
-2
-1
-2
-3
-1
0
1
0
-1
-1
0
1
-1
0
-2
-1
-2
-2
-2
-2
0
0
0
-1
0
0
0
0
1
0
0
1
0
0
-1
0
1
1
-2
-1
-1
0
1
2
3
3
3
4
4
3
3
3
3
3
3
4
2
2
1
1
2
1
1
2
1
2
1
-2
-2
-2
-3
-1
-1
-1
-1
-1
-2
-2
-1
-3
-2
-2
-2
-2
-1
-1
0
1
1
0
2
3
3
2
1
2
2
1
1
0
-1
1
0
0
-1
-2
-2
-1
-3
-1
-1
-1
-1
-2
-1
0
-2
-2
-2
-2
-2
-3
-3
-3
-2
-2
-2
-2
-2
-1
0
-2
0
1
1
2
1
1
2
2
2
4
3
4
4
4
3
3
4
3
4
2
3
4
3
3
3
2
2
2
1
1
2
0
-1
-2
-2
-2
-3
-3
-4
-4
-2
-3
-4
-3
-3
-1
-1
0
-1
-3
0
1
-1
0
0
1
0
0
2
2
2
3
3
5
4
4
2
2
2
2
1
1
1
1
0
-1
-1
-1
-1
-1
0
-2
-2
-1
-3
-3
-4
-3
-3
-4
-2
-3
-3
-1
0
1
1
2
1
-1
1
1
0
1
-1
-2
-1
-1
1
-1
1
0
1
0
0
-2
-1
-2
-2
-3
-3
1
0
0
-1
0
0
-1
1
1
3
1
0
2
3
2
1
1
1
3
2
1
2
1
2
2
2
3
3
2
1
2
4
1
1
0
0
0
-1
-1
0
1
0
0
-1
0
1
0
0
0
0
-1
0
0
0
-1
-2
-1
0
-1
-3
-2
-1
0
1
2
0
0
0
0
0
-2
-1
-2
-2
-3
-3
-2
-3
-3
-4
-3
-3
-1
0
-1
-1
-2
-2
-2
-1
0
-1
0
0
-1
-2
-1
-1
0
1
1
0
0
1
1
-1
0
1
2
2
2
2
3
4
2
2
2
3
3
2
3
3
2
1
1
1
1
1
0
0
0
1
3
0
1
0
2
0
-1
1
-1
0
-1
-1
0
-1
0
0
0
0
-1
0
1
1
-1
0
-1
-2
-2
-3
-4
-3
-3
-2
-4
-4
-5
-2
-2
-2
-1
-1
-1
0
-1
-1
-1
-2
-1
0
-1
-1
0
1
2
2
2
2
2
2
2
3
4
4
3
3
3
3
2
2
1
-1
-1
-1
1
0
-1
-1
-1
-2
-3
-2
-3
-2
-3
-4
-3
-1
1
1
-1
1
1
2
2
-1
0
1
2
1
0
1
0
2
1
0
0
0
0
1
-1
-2
0
0
0
0
2
2
0
1
-1
1
2
1
1
1
1
1
1
-1
-1
0
0
-1
-1
-1
-2
0
0
0
-1
1
1
-1
0
0
0
0
-1
0
-1
0
0
0
-1
-3
-2
-4
-3
-4
-4
-2
-1
0
2
1
-1
-1
-1
-1
-1
-1
0
0
1
-1
1
-1
-1
1
0
0
1
1
1
1
2
4
3
2
4
3
3
4
3
3
3
3
2
3
1
1
0
0
0
-1
0
-1
1
2
1
1
0
0
0
1
-2
-1
0
-3
0
-1
-2
-3
-2
-2
-3
-1
-2
-2
-1
-1
-1
-2
-1
0
0
-1
-1
-2
0
-1
0
1
0
-1
-1
0
0
-1
-1
0
-1
-1
-1
-1
-1
-1
0
1
1
0
0
1
2
1
0
0
2
1
-1
-1
-2
-3
-2
-2
-1
-1
0
0
1
2
1
2
1
3
3
2
1
4
1
0
0
-1
0
1
1
1
1
2
2
3
3
1
1
1
1
0
-1
-1
-3
-2
-1
-3
-2
-2
-1
0
-1
-1
-1
-1
-2
1
0
2
2
1
1
1
0
0
2
1
0
-2
-2
-2
-3
-2
-2
-1
-2
-2
-3
-2
-3
-1
-1
0
0
0
0
0
-1
-1
-1
1
-1
-1
0
0
1
2
2
2
1
0
0
1
2
2
2
2
1
1
1
1
1
1
2
1
0
2
2
1
1
0
0
0
-1
-2
0
0
-1
0
-1
1
0
0
-1
-1
1
1
0
-1
0
-1
0
1
1
0
0
0
0
-1
0
-1
-1
-2
-1
-1
-1
-1
-1
-2
-1
0
-1
-2
-1
-2
-3
0
0
0
1
0
1
1
1
2
1
1
1
0
1
2
1
2
2
1
1
0
0
0
2
3
1
0
0
0
0
0
0
-1
-1
0
-1
1
0
0
1
1
1
1
1
1
0
0
-1
-1
-1
0
-1
-1
-2
-2
-2
-2
-2
-3
-1
0
-1
-1
-1
0
1
0
0
0
-1
-2
-1
0
-1
1
1
1
1
0
0
1
2
1
1
0
1
1
2
2
0
0
0
-1
-2
1
0
1
2
1
2
2
3
4
2
2
2
1
2
2
3
2
1
1
-1
-1
-1
-1
-2
-1
-1
-1
0
0
-1
-2
-1
-1
-1
-1
-2
-3
-2
-3
-3
-3
-4
-5
-4
-3
-2
-2
0
0
1
1
1
0
0
0
0
1
1
1
2
1
-1
-1
-2
-2
-2
0
-1
0
0
-1
0
1
0
1
1
2
2
2
2
3
4
1
2
4
3
5
4
5
4
4
4
3
3
3
3
2
1
1
1
0
-1
-2
-2
-2
-3
-1
-2
-1
-1
0
-1
0
0
-2
-1
-2
-1
-1
-2
-2
-1
-2
-1
-1
-3
-2
-4
-2
-4
-2
-4
-3
-2
-3
-1
-1
1
0
0
0
-1
0
1
1
-1
0
-1
-2
-1
0
2
2
1
2
2
3
1
2
-1
0
2
3
1
2
1
2
1
0
2
1
0
1
1
3
0
0
1
-1
-1
-1
0
0
0
-1
0
0
1
2
1
2
3
3
2
0
1
2
1
1
1
-1
0
-1
-2
-2
-2
-2
-2
-3
-2
-2
-1
0
0
1
1
1
-1
0
-1
0
-1
0
0
0
0
1
0
0
1
1
2
0
0
0
0
0
0
0
0
0
-1
0
-1
-1
-2
-1
-2
-3
-3
-2
-2
-2
-2
-2
0
1
1
2
4
2
2
3
1
2
2
0
1
0
2
1
0
0
-1
-2
-2
0
0
0
-1
-2
-1
-1
-3
-1
-1
1
0
1
1
1
2
3
3
3
1
1
2
1
0
-1
-2
-1
0
0
-1
-1
-1
-1
0
0
0
0
0
1
-1
-1
1
1
1
0
1
2
0
0
1
1
1
2
1
1
1
1
1
1
0
-1
-1
-2
-2
-1
-2
-3
-2
-2
-3
-2
-3
-3
-3
-3
-1
-2
-1
0
0
0
0
1
1
2
-1
-1
2
1
2
2
2
3
4
2
0
1
-1
0
0
0
-1
-1
-1
-1
-1
-2
-1
0
-1
0
-1
1
1
1
2
0
3
2
3
1
2
2
1
1
1
1
0
2
0
0
1
0
2
1
0
1
1
0
1
1
0
0
0
-1
-1
-2
-1
-2
-1
0
0
0
-1
-1
-1
-3
-1
-2
0
-1
-2
-1
-1
-1
-2
-2
-1
-1
-2
-1
-2
0
1
1
-1
0
-2
-2
-1
-1
0
-1
-1
1
0
0
0
0
1
1
0
0
1
0
-1
0
-2
0
0
0
1
1
0
2
2
3
2
2
4
4
4
3
4
3
4
3
1
1
1
2
2
1
0
2
2
4
2
2
2
1
2
1
0
0
1
-2
-1
-3
-3
-2
-4
-2
-3
-2
-3
-4
-3
-4
-3
-3
-3
-4
-4
-5
-4
-3
-3
-2
0
1
0
0
-2
-1
1
2
1
2
3
3
2
2
3
1
0
0
-1
-1
-1
-1
-1
-1
0
0
1
1
0
1
1
3
2
1
2
2
1
1
3
5
4
3
3
3
3
2
2
1
2
2
3
2
0
0
-1
-1
-2
-3
-3
-3
-2
-2
-3
-2
0
-1
-1
-1
-3
-1
-2
0
-2
-2
-1
-1
-1
-1
-2
-1
0
1
2
2
1
0
1
1
0
0
0
2
0
1
1
0
0
0
0
0
0
0
0
1
2
0
1
1
1
1
-1
0
0
0
-1
-1
-1
0
0
-1
-1
0
1
-1
0
0
1
0
1
1
0
2
2
2
1
0
0
0
1
1
0
1
0
1
2
-1
0
0
0
0
0
0
-2
0
0
0
-1
0
0
0
-1
-2
-2
-1
-1
0
-1
0
0
0
0
1
-1
2
0
-1
1
2
2
2
1
-1
0
0
1
1
2
1
1
2
2
