2
2
2
1
3
2
1
2
1
0
1
0
1
1
1
1
-1
1
0
1
0
0
0
0
1
1
0
0
-2
-1
-2
-1
0
-2
-1
1
0
0
1
0
0
0
1
0
1
1
-1
-2
1
-2
0
-2
-2
-2
-1
-1
-1
0
-2
-1
-1
-2
0
1
1
1
0
1
1
-1
-1
1
0
-3
0
0
0
1
0
1
1
2
1
0
0
0
1
1
2
2
0
2
2
3
3
1
2
2
2
2
3
1
2
2
3
2
3
3
2
1
1
0
-1
0
-1
-1
-3
-2
-3
-3
-1
-1
1
0
-1
1
0
0
0
0
1
0
0
0
-1
-1
-3
-4
-3
-4
-3
-3
-2
-3
-2
-3
-4
-3
-3
-3
0
-2
-2
-1
-1
0
1
2
1
0
1
1
1
3
2
2
4
2
4
6
4
6
6
5
4
4
2
3
1
1
0
0
-1
-1
-2
-2
0
0
-1
-1
-1
-2
-1
-2
-1
-1
0
1
2
2
1
2
3
3
2
3
1
1
1
1
2
-1
0
-1
-1
-2
-3
-3
-4
-4
-4
-4
-4
-4
-2
-3
-2
-1
-2
0
-1
0
1
-1
-2
-1
-2
-1
-1
-2
-1
0
0
0
0
1
0
1
1
2
2
3
3
2
4
1
3
3
1
2
2
1
2
1
2
0
0
0
1
-1
0
-1
-1
0
0
0
0
0
2
2
0
0
0
-1
-2
-2
0
-1
-1
-1
-1
-2
0
1
1
1
0
0
3
2
2
2
1
0
0
0
1
0
-2
0
-1
0
-2
-2
-1
-1
-1
0
-2
-2
-2
-2
-2
-4
-4
-4
-2
-1
0
0
1
0
0
2
3
2
3
3
1
4
3
1
0
2
2
2
1
1
1
1
1
1
0
-2
-1
-1
-1
0
-1
0
-1
0
-1
-1
-2
-3
-3
-3
-2
0
1
2
2
3
4
5
5
3
3
1
2
3
1
0
-1
-2
-1
-2
-2
-4
-5
-4
-4
-3
-1
1
0
2
1
-1
1
1
0
0
2
4
3
2
-1
1
-1
-1
0
-1
-1
-1
-1
-1
-1
-1
-1
-2
-2
-1
0
1
2
3
1
2
2
0
1
3
1
1
2
1
2
1
0
1
0
-1
0
-2
-2
-2
-2
-2
-2
-3
-3
-2
-1
-2
0
1
1
1
2
3
2
1
1
2
2
2
0
0
0
-1
-2
0
1
0
2
1
1
-1
-1
-1
-1
-1
-1
-1
-2
0
-2
-1
-3
-3
-3
-4
-1
-1
1
1
0
1
2
2
2
1
1
1
2
1
1
1
1
1
1
-1
-2
-1
-2
-1
0
-1
0
1
2
0
1
0
1
0
0
1
0
1
1
0
0
-1
-3
-1
1
1
0
-1
2
3
2
2
2
3
0
-1
0
0
-1
0
0
0
-1
-2
-2
-3
-3
-3
-3
-3
-3
-3
-4
-3
-3
-2
-1
-2
-3
-3
-2
0
1
1
2
0
1
1
3
1
1
2
3
3
2
3
3
2
2
3
2
1
2
3
3
3
4
4
3
2
3
2
1
1
0
-1
-2
-2
-2
-1
0
0
0
0
1
0
0
-1
0
0
1
1
0
0
0
2
2
1
-1
-2
-3
-3
-2
-3
-4
-5
-5
-5
-6
-5
-5
-4
-3
-2
-3
-2
-2
-1
0
0
2
2
1
2
2
1
0
2
2
-1
2
3
2
1
2
2
1
2
0
0
2
1
2
3
4
2
1
2
2
1
0
1
1
2
1
-1
0
-1
0
2
1
1
0
1
2
1
2
2
2
2
2
2
1
-1
-2
-1
-1
-1
0
0
-1
-2
-2
-2
-3
-2
-3
-1
-1
0
-1
-2
-2
-3
-4
-4
-5
-3
-2
-3
-1
-1
-3
-1
-1
1
1
2
2
3
2
1
1
1
1
2
2
1
2
3
2
1
1
0
1
1
1
0
0
1
0
2
1
1
2
2
1
1
2
2
0
0
0
0
-1
-2
-1
0
0
0
1
1
0
1
0
1
0
-2
-1
-1
0
-1
-1
0
-1
-2
-3
-3
-3
-4
-2
-3
-4
-3
-4
-3
-2
-1
-1
-1
-1
-1
1
1
1
2
2
2
2
3
3
4
5
5
4
4
3
4
2
2
2
2
2
1
0
0
0
1
1
2
1
0
0
-1
-2
-2
-2
-4
-2
-3
-4
-3
-4
-3
-3
-3
-3
-3
-3
-3
-2
-3
-4
-3
-1
-2
0
1
0
0
0
2
1
2
3
4
3
3
3
3
2
1
0
0
1
-1
-2
-2
-2
-2
-2
-2
-2
-2
-1
-2
-2
-1
0
1
1
0
2
2
3
3
4
2
3
4
3
2
1
2
1
2
0
0
0
0
0
0
0
-1
1
1
1
1
1
0
0
1
1
2
1
1
0
0
-1
-3
-3
-2
-2
-1
-3
-3
-3
-3
-3
-2
-2
-2
-1
-1
0
1
2
2
2
1
2
1
-1
-1
0
-1
-1
0
0
1
-1
-2
-2
-2
-4
-6
-3
-2
-1
-1
-4
-3
-3
1
0
2
1
2
2
2
4
3
5
4
4
4
3
3
4
4
2
-1
0
-2
-2
-2
-2
-2
-2
-1
-2
-1
0
1
1
-1
0
1
0
2
1
1
1
-1
0
0
1
1
1
1
0
0
1
0
1
0
0
-1
-1
-2
-3
-2
-4
-2
-2
-1
-1
-1
-1
-3
-3
-2
-3
-1
-1
0
1
0
-2
-2
-1
0
1
1
0
0
0
1
0
1
2
-1
-1
1
2
2
3
1
2
1
0
0
1
1
0
0
0
-1
1
1
2
2
1
1
0
2
-1
-2
-1
-1
1
2
1
1
1
1
1
1
2
0
1
0
1
0
0
-1
-1
-1
-1
-1
-1
-3
-3
-3
-3
-2
-4
-4
-3
-2
-3
-3
-2
-1
-2
-2
-2
0
0
0
2
0
2
2
1
0
0
-1
-2
-2
-1
-2
-1
0
-1
0
1
1
2
1
2
1
2
2
1
2
3
2
2
2
2
1
1
0
0
0
0
0
-1
1
0
1
1
1
1
0
1
1
0
-1
-1
0
-1
-1
-1
-2
-1
0
-2
-1
-2
-3
-2
-1
-1
-1
-2
-2
-2
-3
-2
-2
-2
-1
-1
1
0
2
1
2
2
3
3
4
4
4
3
3
3
3
2
1
0
0
-2
-1
-2
-3
-2
-2
-2
-4
-3
-4
-2
0
-1
-2
-2
-2
-1
-1
0
-1
-1
0
1
-1
-1
-1
-3
-3
-1
-2
-1
1
1
0
1
3
1
2
3
2
3
2
3
2
1
1
2
1
1
0
2
2
1
1
0
1
2
1
-1
0
0
0
0
-1
-1
-1
-1
-1
-3
-2
-1
-2
0
-1
-1
-1
1
1
0
3
3
2
2
0
1
1
1
-1
-1
-1
-2
-1
-2
-1
1
0
1
1
2
2
2
3
1
2
2
1
0
1
0
0
0
0
-1
-2
-2
-3
-3
-4
-3
-3
-4
-4
-2
-2
-1
0
1
-1
-2
0
-1
-1
-1
0
1
3
3
4
3
3
4
3
2
2
0
-1
-1
-2
0
-1
-1
-1
0
-1
0
-1
1
1
0
2
1
3
3
3
3
3
3
2
3
-2
-1
0
-1
-2
-2
-3
-2
-2
-2
-1
-1
0
1
1
1
1
0
-1
-1
0
1
1
-2
-1
-2
-3
-2
-3
-2
-3
-2
-2
-2
-1
-1
2
0
-1
-1
0
0
1
1
1
1
0
0
1
1
1
2
1
1
1
2
2
3
2
0
1
0
-1
-1
-2
-2
-1
-2
-1
-1
-1
0
0
1
-1
1
1
2
2
3
2
1
0
1
0
0
0
0
-1
-1
-1
-1
-2
-1
0
-1
0
-2
-1
1
1
1
2
2
1
2
3
3
3
2
2
2
1
0
1
2
1
1
1
1
0
-1
-1
-2
-2
-2
-2
-3
-3
-3
-4
-3
-4
-3
-3
-5
-2
-3
-2
0
1
1
3
2
2
1
1
2
2
1
3
2
1
0
1
1
0
1
1
2
2
1
1
2
2
3
1
2
2
1
1
2
2
2
0
0
1
1
1
0
0
-3
-1
-2
-2
-1
0
-1
0
1
0
1
-1
1
0
-1
0
0
0
-2
-1
0
0
-1
-1
-1
-2
-2
-2
-1
-1
-2
-2
-2
-2
-1
1
2
0
1
0
0
1
2
3
2
2
-1
0
0
1
2
1
-1
-2
0
-1
0
0
0
0
1
1
0
1
1
1
3
2
2
2
3
2
0
2
1
-1
-2
-1
-1
-2
-2
-3
-2
0
-2
-2
-1
0
-1
1
0
0
1
1
2
3
3
2
2
1
0
0
0
0
0
-2
-1
-2
-3
-3
-3
-2
-1
1
0
1
1
0
1
1
2
2
1
1
2
2
1
1
1
1
1
0
-1
-2
-2
0
-2
-4
-5
-4
-4
-2
-2
-3
-3
-2
0
0
1
0
0
2
1
2
1
1
2
2
3
4
2
3
2
2
2
0
1
0
0
-2
-2
-2
-2
0
-1
0
0
-1
-1
-3
-1
-1
0
1
-1
0
1
1
3
4
4
3
5
3
2
2
2
0
0
0
-1
-1
-3
-1
-3
-2
-1
-2
-2
-3
-3
-3
-3
0
1
2
3
0
0
0
1
0
0
-1
-2
-1
0
-1
1
1
1
0
0
0
0
0
-2
-1
0
0
1
0
0
0
0
0
0
1
1
1
0
-1
0
0
-2
-1
0
1
2
3
2
1
-1
-1
-1
-1
0
-1
-1
0
-1
-1
-1
-1
-1
-1
1
1
1
0
3
1
0
-1
-1
0
-1
-1
-2
-1
0
2
4
3
1
1
2
1
2
0
0
0
-2
-3
-3
-2
-2
-4
-3
-4
-5
-2
0
2
3
2
4
5
4
2
2
3
2
0
0
0
0
0
-2
-2
-4
-3
-2
-2
0
-1
1
1
1
1
2
-1
0
1
1
1
1
0
0
1
0
0
0
0
-1
1
0
-1
-2
-3
-3
-2
-1
-2
-2
-3
-1
0
-1
-1
0
0
1
2
1
2
3
3
4
4
4
2
2
1
2
2
1
1
1
1
-1
-2
-1
-2
-2
-1
-1
0
-1
-1
-1
-1
0
-1
-1
0
2
1
0
-1
-1
0
0
2
0
2
3
2
2
1
0
-1
0
-1
-2
-3
-2
-2
-2
-2
-3
-4
-3
-2
-2
-2
-2
-1
-2
0
2
1
1
1
2
3
0
1
1
-1
0
1
-1
-1
-1
0
-2
-1
0
0
-1
1
4
2
4
3
3
3
3
4
5
3
3
4
4
4
2
-1
-2
-1
0
-1
-3
-3
-1
-2
-1
0
-2
-2
-1
-1
0
-2
0
0
2
3
1
-1
-1
-1
-1
0
-3
-3
-4
-3
-2
-2
-3
-3
-2
-3
-3
-2
-2
-2
-2
-1
-1
0
2
2
4
4
5
6
5
4
3
2
4
4
5
3
1
-1
-2
-2
-1
-5
-5
-4
-4
-4
-3
-3
-3
-2
-1
2
2
3
1
2
2
3
2
1
3
3
2
0
-1
-1
-1
-1
-1
-2
-2
-2
0
0
0
1
0
1
0
1
2
1
1
2
2
2
1
1
1
1
1
2
2
3
2
0
1
1
1
-1
-2
-2
-3
-3
-3
-3
-1
-2
0
0
1
3
2
3
3
1
0
0
-1
0
-1
0
-2
-2
-1
-2
-2
-3
-4
-5
-5
-5
-3
-3
-2
-1
-2
-1
-1
-1
-1
0
1
2
2
2
2
2
1
1
2
2
3
3
2
2
1
0
0
-1
-1
-2
-2
-1
0
1
1
1
2
1
2
3
3
2
3
5
5
6
5
3
3
4
3
2
2
2
3
2
1
1
0
1
0
0
2
2
2
2
1
2
2
0
1
-2
0
-2
-1
-3
-5
-3
-5
-5
-6
-7
-7
-7
-8
-9
-7
-10
-9
-10
-10
-9
-10
-7
-8
-8
-7
-7
-5
-5
-4
-4
-3
-2
-1
-3
-2
0
0
-2
-2
-1
-2
-1
0
1
1
2
4
5
7
9
9
12
14
15
17
15
17
20
22
23
25
25
25
25
23
23
22
22
20
18
17
15
11
9
8
7
4
1
-1
-3
-5
-8
-12
-14
-17
-18
-20
-23
-26
-27
-28
-28
-31
-32
-34
-34
-35
-35
-38
-37
-36
-35
-34
-32
-30
-28
-23
-21
-19
-18
-15
-12
-11
-8
-6
-2
0
2
6
5
8
10
11
14
15
16
17
18
20
21
22
24
26
28
32
33
37
44
57
67
69
65
63
62
64
61
58
52
45
45
43
38
28
17
9
4
3
-3
-10
-17
-24
-30
-34
-39
-41
-45
-44
-45
-48
-51
-52
-50
-48
-46
-46
-46
-47
-47
-49
-47
-48
-47
-49
-48
-44
-42
-40
-40
-37
-37
-32
-24
-21
-20
-17
-15
-9
-5
-1
3
5
10
13
17
18
21
23
26
29
33
34
35
37
38
38
39
38
39
39
40
40
38
34
32
31
31
30
32
37
47
55
60
58
53
51
50
49
45
39
34
31
26
20
13
5
-3
-8
-9
-14
-18
-23
-30
-34
-38
-40
-43
-45
-46
-46
-49
-50
-53
-56
-54
-53
-51
-51
-49
-47
-45
-44
-44
-42
-42
-40
-37
-34
-31
-33
-32
-32
-29
-27
-24
-20
-18
-16
-15
-11
-7
-4
-1
3
7
10
14
16
18
21
26
29
33
34
35
37
38
38
38
35
38
39
40
40
39
37
34
33
31
30
26
24
23
24
30
39
47
53
54
52
49
47
45
42
39
36
33
32
29
22
13
4
-3
-6
-9
-12
-16
-23
-30
-34
-40
-43
-46
-47
-51
-52
-54
-58
-61
-61
-61
-62
-61
-58
-56
-54
-55
-55
-54
-53
-51
-46
-42
-37
-34
-34
-32
-30
-27
-23
-17
-13
-10
-7
-6
-2
1
2
5
10
15
19
19
20
22
23
29
32
37
40
42
43
41
40
40
42
44
45
46
47
45
43
39
37
34
32
29
26
25
27
35
48
55
56
54
49
50
49
45
42
35
33
33
30
26
16
4
-4
-11
-13
-17
-23
-28
-34
-40
-49
-53
-57
-59
-60
-62
-65
-68
-68
-69
-67
-65
-64
-62
-58
-52
-51
-52
-51
-48
-45
-41
-36
-32
-31
-29
-29
-28
-22
-19
-15
-12
-9
-7
-5
-3
1
3
6
11
17
22
26
24
27
30
31
36
41
44
44
44
44
44
44
45
45
46
43
41
41
38
33
29
26
22
19
20
19
24
32
43
50
54
50
47
44
46
45
43
36
32
30
28
27
17
6
-4
-12
-15
-16
-22
-27
-34
-38
-45
-48
-51
-56
-56
-56
-56
-59
-61
-62
-61
-59
-57
-55
-51
-45
-40
-41
-40
-40
-39
-34
-29
-24
-24
-26
-25
-25
-20
-18
-16
-14
-11
-9
-5
-2
-1
-1
2
4
9
14
17
17
18
19
19
23
25
28
31
32
33
31
32
31
31
31
31
29
29
30
26
23
18
15
13
11
12
17
28
45
56
59
57
55
56
56
58
57
52
49
49
49
45
37
24
14
7
5
2
-4
-10
-15
-21
-28
-35
-44
-47
-48
-48
-49
-52
-57
-58
-59
-59
-56
-53
-52
-47
-46
-47
-50
-51
-48
-43
-39
-37
-38
-41
-41
-41
-38
-35
-33
-32
-28
-26
-24
-22
-23
-19
-18
-13
-6
-1
3
4
5
7
8
11
16
21
23
28
30
32
34
35
36
39
41
41
42
41
40
39
34
30
30
31
34
40
50
64
76
78
76
72
71
72
74
74
68
61
60
56
53
45
32
20
11
6
2
-3
-12
-20
-25
-33
-41
-48
-53
-55
-59
-61
-65
-69
-71
-73
-72
-70
-68
-64
-61
-59
-60
-62
-62
-62
-57
-54
-52
-52
-53
-55
-52
-51
-48
-45
-41
-37
-32
-29
-26
-23
-18
-14
-8
0
7
12
17
21
22
24
27
31
36
40
44
44
43
42
42
41
44
45
45
44
43
41
38
34
32
32
32
36
44
60
78
87
87
79
73
75
78
81
77
68
62
58
58
51
40
27
13
5
1
-6
-12
-22
-31
-37
-46
-53
-60
-65
-67
-68
-71
-75
-80
-80
-78
-77
-76
-74
-70
-67
-62
-63
-63
-63
-62
-58
-54
-50
-48
-48
-49
-48
-41
-41
-37
-32
-29
-25
-22
-17
-14
-9
-6
-3
5
10
16
21
25
26
25
28
29
31
36
38
40
42
42
41
41
42
41
42
40
38
35
35
33
31
31
32
40
58
81
97
97
88
79
80
87
90
86
73
64
62
63
60
45
29
13
5
2
-2
-11
-20
-28
-35
-43
-53
-59
-65
-68
-71
-73
-77
-84
-86
-84
-80
-75
-75
-76
-73
-70
-66
-66
-67
-65
-60
-52
-48
-47
-50
-51
-50
-46
-39
-37
-33
-32
-30
-24
-21
-18
-15
-12
-6
-1
6
12
18
20
22
23
26
31
34
40
43
45
48
49
50
49
50
50
49
46
44
41
38
34
30
28
31
40
61
84
97
96
84
76
77
87
91
86
73
62
60
61
59
48
31
14
5
0
-6
-14
-24
-33
-38
-44
-52
-59
-65
-68
-69
-72
-78
-84
-88
-85
-78
-75
-74
-75
-74
-69
-63
-61
-63
-62
-57
-52
-46
-44
-48
-50
-50
-45
-42
-38
-37
-36
-31
-25
-19
-16
-10
-6
-2
2
8
11
16
22
24
26
27
28
30
34
40
40
43
44
45
46
46
46
43
39
37
36
36
34
31
27
26
39
62
87
99
94
82
73
79
88
93
86
68
58
60
64
64
53
39
22
12
7
0
-7
-18
-26
-32
-38
-47
-55
-63
-63
-65
-69
-76
-84
-88
-87
-81
-75
-75
-78
-81
-77
-70
-65
-64
-64
-60
-55
-49
-44
-45
-46
-49
-44
-37
-33
-33
-35
-33
-31
-24
-20
-16
-13
-13
-7
-1
5
11
17
22
25
27
30
32
35
39
42
45
47
47
47
46
44
43
40
37
34
31
26
23
23
29
48
74
95
103
96
86
83
93
103
105
96
80
71
72
75
71
58
41
24
16
10
0
-12
-24
-34
-38
-45
-52
-61
-67
-70
-74
-79
-86
-90
-95
-92
-86
-82
-82
-84
-86
-78
-81
-94
-89
-90
-83
-74
-79
-79
-85
-92
-86
-92
-86
-79
-87
-87
-86
-76
-53
-39
-32
-31
-32
-20
-5
15
36
59
78
83
82
80
92
115
131
144
147
151
167
174
180
178
164
156
144
131
122
110
111
144
219
338
450
510
521
464
423
447
504
575
567
479
402
361
380
403
357
267
162
86
44
5
-57
-135
-208
-268
-306
-335
-382
-425
-473
-512
-531
-566
-610
-645
-650
-613
-569
-553
-568
-596
-591
-543
-489
-459
-466
-476
-455
-401
-343
-317
-332
-357
-359
-334
-301
-293
-302
-303
-272
-212
-148
-105
-84
-72
-46
-3
45
90
126
165
204
237
253
253
260
286
325
357
363
352
345
351
368
367
343
303
261
233
213
217
283
433
646
843
922
876
773
710
754
849
912
882
771
670
619
612
596
521
401
272
169
96
23
-68
-173
-266
-334
-386
-439
-501
-560
-603
-627
-647
-685
-739
-787
-813
-798
-764
-741
-743
-762
-763
-728
-667
-611
-589
-591
-585
-544
-479
-424
-405
-415
-421
-404
-367
-336
-326
-324
-301
-249
-180
-124
-88
-57
-16
37
87
128
164
211
268
315
332
320
305
319
362
406
421
408
384
376
380
379
363
330
290
247
210
198
258
428
682
923
1035
981
841
745
771
886
978
961
845
722
662
656
638
553
409
260
147
83
16
-84
-200
-297
-361
-425
-486
-574
-675
-739
-797
-824
-834
-890
-942
-1004
-1037
-986
-952
-943
-979
-1042
-1018
-919
-799
-703
-702
-727
-715
-659
-566
-514
-534
-580
-615
-581
-493
-411
-352
-332
-326
-298
-259
-206
-142
-72
16
115
210
296
381
468
542
588
567
514
488
514
599
678
694
658
586
529
503
483
459
394
301
251
370
752
1362
1956
2314
2182
1652
1138
942
1196
1676
2031
2123
2023
1900
1842
1771
1566
1173
679
232
-71
-229
-299
-330
-322
-280
-272
-428
-806
-1299
-1700
-1851
-1761
-1533
-1299
-1147
-1115
-1171
-1242
-1307
-1398
-1546
-1692
-1733
-1629
-1426
-1189
-964
-798
-751
-843
-1010
-1182
-1334
-1477
-1557
-1489
-1253
-951
-700
-542
-468
-461
-494
-478
-315
-10
341
623
797
850
768
590
427
364
357
338
329
427
622
761
718
520
274
40
-161
-273
-274
-189
64
757
2106
3837
5239
5661
4946
3409
1626
301
-4
666
1584
1938
1536
756
-39
-755
-1330
-1612
-1570
-1363
-1080
-615
63
724
1105
1181
1009
517
-337
-1237
-1654
-1359
-663
-74
106
-162
-783
-1555
-2170
-2403
-2274
-1954
-1563
-1129
-726
-479
-422
-452
-467
-488
-602
-800
-925
-800
-406
54
241
-68
-824
-1719
-2381
-2516
-2043
-1136
-169
487
700
582
339
113
-10
19
157
296
377
458
613
764
753
507
97
-356
-739
-935
-881
-648
-373
-182
-172
-425
-762
-565
798
3233
5762
7272
7279
5924
3700
1406
-8
-79
644
1150
968
370
-289
-957
-1596
-1969
-1932
-1659
-1323
-808
79
1181
2053
2397
2222
1597
531
-765
-1715
-1807
-1165
-459
-265
-638
-1324
-2085
-2702
-2936
-2652
-1998
-1266
-630
-88
351
569
447
48
-410
-757
-963
-1036
-881
-469
-43
-15
-590
-1581
-2586
-3240
-3297
-2633
-1379
54
1153
1617
1519
1141
737
443
293
281
344
407
435
454
443
292
-126
-757
-1341
-1576
-1382
-969
-593
-357
-264
-386
-729
-842
111
2528
5635
7970
8572
7489
5329
2729
431
-838
-965
-597
-448
-631
-869
-1064
-1343
-1700
-1889
-1703
-1209
-554
299
1464
2764
3678
3761
3007
1672
37
-1521
-2457
-2442
-1772
-1144
-1047
-1469
-2075
-2562
-2762
-2616
-2119
-1344
-464
350
1014
1459
1527
1100
284
-602
-1234
-1441
-1213
-733
-327
-312
-822
-1729
-2722
-3447
-3627
-3162
-2125
-760
547
1460
1843
1768
1390
899
480
209
46
-39
22
212
329
179
-220
-726
-1226
-1588
-1626
-1319
-915
-675
-586
-558
-642
-708
-42
2079
5281
8025
9000
8144
6171
3662
1096
-783
-1512
-1499
-1492
-1617
-1505
-1197
-1189
-1597
-1888
-1583
-856
-136
588
1661
3080
4251
4575
3952
2589
690
-1354
-2840
-3255
-2821
-2223
-1907
-1878
-2005
-2172
-2212
-1980
-1504
-941
-331
408
1243
1914
2128
1800
1039
2
-1055
-1748
-1825
-1465
-1110
-1016
-1148
-1493
-2128
-2923
-3434
-3250
-2351
-1046
319
1464
2164
2287
1934
1390
880
367
-251
-841
-1088
-897
-547
-344
-341
-509
-885
-1414
-1811
-1852
-1640
-1361
-1011
-551
-185
13
627
2502
5536
8268
9177
8052
5805
3312
999
-766
-1711
-2019
-2110
-2050
-1698
-1290
-1319
-1754
-1919
-1331
-306
551
1179
2017
3213
4295
4662
4111
2734
719
-1499
-3181
-3811
-3577
-3058
-2598
-2223
-1945
-1761
-1524
-1059
-487
-75
214
714
1511
2204
2339
1912
1202
328
-734
-1769
-2346
-2292
-1898
-1557
-1403
-1441
-1726
-2246
-2722
-2759
-2173
-1079
253
1488
2301
2472
2080
1450
841
257
-401
-1047
-1419
-1388
-1081
-709
-428
-363
-612
-1084
-1521
-1753
-1799
-1701
-1412
-1032
-777
-452
768
3493
6968
9349
9365
7304
4393
1645
-462
-1743
-2320
-2529
-2500
-2139
-1587
-1327
-1556
-1801
-1520
-755
91
859
1753
2930
4181
5052
5095
4074
2072
-431
-2645
-3899
-4093
-3675
-3149
-2734
-2399
-2049
-1568
-884
-108
488
757
896
1271
1982
2656
2775
2167
1065
-188
-1366
-2280
-2680
-2478
-1874
-1213
-764
-689
-1034
-1686
-2299
-2437
-1864
-707
615
1668
2229
2283
1946
1350
582
-294
-1154
-1729
-1798
-1410
-848
-373
-121
-180
-563
-1083
-1465
-1628
-1698
-1731
-1648
-1490
-1370
-991
447
3395
6973
9373
9382
7245
4181
1287
-915
-2319
-3036
-3164
-2774
-2129
-1690
-1679
-1776
-1550
-1045
-537
29
917
2087
3237
4230
5029
5215
4157
1800
-1024
-3226
-4315
-4462
-4058
-3431
-2834
-2394
-1974
-1322
-415
482
1090
1373
1541
1868
2445
2990
3032
2350
1147
-206
-1463
-2411
-2783
-2476
-1750
-1053
-691
-715
-1061
-1591
-2025
-2027
-1433
-380
800
1795
2417
2539
2186
1511
688
-226
-1181
-1916
-2128
-1806
-1246
-758
-455
-368
-522
-865
-1267
-1638
-1932
-2068
-2004
-1850
-1583
-685
1595
5202
8653
10037
8647
5493
2195
-374
-2169
-3331
-3798
-3521
-2770
-2038
-1668
-1648
-1719
-1653
-1339
-652
461
1827
3139
4224
5093
5570
5115
3311
475
-2367
-4225
-4833
-4580
-3969
-3273
-2607
-2041
-1540
-936
-134
712
1344
1723
2092
2654
3259
3496
3075
2008
528
-1042
-2383
-3165
-3169
-2459
-1385
-429
35
-98
-642
-1251
-1605
-1522
-943
67
1271
2282
2776
2670
2108
1265
252
-827
-1774
-2295
-2208
-1610
-828
-207
81
18
-339
-877
-1458
-1950
-2240
-2265
-2087
-1889
-1633
-757
1491
5044
8460
9851
8467
5268
1915
-632
-2330
-3398
-3842
-3632
-3029
-2454
-2123
-1973
-1875
-1767
-1518
-848
388
1939
3356
4404
5116
5373
4732
2864
113
-2540
-4192
-4636
-4311
-3739
-3143
-2542
-1961
-1404
-751
106
1031
1716
2059
2319
2799
3385
3570
2939
1561
-99
-1587
-2648
-3148
-2984
-2163
-975
51
451
144
-519
-1102
-1373
-1273
-734
289
1566
2591
2948
2622
1904
1025
26
-1022
-1860
-2196
-1994
-1459
-839
-306
-14
-100
-541
-1143
-1705
-2127
-2362
-2358
-2192
-2029
-1699
-451
2410
6350
9465
9938
7660
4161
1030
-1236
-2866
-3916
-4174
-3705
-3006
-2512
-2207
-1926
-1709
-1628
-1378
-495
1028
2643
3870
4740
5395
5494
4384
1930
-1091
-3523
-4711
-4792
-4280
-3597
-2935
-2366
-1868
-1297
-488
515
1432
1996
2267
2574
3103
3595
3528
2620
1082
-597
-2016
-2960
-3290
-2920
-1955
-799
26
225
-109
-639
-1053
-1171
-890
-156
931
2041
2759
2864
2436
1712
827
-176
-1185
-1948
-2234
-2001
-1382
-613
1
184
-135
-752
-1365
-1842
-2173
-2316
-2246
-2133
-2072
-1513
562
4402
8504
10478
9180
5682
2037
-599
-2358
-3588
-4154
-3890
-3186
-2674
-2492
-2309
-1981
-1725
-1567
-1031
275
2035
3544
4534
5246
5688
5218
3224
50
-3067
-4964
-5371
-4786
-3857
-3010
-2429
-2100
-1780
-1146
-104
1068
1977
2477
2788
3174
3596
3716
3191
1967
294
-1443
-2854
-3623
-3592
-2813
-1596
-398
350
453
50
-504
-854
-805
-328
501
1505
2381
2795
2599
1930
1051
111
-849
-1716
-2251
-2265
-1782
-1019
-266
226
307
-28
-629
-1277
-1782
-2026
-2046
-2049
-2211
-2182
-954
2227
6623
9984
10294
7539
3572
287
-1763
-2990
-3680
-3719
-3199
-2638
-2427
-2412
-2266
-2026
-1879
-1596
-646
1057
2892
4238
5075
5634
5611
4271
1435
-1989
-4608
-5648
-5316
-4328
-3303
-2581
-2246
-2109
-1780
-970
225
1411
2250
2750
3170
3643
3950
3671
2572
858
-985
-2487
-3396
-3621
-3175
-2195
-971
98
677
630
112
-526
-894
-748
-67
947
1945
2589
2686
2266
1519
616
-346
-1258
-1886
-2004
-1610
-950
-301
186
425
312
-159
-817
-1405
-1762
-1882
-1858
-1867
-2021
-1979
-841
2080
6116
9201
9483
6978
3389
416
-1472
-2660
-3391
-3584
-3329
-3043
-2941
-2782
-2337
-1812
-1506
-1193
-316
1240
2914
4129
4848
5247
5072
3737
1131
-1933
-4241
-5134
-4848
-4070
-3332
-2801
-2438
-2111
-1609
-737
464
1659
2475
2888
3215
3651
3920
3497
2157
242
-1623
-2931
-3437
-3120
-2178
-1044
-210
62
-143
-551
-930
-1122
-988
-431
488
1526
2383
2801
2666
2042
1144
237
-531
-1089
-1387
-1394
-1165
-844
-512
-199
-10
-134
-593
-1089
-1301
-1230
-1164
-1313
-1656
-2039
-2057
-931
1956
6022
9264
9750
7341
3715
662
-1321
-2664
-3608
-3951
-3669
-3188
-2867
-2572
-2086
-1570
-1296
-1066
-308
1145
2769
3987
4726
5148
5006
3709
1129
-1953
-4338
-5358
-5217
-4520
-3732
-3021
-2442
-1988
-1494
-715
381
1489
2249
2656
3040
3576
3924
3515
2156
258
-1546
-2829
-3435
-3333
-2613
-1595
-718
-224
-23
77
96
-51
-269
-229
303
1210
2107
2639
2680
2248
1431
409
-551
-1215
-1497
-1461
-1209
-783
-198
423
789
615
-67
-871
-1413
-1648
-1785
-1911
-1975
-2017
-2099
-1785
-146
3234
7187
9504
8848
5939
2674
260
-1377
-2659
-3499
-3615
-3213
-2850
-2719
-2523
-2072
-1604
-1300
-835
258
1856
3293
4104
4416
4448
3924
2359
-161
-2764
-4477
-4999
-4681
-3991
-3183
-2442
-1966
-1745
-1414
-593
638
1784
2488
2880
3243
3514
3315
2393
905
-751
-2182
-3061
-3143
-2451
-1376
-398
230
499
398
-144
-981
-1630
-1546
-602
829
2211
3145
3406
2888
1743
421
-572
-1045
-1152
-1090
-882
-477
48
437
471
82
-614
-1350
-1823
-1874
-1629
-1366
-1274
-1407
-1721
-1903
-1172
1273
5185
8818
10067
8292
4812
1503
-820
-2447
-3676
-4265
-4021
-3351
-2838
-2554
-2154
-1549
-1063
-808
-333
810
2375
3653
4281
4460
4329
3498
1545
-1217
-3755
-5175
-5344
-4713
-3744
-2720
-1909
-1522
-1401
-1044
-104
1175
2207
2701
2880
3043
3103
2695
1622
89
-1463
-2580
-2961
-2568
-1708
-878
-402
-227
-155
-162
-390
-787
-975
-554
484
1740
2743
3192
2967
2099
867
-248
-888
-1085
-1126
-1112
-865
-272
429
782
533
-176
-980
-1536
-1702
-1571
-1388
-1355
-1520
-1842
-2206
-2153
-811
2378
6609
9735
9917
7270
3609
618
-1375
-2820
-3791
-3941
-3333
-2651
-2399
-2334
-2012
-1539
-1323
-1225
-523
1109
2998
4219
4570
4484
4077
2835
463
-2388
-4496
-5169
-4701
-3766
-2794
-1975
-1526
-1538
-1641
-1200
-3
1416
2364
2691
2796
2941
2860
2138
754
-846
-2126
-2761
-2643
-1890
-865
-44
283
180
-161
-676
-1321
-1778
-1549
-415
1239
2705
3457
3348
2484
1151
-166
-947
-1011
-662
-318
-89
188
522
615
200
-589
-1337
-1738
-1765
-1553
-1240
-965
-902
-1184
-1827
-2553
-2590
-947
2705
7202
10260
10183
7231
3223
-148
-2380
-3702
-4188
-3761
-2761
-1915
-1633
-1640
-1568
-1505
-1659
-1679
-858
949
2967
4307
4812
4817
4283
2711
-28
-3057
-5059
-5392
-4452
-3071
-1840
-1036
-845
-1238
-1719
-1586
-580
820
1915
2488
2792
2993
2847
2029
613
-938
-2125
-2645
-2395
-1472
-270
596
689
61
-863
-1645
-2040
-1906
-1147
158
1665
2887
3432
3140
2134
815
-248
-660
-490
-133
98
198
282
279
11
-538
-1161
-1650
-1949
-2025
-1819
-1398
-1048
-1074
-1536
-2200
-2596
-1996
340
4370
8615
10772
9518
5656
1363
-1682
-3210
-3685
-3415
-2554
-1601
-1225
-1581
-2157
-2449
-2464
-2331
-1738
-231
1993
4020
5080
5152
4576
3343
1207
-1561
-3932
-4868
-4248
-2851
-1578
-891
-887
-1503
-2389
-2827
-2173
-512
1343
2590
3082
3146
2947
2311
1133
-314
-1559
-2267
-2287
-1565
-285
955
1410
792
-470
-1655
-2313
-2354
-1770
-546
1095
2609
3417
3285
2386
1093
-136
-846
-790
-141
576
941
906
614
121
-567
-1304
-1840
-2055
-2006
-1748
-1303
-859
-760
-1177
-1885
-2521
-2812
-2327
-330
3487
7940
10624
9810
6027
1546
-1660
-3115
-3312
-2710
-1620
-628
-444
-1203
-2293
-3046
-3319
-3207
-2466
-722
1760
3976
5051
4976
4238
3002
1075
-1345
-3326
-3927
-3108
-1705
-594
-150
-428
-1422
-2808
-3724
-3289
-1476
743
2301
2908
2953
2702
2001
746
-651
-1547
-1671
-1226
-482
446
1336
1650
903
-746
-2446
-3301
-2995
-1835
-315
1208
2445
3083
2879
1950
801
2
-149
231
826
1320
1483
1159
348
-683
-1520
-1919
-2007
-2068
-2129
-1969
-1556
-1232
-1309
-1661
-1963
-2180
-2377
-1935
294
4583
9150
11165
9253
4720
254
-2377
-3090
-2581
-1434
-196
343
-375
-2016
-3565
-4267
-4119
-3330
-1798
551
3093
4743
4972
4234
3233
2051
393
-1544
-2867
-2883
-1868
-741
-193
-371
-1234
-2685
-4176
-4655
-3370
-785
1681
2921
2965
2480
1818
878
-261
-1045
-1015
-380
276
693
1019
1247
930
-246
-1821
-2844
-2781
-1936
-931
-6
965
1931
2456
2176
1315
530
294
570
1021
1385
1523
1311
668
-268
-1119
-1575
-1659
-1670
-1804
-1923
-1817
-1523
-1335
-1420
-1606
-1718
-1841
-2030
-1732
78
3714
7835
10081
8956
5107
751
-2063
-2633
-1561
7
1061
986
-281
-2239
-4050
-4976
-4747
-3502
-1539
757
2813
3973
3975
3181
2192
1258
239
-844
-1550
-1439
-647
156
347
-256
-1505
-3072
-4380
-4631
-3320
-876
1484
2672
2484
1503
382
-536
-1044
-916
-126
896
1527
1524
1161
779
340
-441
-1528
-2411
-2567
-1982
-1084
-259
437
1043
1416
1340
889
502
576
1051
1529
1685
1520
1155
628
-38
-667
-1025
-1128
-1257
-1634
-2095
-2258
-1977
-1497
-1157
-1066
-1148
-1400
-1811
-1938
-878
1957
5875
8887
9125
6364
2286
-827
-1729
-781
715
1585
1340
80
-1766
-3570
-4642
-4535
-3342
-1578
231
1730
2659
2848
2376
1627
958
427
-66
-433
-417
22
515
542
-152
-1414
-2840
-3909
-4104
-3166
-1367
479
1478
1276
242
-851
-1394
-1209
-463
522
1351
1676
1403
822
348
95
-200
-749
-1386
-1739
-1713
-1540
-1371
-1026
-289
661
1293
1307
968
786
970
1300
1520
1608
1617
1456
1004
364
-232
-732
-1307
-2017
-2563
-2551
-1957
-1208
-784
-837
-1212
-1679
-2088
-2250
-1709
101
3259
6781
8869
8183
5031
1272
-1037
-1083
405
1999
2613
1903
112
-2171
-4108
-4900
-4261
-2626
-760
795
1809
2154
1787
980
260
-20
80
325
616
935
1118
893
151
-946
-2092
-2989
-3378
-3045
-2020
-718
214
293
-451
-1473
-2078
-1848
-851
465
1526
1908
1561
859
313
160
206
105
-278
-817
-1334
-1699
-1754
-1350
-575
186
562
519
362
368
570
827
1053
1270
1471
1558
1415
1055
554
-88
-910
-1759
-2261
-2125
-1483
-798
-483
-655
-1173
-1813
-2354
-2608
-2343
-1182
1207
4540
7524
8441
6537
2899
-199
-1032
388
2571
3851
3465
1656
-839
-3211
-4683
-4713
-3352
-1325
430
1344
1354
716
-172
-834
-893
-309
610
1433
1843
1721
1150
333
-499
-1210
-1783
-2172
-2239
-1895
-1261
-701
-591
-1064
-1877
-2482
-2351
-1357
63
1171
1470
1044
418
106
256
615
805
586
-29
-839
-1528
-1798
-1530
-909
-286
101
266
343
342
228
104
245
813
1582
2114
2126
1674
975
149
-723
-1433
-1693
-1425
-917
-576
-593
-890
-1348
-1874
-2300
-2400
-2111
-1511
-454
1460
4212
6709
7311
5365
2108
-179
-111
1804
3835
4529
3529
1330
-1286
-3499
-4524
-3934
-2103
-104
996
827
-171
-1233
-1743
-1488
-623
487
1414
1808
1536
779
-22
-451
-429
-284
-434
-960
-1528
-1767
-1650
-1485
-1559
-1868
-2158
-2126
-1618
-740
138
584
459
76
-60
281
862
1247
1210
795
105
-755
-1516
-1743
-1201
-194
616
771
346
-251
-663
-718
-338
484
1506
2236
2267
1627
731
-15
-476
-680
-662
-485
-346
-462
-833
-1234
-1471
-1586
-1681
-1724
-1653
-1548
-1453
-990
504
3074
5576
6356
4793
2055
187
418
2273
4176
4765
3678
1470
-947
-2748
-3388
-2753
-1294
73
505
-162
-1315
-2093
-2043
-1302
-302
570
1072
1078
651
124
-81
179
582
624
84
-797
-1564
-1904
-1814
-1502
-1233
-1201
-1413
-1642
-1577
-1136
-563
-179
-39
77
340
668
845
777
521
123
-409
-927
-1117
-758
-27
567
623
159
-484
-944
-991
-528
337
1269
1813
1726
1143
451
0
-125
-36
77
53
-190
-612
-1034
-1239
-1173
-988
-905
-1015
-1243
-1506
-1768
-1868
-1328
347
2949
5270
5850
4260
1676
29
468
2484
4465
5018
3858
1671
-606
-2278
-2946
-2468
-1144
208
679
-4
-1227
-2051
-2008
-1329
-513
136
532
624
409
79
-40
186
489
463
-48
-820
-1470
-1757
-1649
-1303
-986
-936
-1193
-1519
-1571
-1224
-669
-185
141
395
598
604
316
-119
-385
-341
-155
-71
-144
-228
-224
-193
-221
-311
-359
-299
-127
154
540
971
1274
1280
982
551
213
53
0
-80
-257
-499
-726
-865
-869
-758
-638
-678
-943
-1323
-1631
-1769
-1687
-1174
91
2091
4053
4793
3763
1730
305
601
2364
4294
5093
4284
2256
-161
-2090
-2871
-2262
-672
905
1443
590
-1045
-2395
-2704
-1952
-701
382
890
762
238
-295
-493
-282
98
288
75
-500
-1180
-1654
-1715
-1390
-956
-727
-814
-1058
-1190
-1065
-706
-213
273
558
472
36
-463
-681
-505
-133
144
205
129
6
-148
-336
-484
-482
-307
-14
314
638
902
989
802
381
-57
-254
-137
154
345
244
-157
-683
-1059
-1069
-686
-154
128
-108
-767
-1431
-1709
-1561
-1233
-887
-355
643
2014
3137
3318
2493
1430
1148
2049
3562
4587
4321
2797
746
-940
-1686
-1411
-422
709
1325
985
-234
-1682
-2537
-2380
-1415
-250
578
827
508
-172
-858
-1166
-908
-296
204
215
-293
-1015
-1577
-1733
-1463
-922
-377
-89
-161
-460
-686
-608
-257
74
117
-157
-524
-712
-642
-407
-176
-66
-125
-354
-657
-864
-812
-474
42
569
954
1107
994
642
188
-147
-179
81
399
496
238
-278
-796
-1056
-930
-501
-14
254
160
-234
-705
-1008
-1009
-741
-403
-257
-408
-643
-492
367
1735
2907
3239
2705
1932
1631
1996
2638
2973
2684
1866
851
6
-414
-319
184
764
972
509
-550
-1703
-2296
-1952
-831
405
1011
631
-484
-1629
-2109
-1655
-593
379
644
25
-1116
-2106
-2363
-1717
-497
653
1156
815
-73
-930
-1264
-971
-356
123
144
-302
-897
-1235
-1086
-570
-70
68
-190
-571
-709
-422
205
922
1440
1543
1128
311
-544
-984
-758
-32
684
892
428
-442
-1192
-1377
-883
-23
673
803
349
-326
-789
-819
-515
-163
2
-99
-407
-809
-1159
-1189
-580
767
2421
3499
3313
2004
562
106
959
2460
3545
3553
2587
1209
23
-584
-461
288
1200
1589
992
-415
-1819
-2363
-1772
-539
454
581
-197
-1361
-2181
-2157
-1302
-186
405
34
-1059
-2074
-2230
-1341
98
1260
1551
919
-213
-1223
-1626
-1287
-491
226
405
-41
-778
-1335
-1432
-1093
-527
41
429
495
231
-151
-296
5
584
990
861
221
-532
-930
-772
-211
344
500
141
-491
-949
-913
-403
274
751
829
531
41
-374
-507
-306
67
357
387
141
-273
-730
-1080
-1104
-587
463
1632
2273
1961
937
28
73
1254
2915
4014
3861
2560
887
-256
-364
442
1542
2204
1949
803
-745
-1964
-2300
-1696
-605
274
416
-253
-1335
-2205
-2388
-1821
-887
-151
18
-322
-774
-909
-569
55
571
625
148
-607
-1202
-1309
-935
-388
-58
-153
-602
-1146
-1468
-1345
-735
138
862
1065
673
-35
-603
-718
-391
103
425
377
-5
-512
-896
-988
-781
-400
-50
87
-30
-278
-406
-224
256
794
1060
881
355
-177
-351
-30
564
997
922
353
-373
-866
-975
-826
-593
-308
113
656
1112
1267
1180
1168
1538
2220
2803
2892
2442
1816
1426
1414
1576
1571
1228
628
-9
-491
-761
-850
-821
-748
-708
-790
-1032
-1393
-1742
-1870
-1617
-985
-202
355
397
-72
-755
-1221
-1183
-670
-10
375
241
-340
-1004
-1356
-1235
-792
-357
-179
-276
-483
-583
-460
-166
134
250
91
-285
-682
-888
-790
-456
-108
9
-225
-701
-1109
-1153
-741
-99
380
435
120
-236
-296
30
544
934
999
765
429
223
280
553
847
924
656
129
-395
-672
-657
-536
-528
-636
-616
-199
599
1406
1778
1607
1234
1184
1718
2584
3251
3270
2643
1757
1050
744
747
830
812
631
292
-205
-821
-1400
-1713
-1584
-1077
-506
-228
-410
-877
-1228
-1164
-711
-230
-129
-518
-1122
-1469
-1263
-658
-110
-46
-505
-1133
-1467
-1284
-737
-181
92
24
-232
-480
-601
-587
-495
-383
-286
-223
-219
-310
-521
-799
-1018
-1026
-778
-405
-136
-136
-362
-592
-577
-253
228
594
673
504
291
239
421
740
1025
1128
1002
708
365
100
-18
-10
34
2
-133
-304
-416
-447
-448
-432
-288
143
844
1531
1845
1699
1400
1423
1962
2718
3129
2836
1999
1153
750
827
1020
928
440
-222
-721
-868
-716
-463
-308
-338
-527
-779
-984
-1105
-1130
-1056
-866
-577
-320
-297
-628
-1210
-1700
-1741
-1240
-479
73
103
-338
-900
-1190
-1043
-597
-156
12
-162
-525
-806
-793
-488
-114
38
-177
-659
-1130
-1346
-1228
-879
-506
-268
-223
-318
-443
-483
-358
-70
301
609
729
640
466
403
579
941
1285
1378
1122
618
101
-200
-192
54
350
504
418
135
-177
-354
-337
-193
-14
175
429
784
1153
1373
1374
1303
1400
1765
2222
2419
2138
1481
810
474
543
795
915
743
352
-63
-350
-491
-554
-595
-615
-573
-489
-439
-518
-754
-1047
-1234
-1212
-1021
-821
-761
-868
-1045
-1141
-1058
-832
-595
-483
-532
-651
-687
-555
-299
-81
-47
-223
-506
-721
-754
-625
-464
-440
-618
-916
-1162
-1193
-972
-611
-281
-120
-138
-239
-287
-184
82
434
761
947
944
794
607
496
507
589
633
558
350
91
-96
-129
-11
153
244
209
102
50
161
430
716
821
639
261
-54
-43
358
942
1348
1350
1038
738
768
1162
1654
1894
1708
1223
744
499
506
600
622
530
386
264
152
-24
-311
-650
-905
-972
-864
-712
-679
-838
-1126
-1380
-1474
-1401
-1259
-1169
-1160
-1137
-966
-606
-180
94
82
-166
-461
-614
-582
-468
-420
-519
-723
-915
-1003
-966
-861
-764
-706
-660
-597
-526
-488
-493
-487
-370
-81
324
679
807
654
350
120
127
351
614
721
593
308
28
-115
-101
12
143
255
371
518
692
843
939
981
990
985
964
892
726
454
121
-158
-266
-147
128
382
468
400
349
520
940
1408
1647
1514
1156
896
969
1310
1582
1463
908
198
-259
-260
42
273
118
-436
-1120
-1603
-1714
-1529
-1260
-1091
-1061
-1088
-1082
-1003
-885
-758
-618
-453
-272
-164
-218
-439
-724
-898
-865
-687
-530
-561
-789
-1054
-1153
-983
-645
-355
-272
-380
-510
-488
-274
25
243
286
195
94
84
156
225
220
131
12
-90
-158
-212
-259
-270
-205
-35
207
451
638
757
839
925
1029
1128
1198
1228
1217
1160
1047
869
641
397
152
-88
-314
-490
-542
-429
-187
61
192
209
260
527
1045
1621
1955
1848
1387
899
720
924
1263
1349
971
242
-488
-891
-877
-631
-436
-464
-661
-847
-883
-773
-629
-569
-605
-659
-667
-632
-622
-687
-810
-913
-947
-927
-933
-1022
-1155
-1230
-1165
-980
-790
-706
-749
-818
-760
-510
-138
182
290
166
-59
-200
-165
-17
85
9
-231
-490
-599
-506
-316
-181
-183
-261
-279
-142
119
372
512
527
523
616
841
1114
1304
1332
1210
1031
882
811
806
821
818
763
632
429
198
12
-76
-85
-88
-140
-218
-228
-86
186
464
624
656
677
809
1064
1303
1366
1184
853
573
475
527
585
523
356
189
117
124
112
-11
-219
-400
-471
-460
-486
-654
-945
-1227
-1358
-1319
-1228
-1231
-1375
-1570
-1656
-1541
-1274
-1008
-865
-844
-836
-717
-462
-165
43
76
-21
-128
-144
-63
6
-55
-265
-534
-718
-732
-615
-478
-429
-479
-547
-532
-391
-169
55
224
329
402
466
520
556
578
618
695
815
949
1050
1094
1084
1043
985
909
810
709
640
640
711
806
857
802
630
380
107
-135
-312
-416
-442
-411
-355
-318
-310
-276
-128
178
577
910
1039
954
793
738
872
1111
1256
1162
855
513
306
270
293
211
-56
-442
-800
-1020
-1096
-1109
-1144
-1221
-1307
-1350
-1328
-1265
-1185
-1100
-983
-819
-632
-476
-408
-431
-492
-521
-492
-439
-420
-465
-534
-559
-492
-370
-284
-303
-411
-522
-541
-438
-271
-132
-80
-98
-115
-77
8
86
108
86
82
166
340
535
654
647
545
451
461
600
818
1017
1131
1154
1125
1088
1058
1014
938
828
706
600
510
416
292
130
-58
-262
-472
-679
-842
-904
-813
-584
-302
-68
78
203
415
773
1180
1465
1493
1281
1001
850
891
1007
989
720
264
-167
-391
-386
-298
-310
-503
-797
-1030
-1084
-973
-804
-693
-690
-769
-879
-992
-1098
-1171
-1170
-1065
-895
-742
-679
-705
-739
-679
-505
-294
-164
-171
-256
-300
-217
-47
89
79
-82
-287
-398
-361
-231
-118
-89
-124
-147
-113
-44
-4
-36
-92
-84
51
304
585
780
854
835
798
799
846
908
955
977
986
974
921
817
669
526
425
364
313
227
99
-41
-137
-166
-150
-128
-170
-286
-446
-580
-614
-521
-329
-108
69
193
301
429
557
644
652
590
536
539
604
666
627
473
278
161
185
288
331
207
-85
-433
-694
-799
-774
-721
-730
-836
-963
-1039
-1016
-899
-769
-659
-581
-528
-466
-394
-318
-254
-222
-225
-254
-292
-319
-323
-299
-253
-206
-173
-170
-201
-248
-283
-288
-245
-171
-80
8
78
127
145
137
118
116
154
239
352
459
525
533
486
418
369
368
413
475
513
505
462
421
407
422
449
454
425
368
303
256
237
230
214
160
72
-33
-135
-230
-321
-406
-463
-452
-368
-242
-122
-43
16
117
291
503
671
735
688
604
537
487
417
272
75
-102
-191
-196
-183
-227
-343
-477
-551
-526
-438
-376
-390
-467
-540
-540
-473
-382
-320
-310
-327
-338
-321
-279
-237
-220
-228
-246
-259
-256
-236
-201
-164
-131
-107
-102
-110
-124
-132
-117
-87
-48
-11
17
37
55
65
59
49
48
74
125
182
221
226
204
176
169
184
221
270
314
345
349
342
344
355
371
365
326
259
180
112
71
54
42
25
1
-25
-49
-84
-133
-183
-206
-182
-119
-49
0
12
-6
-21
-9
43
128
214
274
295
290
265
242
221
207
196
172
133
89
43
6
-28
-61
-92
-116
-138
-166
-194
-219
-230
-224
-211
-198
-197
-210
-227
-232
-217
-192
-167
-154
-154
-165
-175
-178
-171
-156
-134
-109
-89
-83
-94
-119
-143
-153
-139
-105
-71
-53
-59
-78
-90
-83
-64
-38
-6
37
86
127
147
144
129
124
136
162
184
186
164
133
109
93
86
84
89
110
142
176
198
202
190
183
198
228
250
236
162
47
-73
-152
-179
-156
-116
-100
-118
-161
-200
-205
-166
-82
27
147
248
313
327
299
264
248
267
309
336
312
239
148
77
52
57
62
35
-25
-99
-152
-169
-158
-137
-122
-125
-140
-166
-193
-202
-192
-165
-138
-139
-169
-226
-281
-295
-268
-207
-147
-128
-161
-226
-279
-292
-254
-183
-112
-68
-48
-44
-42
-29
-4
27
54
61
44
10
-26
-43
-35
-17
-11
-34
-71
-94
-82
-31
35
90
119
133
141
167
204
235
243
218
181
157
154
169
185
184
165
128
84
48
22
12
10
15
17
9
-14
-50
-91
-119
-123
-98
-57
-20
11
32
62
102
146
177
183
168
148
138
140
142
133
106
74
55
48
50
38
9
-23
-44
-40
-29
-31
-59
-105
-144
-159
-155
-150
-164
-197
-236
-252
-237
-202
-162
-133
-118
-118
-118
-117
-110
-99
-84
-72
-61
-57
-60
-70
-80
-92
-104
-111
-107
-91
-69
-52
-47
-53
-60
-55
-37
-5
21
32
25
11
11
32
72
111
132
131
114
101
99
112
130
145
152
151
145
143
141
140
136
132
129
126
124
115
101
87
74
61
46
27
8
-7
-17
-18
-13
-6
4
17
36
61
83
102
112
113
112
108
107
107
99
83
63
43
26
11
-4
-22
-44
-68
-89
-100
-100
-93
-88
-89
-94
-105
-112
-114
-111
-108
-105
-105
-110
-118
-126
-132
-139
-136
-133
-127
-115
-105
-98
-97
-100
-101
-103
-102
-94
-87
-81
-79
-79
-82
-83
-73
-58
-40
-22
-13
-11
-15
-13
-3
18
45
67
83
89
89
90
97
118
148
180
204
205
186
164
151
155
167
176
175
156
136
118
106
105
106
102
88
64
42
31
34
44
50
45
29
8
-4
1
25
64
99
122
121
102
80
70
75
89
100
97
81
52
25
4
-5
-8
-13
-25
-46
-74
-101
-125
-144
-169
-193
-218
-238
-245
-248
-241
-240
-248
-264
-269
-259
-241
-214
-197
-193
-200
-210
-216
-206
-186
-158
-136
-130
-135
-147
-150
-141
-122
-91
-65
-48
-45
-52
-61
-57
-35
0
38
66
76
74
67
70
88
114
142
157
156
152
153
162
181
197
208
215
213
215
214
211
217
214
211
202
185
172
159
146
135
118
104
89
72
53
31
11
-7
-19
-26
-28
-26
-20
-12
-1
11
22
31
37
38
38
34
28
19
8
-3
-15
-27
-35
-43
-56
-70
-89
-106
-118
-126
-129
-133
-140
-149
-161
-169
-170
-170
-164
-155
-147
-142
-144
-144
-141
-134
-125
-113
-103
-96
-95
-99
-103
-104
-97
-80
-63
-47
-40
-38
-37
-33
-23
-10
8
25
37
45
47
53
60
72
89
105
122
136
143
147
152
163
178
190
199
202
200
197
192
187
186
182
180
174
163
153
143
140
138
132
124
112
100
88
78
65
53
39
23
6
-13
-31
-46
-55
-58
-54
-45
-29
-13
-3
1
-1
-6
-14
-20
-25
-29
-36
-46
-62
-87
-112
-132
-144
-146
-143
-145
-152
-167
-184
-195
-196
-186
-177
-173
-176
-185
-194
-197
-187
-168
-148
-133
-127
-129
-135
-138
-132
-117
-103
-91
-84
-79
-76
-68
-61
-54
-47
-32
-14
6
25
37
45
53
63
79
100
125
148
164
171
174
176
184
195
210
222
229
227
222
215
214
212
211
216
213
209
202
188
180
176
173
165
150
130
113
101
92
85
73
57
37
13
-8
-23
-32
-41
-54
-68
-82
-90
-98
-98
-93
-82
-69
-65
-66
-72
-76
-75
-73
-73
-73
-80
-86
-92
-102
-110
-118
-115
-107
-101
-94
-94
-95
-95
-100
-98
-92
-85
-74
-68
-67
-69
-71
-71
-66
-60
-56
-52
-49
-47
-49
-49
-50
-46
-37
-27
-19
-13
-10
-6
-2
4
14
23
32
37
38
40
42
47
53
58
59
59
59
59
62
68
74
80
85
87
87
86
85
88
92
97
99
98
94
87
82
80
78
74
68
61
52
44
35
28
20
12
5
-2
-6
-12
-19
-26
-35
-41
-48
-51
-53
-54
-57
-59
-56
-49
-40
-34
-33
-35
-37
-36
-34
-33
-33
-37
-43
-49
-54
-59
-66
-72
-75
-77
-78
-81
-81
-77
-75
-68
-61
-57
-53
-48
-42
-37
-30
-26
-24
-25
-27
-27
-27
-28
-30
-31
-31
-30
-30
-29
-27
-23
-18
-10
1
8
16
21
25
31
37
42
46
47
47
48
54
59
61
62
63
64
67
67
66
67
68
68
67
61
58
53
50
46
42
42
41
37
34
34
29
28
26
26
27
24
20
16
12
6
1
-4
-10
-15
-20
-25
-30
-33
-36
-37
-40
-38
-40
-39
-38
-32
-27
-21
-18
-16
-16
-15
-15
-16
-17
-18
-18
-15
-13
-15
-18
-20
-19
-18
-17
-16
-14
-16
-18
-17
-18
-18
-20
-19
-17
-16
-17
-17
-17
-18
-20
-23
-22
-21
-22
-22
-22
-21
-20
-18
-17
-13
-9
-3
2
6
12
15
18
19
22
24
24
25
27
28
29
29
32
31
29
26
23
19
17
15
14
15
16
16
15
14
14
14
17
20
21
27
27
28
29
29
30
29
29
25
22
20
21
19
15
12
8
2
-4
-12
-17
-22
-31
-32
-37
-41
-42
-43
-40
-35
-29
-25
-21
-16
-13
-9
-6
-2
3
7
9
12
13
14
13
12
9
7
2
-2
-5
-9
-12
-14
-17
-21
-23
-26
-26
-27
-28
-28
-28
-28
-27
-26
-25
-25
-24
-23
-20
-18
-18
-15
-11
-8
-6
-4
-2
0
0
3
8
12
16
18
19
17
16
15
16
19
17
16
15
13
13
13
13
13
12
13
16
17
21
24
25
26
27
27
27
28
31
30
30
30
28
29
27
26
24
19
16
13
8
4
1
-7
-13
-17
-23
-27
-28
-29
-30
-29
-28
-27
-22
-17
-16
-16
-14
-13
-9
-6
-3
-3
-3
-4
-5
-1
1
2
2
0
-1
-2
-3
-1
-3
-4
-6
-10
-12
-16
-18
-19
-21
-23
-24
-24
-28
-28
-27
-24
-19
-15
-15
-15
-15
-14
-12
-8
-4
-2
-2
1
4
4
6
7
6
7
5
5
6
8
7
7
5
6
5
8
12
15
19
20
22
22
22
25
29
32
33
35
33
32
33
33
32
32
32
32
31
30
29
26
24
19
16
10
6
0
-3
-8
-13
-16
-19
-24
-28
-33
-35
-36
-33
-32
-30
-32
-30
-24
-21
-15
-11
-10
-7
-5
-2
-1
1
2
4
6
4
2
2
0
-1
-2
-3
-4
-6
-10
-13
-16
-18
-20
-18
-17
-17
-19
-21
-22
-22
-20
-19
-16
-14
-12
-12
-11
-8
-7
-7
-4
-6
-5
-5
-2
4
6
7
6
4
6
7
8
11
11
13
11
11
12
11
11
11
15
15
18
21
18
19
19
20
23
24
23
20
18
17
17
17
20
20
17
18
15
14
12
11
14
13
10
8
3
2
0
-3
-3
-4
-7
-12
-14
-20
-21
-20
-19
-19
-19
-21
-22
-21
-19
-14
-9
-5
-5
-5
-5
-4
-2
3
3
3
2
-1
-2
-2
-3
-3
-3
-4
-5
-5
-7
-6
-6
-7
-8
-8
-8
-5
-6
-7
-7
-10
-12
-13
-13
-12
-12
-10
-9
-11
-14
-14
-12
-10
-8
-5
-2
-1
0
0
-1
1
4
7
10
11
10
9
8
9
11
13
14
13
12
11
12
14
17
19
19
18
19
18
17
17
16
17
20
21
21
20
17
15
17
16
16
14
12
8
5
1
-2
-3
-6
-7
-9
-12
-14
-15
-17
-17
-19
-19
-20
-21
-22
-21
-20
-19
-17
-14
-10
-8
-6
-4
-4
-2
0
2
1
3
3
2
5
6
6
7
7
6
3
3
1
-2
-4
-4
-6
-4
-3
-4
-6
-9
-12
-14
-13
-13
-12
-12
-13
-14
-13
-14
-14
-11
-10
-8
-6
-5
-4
-1
0
2
2
2
4
4
4
6
7
7
9
9
10
11
10
11
11
13
13
13
14
15
15
13
14
13
13
16
17
18
16
15
13
13
13
11
11
10
9
5
5
3
2
0
-1
-3
-4
-5
-7
-8
-9
-10
-11
-10
-11
-12
-11
-13
-12
-12
-12
-12
-11
-11
-6
-3
-4
-2
0
2
4
7
9
9
8
8
7
8
10
10
7
5
4
2
0
-2
-3
-6
-6
-6
-8
-11
-12
-13
-15
-14
-15
-18
-17
-16
-17
-17
-15
-13
-11
-10
-9
-7
-6
-7
-6
-5
-3
-5
-4
-3
-4
-2
-1
-2
-1
1
2
2
3
1
3
5
9
10
11
12
12
13
13
14
14
15
15
16
16
14
14
16
16
17
17
16
17
15
16
14
13
12
14
13
10
10
6
3
1
2
1
-2
-3
-7
-8
-9
-8
-9
-10
-10
-11
-11
-11
-8
-7
-8
-5
-2
0
0
0
0
1
2
3
3
2
2
1
-1
-3
-5
-5
-6
-6
-7
-8
-7
-9
-10
-10
-12
-11
-13
-14
-14
-14
-15
-14
-13
-13
-13
-14
-15
-16
-13
-13
-11
-12
-12
-12
-10
-10
-8
-7
-5
-4
-5
-2
-1
2
5
8
10
10
11
12
13
12
14
13
13
12
10
10
11
14
16
19
17
16
16
17
19
21
22
21
22
23
22
21
21
21
20
18
17
14
11
8
7
7
5
5
3
-1
-6
-6
-6
-6
-7
-8
-12
-15
-18
-20
-17
-18
-18
-15
-16
-13
-11
-11
-10
-9
-10
-9
-8
-7
-7
-8
-7
-7
-6
-6
-7
-7
-7
-5
-6
-6
-6
-6
-5
-8
-8
-9
-10
-11
-10
-11
-11
-12
-13
-14
-14
-14
-12
-11
-11
-9
-9
-8
-7
-3
-1
1
3
4
7
7
9
10
10
13
13
11
11
11
11
14
15
15
15
13
13
13
13
13
14
17
16
15
15
17
17
15
14
14
12
14
15
13
13
11
10
10
9
9
9
7
7
6
5
2
0
-2
-4
-3
-5
-6
-8
-9
-11
-13
-15
-16
-16
-17
-19
-19
-18
-18
-16
-15
-12
-12
-11
-11
-10
-9
-6
-5
-5
-6
-6
-4
-2
-2
-3
-5
0
1
-1
-4
-6
-8
-9
-9
-7
-6
-6
-7
-6
-9
-11
-9
-8
-8
-6
-7
-6
-7
-5
-5
-4
-3
-3
-1
-1
1
0
1
3
6
9
9
10
11
12
14
14
14
16
15
17
15
15
16
15
15
15
16
17
16
15
13
11
11
10
11
11
13
14
13
10
8
7
7
7
7
5
3
2
1
-1
-1
-4
-6
-8
-10
-9
-12
-14
-15
-16
-17
-17
-17
-16
-18
-20
-19
-18
-15
-12
-13
-11
-10
-8
-5
-6
-5
-2
-1
3
5
5
3
3
3
4
3
2
1
1
3
0
-2
-2
-4
-3
-2
-2
-3
-7
-7
-6
-5
-5
-5
-5
-5
-5
-4
-3
-3
-1
0
0
0
-1
-2
-1
0
2
4
4
5
4
4
5
7
7
7
7
7
6
5
5
4
6
7
7
6
6
7
6
5
7
8
8
11
11
11
12
12
10
9
9
9
10
10
7
6
5
5
4
3
0
-1
0
-3
-5
-5
-5
-5
-7
-7
-9
-9
-10
-9
-9
-9
-9
-8
-9
-8
-7
-8
-7
-6
-4
-3
-2
-2
-3
-3
-1
0
1
0
-2
-3
-1
-2
-3
-3
-3
-2
-2
-3
-4
-4
-5
-4
-5
-5
-6
-6
-7
-6
-8
-8
-7
-8
-8
-7
-7
-9
-7
-4
-2
-1
-1
1
2
3
3
5
5
5
5
7
6
6
6
6
5
6
6
6
7
8
8
7
6
6
5
7
7
8
9
9
9
9
11
10
9
8
8
7
10
11
8
9
8
7
6
7
6
5
4
4
3
2
0
-1
-2
-2
-5
-5
-6
-7
-9
-10
-9
-8
-7
-8
-7
-9
-7
-8
-7
-6
-7
-5
-4
-3
-3
-3
-2
-1
0
-1
-2
-3
-4
-2
-3
-4
-5
-6
-6
-7
-7
-8
-9
-10
-11
-12
-9
-9
-10
-10
-8
-7
-8
-7
-8
-6
-5
-4
-3
-1
-1
1
2
4
5
4
6
7
7
7
7
6
6
9
9
9
10
8
8
10
9
9
10
10
10
10
9
9
7
6
6
8
7
7
7
8
8
7
8
6
4
4
5
6
4
4
3
4
3
2
2
1
0
-3
-4
-4
-5
-4
-6
-7
-8
-8
-7
-7
-8
-8
-5
-5
-6
-6
-5
-4
-3
-3
-2
-4
-2
-1
1
2
2
1
-1
-1
1
0
-1
-4
-5
-6
-5
-4
-5
-6
-7
-7
-7
-7
-7
-8
-8
-7
-8
-7
-8
-8
-8
-7
-5
-3
-3
-5
-5
-6
-3
-1
-1
-3
-2
0
1
-1
1
2
2
3
4
6
6
8
9
8
7
7
4
7
7
9
7
6
8
7
6
7
9
8
8
9
7
8
8
9
9
9
10
11
9
10
9
9
9
7
7
5
5
4
4
4
2
1
0
-1
-2
-1
-3
-3
-4
-3
-4
-4
-7
-7
-8
-9
-9
-10
-11
-11
-11
-10
-8
-8
-8
-7
-7
-7
-6
-7
-6
-6
-6
-5
-5
-5
-7
-8
-7
-8
-8
-8
-8
-7
-8
-8
-8
-7
-6
-4
-6
-5
-4
-4
-5
-4
-2
-1
0
1
2
1
1
2
3
6
4
7
7
6
8
7
7
7
6
6
7
6
5
6
6
6
4
7
7
8
9
10
11
12
12
11
11
10
11
11
11
11
8
9
7
8
7
7
7
6
6
5
2
1
1
1
1
-1
0
-1
-5
-6
-6
-8
-8
-7
-10
-9
-9
-10
-11
-11
-11
-14
-13
-12
-11
-11
-11
-12
-9
-8
-7
-8
-8
-8
-7
-5
-3
-2
-2
-2
-5
-4
-3
-3
-2
-2
-2
-2
-1
-3
-1
-2
-2
-2
-3
-2
-3
-2
-1
1
1
3
3
3
4
4
3
3
4
6
6
5
6
4
6
7
5
6
5
4
4
3
2
2
1
3
2
0
1
2
2
2
3
3
3
4
6
6
6
7
7
8
10
10
9
10
9
9
11
11
9
7
7
4
4
2
1
0
-1
-2
-3
-3
-5
-6
-7
-8
-8
-9
-11
-9
-10
-12
-12
-11
-12
-11
-10
-9
-9
-7
-7
-8
-6
-5
-1
-3
-3
-1
-2
0
0
-2
-1
-1
0
0
-1
-2
-2
-3
-3
-4
-5
-4
-4
-4
-2
-3
-1
-2
-2
-2
-1
-1
1
0
0
1
3
3
2
2
1
2
2
3
2
2
2
2
4
5
5
4
3
4
3
4
5
5
4
5
4
3
3
3
4
3
3
4
4
4
5
5
7
7
8
8
7
7
8
8
9
8
10
9
7
5
4
3
3
3
1
0
0
0
-1
-2
-3
-5
-7
-8
-10
-14
-14
-13
-14
-13
-11
-11
-12
-11
-10
-10
-9
-7
-5
-4
-5
-4
-2
-1
-2
-2
0
-2
1
0
0
-1
-2
0
-1
0
-1
-1
-1
1
1
2
3
1
1
1
2
2
1
2
2
0
1
-1
-2
-3
-2
-1
-1
1
2
3
4
5
5
7
5
5
6
6
6
7
7
6
7
7
6
5
3
3
3
3
1
0
0
0
-1
-2
-1
-1
-2
0
1
1
2
4
4
5
6
6
4
5
6
5
4
2
0
1
-1
-2
-3
-3
-6
-6
-7
-7
-7
-8
-6
-7
-6
-6
-7
-7
-7
-6
-7
-4
-5
-3
-3
-4
-3
-5
-5
-5
-3
-3
-2
-1
-1
0
0
1
1
3
4
4
4
3
2
2
2
3
4
3
2
-1
2
2
2
2
2
3
3
3
3
2
0
1
2
1
2
2
1
3
1
2
2
2
1
0
0
0
-1
0
0
-1
-1
-3
-1
-5
-4
-3
-3
-3
-3
-3
-1
-2
0
1
2
4
2
3
4
4
6
6
6
5
5
6
6
6
4
4
3
-1
-2
-2
-2
-2
-3
-5
-6
-8
-6
-7
-7
-6
-6
-5
-5
-4
-3
-4
-5
-3
-2
-2
0
0
3
2
2
2
3
3
3
2
2
2
2
3
2
2
2
0
0
-1
0
1
0
0
-1
1
0
0
-1
-1
-1
-1
1
1
2
1
1
1
0
0
-2
-2
-2
-1
-1
-1
-1
-2
-2
-2
-2
-2
1
0
1
0
1
2
1
0
2
0
1
0
0
1
-1
-1
1
0
0
1
-2
-3
-3
-3
-2
0
2
2
2
2
-1
0
-1
0
1
1
2
2
1
1
1
-1
0
2
2
2
1
0
-2
-2
-1
-2
-2
-3
-4
-3
-3
-2
-2
-1
1
1
1
0
1
3
2
4
3
3
3
2
4
4
4
3
4
3
2
2
2
2
1
0
0
-1
-2
-1
-2
-2
-3
-2
0
-1
-1
-2
-2
-3
-5
-7
-6
-6
-6
-5
-6
-4
-4
-6
-7
-3
-3
-2
-1
0
1
-1
0
1
1
2
4
5
2
4
4
4
4
4
4
3
1
0
1
2
1
1
1
0
1
-1
0
-1
-2
0
0
1
1
3
2
2
2
3
3
2
0
1
1
0
-1
0
-1
-1
-1
-2
-1
-1
-2
-3
-3
-5
-4
-3
-3
-1
-2
-2
-1
1
2
2
4
4
4
3
3
3
5
3
3
4
5
4
2
3
2
3
0
0
1
-1
-1
-2
-4
-4
-4
-5
-5
-5
-4
-2
-3
-2
-4
-3
-3
-1
-2
-2
0
1
-1
-1
-2
-3
-4
-5
-3
-3
-3
-3
-3
-2
-1
0
-1
1
0
2
3
2
5
5
7
7
7
6
5
3
2
1
2
2
1
1
0
-3
-2
-3
-1
-2
-1
-1
0
0
0
1
1
1
2
2
3
3
1
3
4
3
1
0
0
-1
0
-1
-4
-4
-4
-2
-4
-4
-4
-3
-2
-2
0
1
1
2
3
2
2
2
0
1
0
-1
0
-1
0
0
-1
0
0
-1
-1
-1
0
1
1
0
-1
0
0
0
1
2
1
0
-2
-1
-2
-1
-2
-2
-1
-2
-3
-1
-2
-1
-2
0
-1
-1
1
0
0
1
0
1
0
-1
-1
-1
1
1
1
1
2
0
1
2
2
3
2
2
3
2
3
4
4
2
2
1
-1
-1
-2
-2
-4
-4
-4
-3
-3
-2
-2
-2
-1
-1
0
0
2
4
4
5
4
3
4
3
2
3
3
-1
-1
-1
-2
-2
-5
-4
-4
-3
-2
-3
-2
-1
-2
-2
-1
1
2
2
4
4
5
3
2
3
4
3
5
2
0
-2
-2
-4
-4
-5
-5
-5
-5
-4
-4
-4
-5
-5
-3
-2
0
0
2
0
0
0
0
1
0
1
0
0
1
1
2
2
1
0
1
2
1
1
2
3
3
4
4
4
4
5
4
4
4
4
3
4
3
2
2
1
1
0
0
-1
-2
-3
-2
-3
-4
-5
-5
-3
-2
0
1
1
1
1
1
0
1
1
0
0
0
-1
0
-2
-2
-1
-3
-2
-2
-2
-2
-3
-2
-2
-1
-1
-1
-1
0
-1
0
0
1
2
1
1
1
2
1
0
0
-2
1
0
1
1
0
1
0
0
-1
-2
-1
-2
-1
-1
0
1
0
0
-1
-1
-1
-1
0
1
3
3
3
3
4
4
6
5
5
5
6
6
5
4
1
3
3
1
1
0
-1
0
-1
1
0
0
-1
-1
-2
-1
-1
-2
0
-2
-1
-2
-2
-2
-2
-1
-1
-1
-3
-1
-3
-2
-2
-3
-3
-4
-5
-5
-3
-4
-3
-3
-5
-3
-3
-3
-2
-1
0
1
2
2
1
2
3
1
0
-1
-2
0
1
2
3
3
2
3
5
4
3
4
5
5
5
4
3
5
5
3
3
3
3
4
3
2
1
1
2
1
-1
-1
-2
-2
-3
-4
-4
-4
-6
-6
-6
-4
-3
-2
-1
-3
-3
-3
-2
-3
-3
-2
-3
-1
-1
-3
-2
0
-1
-2
-1
1
2
1
2
2
3
2
1
1
2
2
1
0
0
0
0
1
-1
1
2
2
2
2
2
2
2
1
3
3
2
3
1
2
3
2
1
1
1
2
1
0
1
-1
-1
-2
0
-2
-1
-2
-2
-3
0
0
-2
-3
-3
-4
-3
-4
-4
-2
-2
-2
-2
-2
-2
-2
-1
-1
-1
0
1
0
1
1
1
3
2
1
0
2
0
2
2
1
0
0
0
0
-2
-1
-2
-4
-2
-3
-2
-3
-1
-2
0
0
1
1
1
1
-1
1
1
2
4
4
3
3
2
3
3
4
2
2
0
0
1
1
1
0
1
0
1
0
1
1
2
1
2
1
1
-1
-1
-1
-1
1
-1
0
1
0
-1
1
0
-1
-2
-1
0
0
-1
-3
-6
-5
-5
-4
-4
-4
-3
-4
-4
-2
-2
-3
-2
-3
-1
-1
2
0
1
2
4
4
3
3
2
1
0
-1
1
0
-1
-1
-3
-1
-2
-1
-1
1
1
0
1
2
2
1
2
2
4
4
5
4
5
3
3
3
2
2
0
0
0
-1
-1
-2
-3
-4
-5
-3
-4
-4
-2
0
0
1
4
1
-1
-1
1
2
1
2
1
0
0
-1
0
-2
-1
-1
-2
-2
-1
-2
-1
-4
-2
-2
-3
-3
-1
-2
-1
-1
-1
-1
0
-1
-3
-4
-3
-2
-1
-1
-1
0
0
1
1
1
1
3
2
3
3
3
4
4
4
5
4
4
4
3
3
2
3
3
2
1
2
2
3
3
1
1
2
0
-1
0
0
0
1
-1
0
0
-1
-1
-1
-1
-1
-1
-1
-2
-1
-1
-1
-3
-3
-3
-4
-5
-3
-2
-3
-3
-2
-1
-2
-2
-1
-1
-1
-1
-1
-2
-3
-3
-4
-4
-4
-3
-3
-1
-1
-1
0
1
4
5
5
4
4
3
4
3
4
3
5
4
3
0
-1
-1
-2
0
-2
0
1
1
2
1
4
5
3
2
2
2
1
2
4
2
2
1
1
0
-1
-1
-2
-2
-2
-3
-2
-3
-4
-4
-4
-2
-2
-3
-1
-1
0
-1
0
1
2
2
1
2
2
1
0
0
-1
-2
-2
-5
-3
-3
-3
-1
-2
0
1
1
0
3
3
4
2
2
3
2
2
0
-2
-2
-3
-2
-2
-2
-2
-1
0
-2
-1
-2
-1
0
0
0
0
-1
1
2
1
1
1
1
1
1
2
2
1
1
1
0
1
-2
-2
-2
-2
0
-1
-1
0
-1
0
0
0
1
1
2
3
2
1
2
0
1
2
0
0
0
0
0
0
2
1
1
1
0
0
-1
1
0
0
0
0
1
1
1
2
2
4
1
3
2
1
2
1
1
0
-3
-2
-4
-5
-6
-7
-7
-6
-5
-4
-3
-4
-4
-4
-1
-1
0
1
0
1
2
3
4
5
4
4
3
4
3
3
4
2
2
1
1
2
0
0
0
-1
0
-2
-2
-2
-3
-2
-2
-2
-1
-2
-1
0
-1
-1
-1
0
0
0
0
1
2
2
3
2
3
4
4
2
2
1
1
1
1
1
-1
-4
-3
-3
-4
-5
-4
-3
-4
-3
-3
-1
0
0
0
0
2
4
3
3
1
1
0
-1
1
1
1
-1
-1
-2
-1
-1
0
1
-1
0
3
3
4
6
4
4
3
3
2
2
2
1
1
0
0
-1
-1
-3
-4
-4
-5
-3
-3
-1
-1
-2
-1
-3
-1
0
0
1
1
2
3
2
2
2
1
0
0
0
0
0
-2
-3
-3
-2
-3
-3
-4
-3
0
-1
0
0
1
0
0
1
1
1
1
4
3
3
0
1
0
0
1
1
-1
-1
-1
0
-1
-1
-2
-3
-2
-2
0
0
1
2
2
3
2
2
2
1
0
-1
0
1
0
1
-1
-1
-2
-2
-2
-3
-3
-4
-2
-3
-2
-2
-2
-1
-2
0
-1
-1
0
1
2
1
2
3
3
1
0
0
0
1
1
2
2
2
2
2
1
0
1
2
1
0
1
1
0
1
0
0
-1
-1
1
1
0
0
0
-1
0
-2
-2
-1
-1
0
-1
0
1
-1
-2
-2
-3
-3
-2
-1
-2
-1
-1
-1
-1
-2
-1
-1
0
-1
1
2
0
1
2
1
2
0
2
1
2
2
2
3
2
0
-1
-2
-4
-3
-2
-2
-2
-2
-1
0
1
2
0
0
0
0
1
1
1
1
1
1
0
0
0
-1
-2
-1
0
-1
-1
-1
-1
1
2
2
2
3
2
0
1
1
0
0
-1
0
0
0
-2
-3
-3
-2
-2
-1
0
1
1
1
2
1
3
3
3
2
1
3
4
4
3
3
2
2
3
3
3
1
-1
-1
-2
-2
-3
-4
-5
-5
-5
-4
-4
-3
-3
-4
-3
-2
-2
-1
0
-1
-1
1
1
0
1
1
2
0
0
0
0
1
1
1
2
1
1
2
0
-1
-1
-1
-1
-1
0
-1
1
2
2
2
0
1
0
0
0
-1
1
0
1
0
-1
-3
-4
-3
-3
-3
-2
-2
1
0
1
1
1
2
4
3
4
4
4
3
2
4
5
6
6
5
4
4
5
4
3
1
-1
-2
-3
-3
-4
-4
-4
-3
-4
-5
-4
-2
0
-1
-1
-3
-2
0
-1
-2
-2
-4
-3
-2
-3
-3
-2
-1
0
-2
-2
-1
0
-1
1
0
1
2
3
3
1
-1
0
1
1
1
0
1
0
2
1
-1
-2
-2
-2
-2
-2
-2
-2
-2
0
0
1
2
2
3
2
2
3
4
4
5
5
4
4
4
1
0
-1
0
0
0
1
1
0
0
0
0
0
0
0
-1
-1
-2
0
2
0
0
0
0
-1
1
1
-1
-1
-1
-2
-2
-2
-3
-2
-1
-2
-2
-3
-3
-3
-4
-5
-4
-2
-2
-3
-2
-3
-1
0
-1
0
-2
0
0
0
0
0
0
0
-1
1
1
0
0
0
1
0
3
1
2
0
0
2
3
3
4
4
5
5
5
5
4
5
4
3
3
3
3
2
1
1
0
0
-1
-1
-3
-2
