0
0
1
1
1
0
0
1
2
2
3
1
1
0
0
-1
1
1
2
2
1
3
2
2
2
1
1
3
2
2
1
1
1
2
1
0
0
-2
-3
-3
-3
-3
-2
-2
-3
-3
-2
-2
-1
-1
0
1
2
1
1
0
2
2
1
1
0
0
0
1
1
0
0
0
-1
0
-1
1
0
0
1
0
0
-1
-1
0
0
-1
-1
0
1
0
1
0
0
0
0
0
-1
0
-2
-2
-2
-3
-3
-1
0
0
-1
0
0
0
0
-1
1
1
0
1
2
2
1
2
2
2
2
1
2
2
3
3
2
1
1
1
1
1
0
0
1
-1
0
-1
0
-1
-1
0
-1
-1
-1
-1
-1
-1
-2
-2
-2
-3
-2
-1
-1
-3
-3
-3
-2
-2
-3
-2
-1
-1
1
0
0
1
1
2
2
2
3
1
2
2
2
3
2
1
-1
-2
-1
-1
-1
0
0
1
1
0
-1
-1
0
0
1
2
3
2
2
1
0
1
0
1
1
1
1
1
0
0
0
0
1
0
0
0
0
0
0
0
-1
-1
-2
-1
-2
-2
-1
-2
-2
0
0
0
1
1
1
2
2
2
2
-1
-1
0
1
0
0
1
0
1
0
-2
-1
-2
0
-2
-2
-1
-2
-1
-2
-1
-2
-2
0
-1
-2
-1
-2
-1
-1
0
0
-1
0
-1
0
1
2
1
2
1
1
1
1
1
1
1
2
1
1
1
1
1
2
2
2
1
1
0
-1
-1
-1
-1
-1
-1
0
0
-1
1
1
2
2
4
1
2
1
1
1
0
1
0
0
0
0
-1
-1
-1
-2
-2
-1
-2
-3
-1
-1
-2
-1
0
-1
-1
-1
-2
-1
-2
-1
-2
-2
-2
0
-1
-1
-1
1
2
1
2
1
1
2
2
3
2
2
0
1
1
0
0
-1
-1
-2
-3
-1
-3
-1
1
0
0
0
0
2
1
0
-1
-2
-2
0
0
-1
-1
-1
0
0
-1
0
0
1
2
2
0
1
1
2
2
1
1
2
2
0
2
2
-1
1
1
0
0
0
0
0
-1
-2
-1
-1
0
0
0
-1
-1
-1
0
0
0
-1
-2
1
0
-1
0
0
-1
1
1
0
2
-1
0
0
-1
-1
-1
-2
-2
-1
-2
-1
0
-2
-2
-1
-1
-1
-1
0
-1
-3
0
1
0
1
0
0
0
0
1
3
1
1
2
2
1
0
1
0
1
2
1
0
0
0
0
1
0
0
-1
1
1
-1
-1
0
0
-2
0
-1
0
0
-1
-1
0
0
0
1
1
2
1
2
1
1
0
-1
0
-1
-1
-1
0
-1
-1
-2
-1
-2
-1
0
-1
1
0
0
1
1
1
0
2
1
1
1
1
0
2
0
1
1
1
1
0
0
0
-2
-2
-1
-2
-2
-3
-3
-1
-3
-4
-3
-2
-3
-4
-4
-2
-3
-2
-1
-2
-1
-1
0
0
1
0
2
1
0
1
2
3
3
3
4
2
2
1
3
3
2
2
3
3
3
4
2
3
3
2
3
1
0
0
-2
-1
-1
-1
-2
-2
-3
-1
-1
-1
-1
-1
-1
-2
0
-1
-1
-2
-3
-2
-1
-2
0
1
1
2
0
0
1
0
1
0
0
-1
-1
-2
0
1
0
-1
-1
-3
-1
-1
0
1
1
1
1
1
-1
1
0
0
-1
0
1
0
1
-1
0
0
0
0
-1
-1
0
-1
-1
1
-1
-1
0
0
2
2
1
-1
-1
0
2
2
1
2
1
1
0
1
2
1
1
2
1
0
2
1
-1
0
1
-1
0
-1
-2
-1
0
0
0
0
1
-1
-1
-2
-1
-2
-1
-2
-3
-2
-3
-2
-1
-2
-2
-1
-2
-2
-2
-1
0
1
0
1
1
1
2
0
1
0
-1
0
0
2
1
0
0
0
0
0
0
-1
1
1
1
0
1
0
0
2
2
3
3
2
1
0
0
2
0
-1
-1
-2
-3
-1
-1
-1
-1
-1
-2
-3
-1
-1
-1
2
-1
-1
-1
-2
-2
-1
1
1
2
1
2
3
3
3
3
3
4
2
2
2
2
2
0
0
1
0
0
0
0
0
-2
1
-1
-2
-3
-3
-2
-2
-5
-3
-2
-1
-4
-5
-2
-2
-2
-2
-2
-1
0
-2
-3
-3
-2
-2
-3
-2
-3
1
0
-1
-2
-2
1
1
2
0
0
5
4
2
3
5
6
3
3
2
3
4
1
2
0
3
3
3
2
0
3
2
0
2
2
3
3
3
1
0
2
1
0
1
-2
-1
-2
-2
-3
-3
-1
-5
-4
-4
-4
-2
-5
-3
-5
-3
-2
-4
-3
-4
1
2
0
1
0
1
0
1
-1
3
2
1
-3
0
0
-3
-2
-2
1
-1
-2
-1
0
0
-4
0
1
2
-1
0
2
4
2
-1
-2
0
1
2
2
1
2
1
2
2
1
-2
-2
1
0
-4
-2
0
2
-2
-3
0
1
-1
0
2
1
1
2
4
3
2
3
5
4
2
4
2
3
4
2
3
2
1
3
2
1
-1
2
0
-1
-3
-2
1
-1
-2
-4
-2
-2
-4
-5
-3
-3
-4
-5
-4
-5
-6
-5
-6
-5
-5
-4
-5
-4
-4
-5
-3
-5
-1
-2
0
0
0
1
-1
1
0
2
1
0
1
-1
0
0
0
2
-1
3
1
2
4
2
5
2
4
6
2
6
4
3
5
5
5
5
5
4
4
2
5
5
6
5
4
5
3
4
1
2
2
2
1
0
3
2
0
-1
0
1
-2
-2
0
0
-1
-1
-3
-1
-1
-1
-5
-5
-4
-5
-4
-8
-6
-5
-7
-8
-8
-6
-7
-8
-7
-6
-6
-6
-7
-8
-5
-5
-7
-5
-5
-4
-5
-4
-4
-3
-5
-4
-4
-3
0
-3
1
1
1
5
3
7
2
6
6
4
9
4
9
9
9
9
7
10
9
8
10
8
9
14
11
6
9
12
8
5
7
5
4
4
2
4
5
4
5
6
5
3
4
5
3
4
1
2
3
-1
-2
-4
2
-3
-6
-3
-6
-7
-10
-10
-10
-14
-13
-15
-16
-15
-15
-18
-18
-14
-14
-19
-16
-15
-12
-15
-13
-12
-13
-11
-8
-8
-13
-4
-5
-3
-3
0
3
0
1
4
5
6
5
11
8
7
10
10
11
9
13
10
11
12
13
13
13
13
13
10
12
13
10
8
8
11
10
8
8
12
10
10
12
13
12
11
13
13
10
12
13
13
9
8
8
2
1
0
1
-3
-6
-2
-7
-10
-9
-12
-12
-17
-15
-18
-19
-19
-19
-22
-22
-20
-20
-23
-22
-20
-19
-18
-21
-15
-19
-15
-16
-15
-13
-16
-11
-13
-13
-8
-7
-5
-3
-4
-4
-3
3
4
2
7
7
9
8
10
12
13
13
14
15
18
15
17
17
12
21
14
18
14
16
18
11
17
10
15
10
10
10
9
13
12
12
14
14
12
12
11
13
12
11
13
10
10
9
8
8
3
3
-1
1
-6
-6
-4
-7
-10
-14
-14
-17
-17
-17
-19
-19
-21
-20
-24
-22
-21
-19
-18
-20
-17
-19
-15
-17
-17
-17
-17
-14
-12
-13
-14
-12
-11
-7
-10
-6
-9
-11
-5
-4
-3
-4
0
-2
-3
-2
4
1
2
7
4
9
6
12
11
10
13
10
14
12
18
15
14
17
17
19
17
18
20
19
17
16
17
14
16
15
12
13
12
14
15
17
13
13
14
11
14
15
15
16
13
12
10
7
10
3
2
1
1
-1
-6
-4
-6
-11
-16
-14
-19
-20
-19
-23
-20
-25
-25
-26
-30
-26
-27
-26
-22
-27
-26
-23
-23
-20
-21
-19
-17
-20
-16
-16
-16
-8
-10
-9
-4
-8
-4
-6
-2
1
-2
5
0
4
5
5
7
4
10
3
10
11
10
14
10
17
13
17
18
17
22
17
17
21
20
16
15
16
18
10
13
15
11
11
13
14
10
11
12
15
15
17
15
14
16
14
17
15
15
14
15
13
7
12
12
4
5
4
-2
-3
-2
-4
-13
-9
-11
-19
-20
-20
-18
-24
-20
-22
-23
-22
-26
-22
-30
-19
-23
-28
-21
-30
-19
-24
-17
-20
-22
-19
-21
-15
-23
-12
-16
-16
-10
-15
-6
-15
-7
-5
-8
0
-4
3
1
2
3
7
4
9
8
10
13
10
16
15
18
14
19
16
17
21
15
22
16
19
19
19
19
15
20
16
15
16
13
16
8
15
11
12
21
18
16
20
21
15
19
18
21
18
15
17
16
11
10
12
7
3
4
3
-3
-3
-5
-7
-11
-9
-19
-18
-20
-22
-23
-22
-22
-28
-25
-32
-30
-25
-31
-31
-30
-28
-29
-29
-25
-30
-23
-26
-25
-24
-25
-19
-20
-11
-16
-15
-9
-19
-11
-14
-5
-7
-8
1
-8
1
-1
5
4
3
10
10
11
15
17
13
23
15
23
18
24
28
18
31
24
31
24
27
27
22
28
20
28
19
15
18
10
15
13
13
17
13
17
22
18
18
16
17
18
19
23
16
21
19
11
17
7
6
5
-1
0
-4
-5
-5
-9
-12
-17
-14
-22
-22
-21
-31
-21
-31
-27
-32
-34
-27
-40
-28
-34
-36
-31
-34
-33
-31
-30
-31
-37
-23
-29
-25
-19
-25
-25
-22
-14
-20
-9
-12
-16
-6
-9
-1
-3
1
3
-3
11
4
5
15
7
18
12
18
19
14
33
11
25
28
22
32
26
32
26
32
29
27
32
28
26
27
29
20
21
22
17
16
19
22
18
26
20
15
24
15
19
21
21
20
15
18
12
13
12
5
6
2
1
-7
-5
-6
-15
-10
-17
-22
-22
-25
-27
-23
-31
-27
-33
-34
-34
-40
-35
-40
-40
-35
-38
-38
-35
-32
-29
-34
-28
-32
-28
-25
-21
-21
-23
-24
-15
-18
-16
-13
-13
-9
-4
-1
-6
2
-5
8
3
11
12
9
15
8
15
18
16
23
19
25
20
28
30
21
32
29
27
35
32
30
33
26
34
24
34
20
26
19
15
21
8
22
16
22
23
17
20
15
14
25
19
21
25
18
17
16
12
13
8
8
1
-2
-2
-7
-9
-12
-15
-18
-20
-26
-23
-25
-29
-29
-33
-32
-35
-37
-34
-38
-37
-34
-39
-37
-40
-37
-39
-36
-36
-37
-31
-32
-27
-30
-25
-30
-25
-23
-22
-15
-12
-7
-12
-4
-4
-4
2
10
0
13
7
6
21
15
21
13
24
16
18
31
22
29
28
29
23
31
33
34
36
35
28
31
36
31
34
24
23
21
21
22
11
19
15
17
23
17
20
15
19
17
17
23
21
21
21
14
15
12
8
9
5
1
-5
-2
-9
-7
-13
-16
-18
-23
-24
-28
-31
-32
-29
-37
-34
-38
-38
-38
-43
-36
-40
-42
-40
-40
-34
-34
-34
-33
-38
-29
-29
-24
-23
-27
-25
-24
-17
-18
-13
-13
-11
-5
-7
-3
-1
2
3
6
9
10
14
9
20
13
20
18
19
26
19
31
23
29
28
26
32
35
34
32
35
28
32
28
29
32
24
30
14
18
15
18
18
20
24
18
21
20
19
18
18
19
26
28
23
17
20
13
14
16
6
4
-2
-3
-5
-7
-4
-17
-20
-18
-29
-29
-27
-31
-32
-33
-38
-40
-37
-35
-42
-40
-38
-38
-36
-35
-36
-35
-38
-39
-36
-32
-30
-30
-28
-32
-27
-21
-26
-21
-17
-17
-9
-10
-4
-7
-2
0
0
1
6
8
9
10
4
18
14
14
22
17
19
20
31
25
26
28
28
30
38
38
30
36
29
35
36
33
28
23
22
21
25
21
23
24
25
28
26
26
20
28
26
26
33
29
26
27
23
17
18
17
10
6
5
-2
-4
-4
-9
-15
-17
-22
-31
-29
-27
-38
-32
-40
-42
-42
-45
-42
-51
-42
-45
-51
-43
-49
-45
-38
-45
-33
-42
-36
-30
-34
-24
-30
-30
-23
-28
-21
-14
-24
-9
-15
-12
0
-3
5
-3
7
4
10
14
14
13
17
23
15
23
20
25
25
35
24
24
28
26
41
34
40
24
32
30
25
36
31
27
16
22
12
19
27
26
28
26
31
27
33
33
31
30
31
37
37
36
29
24
22
19
11
14
7
5
7
-5
-7
-8
-16
-25
-30
-29
-34
-35
-31
-43
-42
-44
-49
-41
-48
-40
-44
-43
-37
-53
-40
-46
-47
-43
-43
-43
-38
-39
-41
-39
-42
-30
-38
-27
-33
-26
-23
-17
-12
-8
-3
-8
1
-2
6
6
12
6
17
20
16
28
24
23
23
29
33
28
36
39
31
43
40
30
37
38
29
41
39
24
27
23
20
24
21
29
28
34
32
29
39
27
30
41
39
39
40
37
36
41
32
27
21
17
17
11
11
4
-5
-6
-16
-20
-20
-29
-28
-32
-38
-39
-43
-51
-50
-59
-54
-50
-52
-48
-56
-51
-53
-50
-52
-49
-48
-52
-40
-48
-39
-42
-46
-34
-47
-29
-32
-28
-20
-17
-11
-15
-7
-5
-8
4
-3
2
8
11
13
12
20
13
26
22
26
29
32
34
36
37
42
39
42
55
33
46
29
35
40
26
36
20
25
27
30
43
38
45
43
39
44
38
46
53
48
52
47
40
37
34
33
20
21
16
3
7
0
-2
-7
-14
-22
-34
-28
-36
-39
-31
-44
-47
-54
-60
-52
-58
-41
-54
-53
-54
-65
-51
-62
-45
-57
-51
-53
-54
-47
-51
-37
-47
-35
-41
-35
-30
-29
-26
-25
-21
-24
-9
-12
0
-1
-8
1
0
23
19
20
22
23
24
30
27
24
33
29
42
40
35
39
35
38
45
40
38
29
29
27
26
30
28
27
35
46
49
48
48
40
41
52
62
66
64
56
44
45
45
46
42
33
17
12
9
9
10
-3
-15
-29
-30
-30
-36
-28
-38
-54
-58
-63
-58
-58
-54
-60
-64
-58
-64
-58
-60
-61
-59
-65
-54
-54
-52
-51
-50
-45
-43
-41
-41
-36
-32
-29
-27
-27
-26
-19
-13
-10
4
-10
-8
-9
-1
15
10
25
19
17
25
25
27
38
30
33
40
35
40
36
40
35
32
46
30
35
35
24
29
31
37
42
48
62
51
51
55
40
56
60
62
71
63
63
51
49
49
40
44
33
27
18
13
7
-7
-7
-18
-28
-31
-41
-44
-41
-50
-52
-62
-64
-63
-60
-56
-65
-64
-75
-76
-64
-67
-56
-62
-70
-62
-67
-59
-52
-49
-37
-43
-38
-42
-38
-33
-32
-25
-29
-14
-8
-6
1
-4
-8
-5
1
10
15
18
22
25
19
23
22
25
44
43
42
39
34
36
43
48
40
42
31
29
26
23
26
35
45
50
53
52
51
55
58
63
66
73
81
75
72
63
54
48
47
44
38
30
21
16
5
2
-8
-22
-29
-34
-39
-37
-48
-53
-62
-68
-67
-69
-68
-68
-67
-66
-70
-69
-70
-74
-68
-67
-59
-65
-62
-69
-65
-50
-50
-36
-43
-34
-41
-40
-28
-29
-14
-19
-16
-13
-4
2
6
6
6
10
9
31
29
30
28
18
28
36
43
31
34
33
24
31
44
33
39
25
19
16
18
38
33
58
65
51
58
62
61
70
75
83
90
94
90
72
69
64
56
62
55
47
30
28
16
3
5
-16
-27
-32
-38
-43
-43
-45
-67
-78
-80
-88
-74
-71
-74
-82
-88
-85
-88
-78
-71
-76
-74
-75
-67
-64
-57
-48
-57
-48
-51
-46
-37
-37
-29
-25
-28
-6
-8
-2
1
-10
5
6
13
22
20
20
27
30
30
33
38
35
38
32
32
34
33
43
36
33
29
10
21
27
33
54
55
64
58
61
65
65
76
84
92
103
97
85
78
69
68
66
65
61
52
44
32
16
11
-3
-21
-25
-28
-39
-40
-51
-67
-78
-87
-85
-81
-85
-90
-104
-107
-101
-96
-85
-79
-82
-85
-82
-79
-63
-67
-66
-58
-57
-41
-39
-36
-31
-41
-33
-31
-17
-2
-6
3
4
7
14
8
26
27
42
92
68
67
66
57
104
103
105
110
68
149
167
124
133
87
56
37
93
230
372
456
482
377
353
382
454
754
849
735
763
650
642
829
758
621
511
458
457
454
533
388
112
-20
-281
-334
-233
-282
-376
-541
-795
-1023
-1087
-1091
-1196
-1235
-1341
-1485
-1505
-1499
-1449
-1467
-1498
-1540
-1524
-1377
-1222
-1075
-1018
-1137
-1179
-997
-652
-410
-417
-472
-657
-615
-367
-89
206
265
46
-82
-68
148
477
584
573
435
347
566
766
931
763
340
271
506
781
982
859
633
296
275
447
496
1009
1337
1477
1666
1501
1351
1389
1618
1949
2195
2389
2289
2054
1888
1768
1670
1597
1521
1191
1017
991
782
684
373
-15
-326
-549
-424
-582
-633
-690
-1211
-1458
-1655
-1721
-1577
-1662
-1905
-2330
-2431
-2396
-2343
-2044
-2166
-2275
-2371
-2364
-1932
-1810
-1451
-1316
-1434
-1140
-1096
-805
-555
-704
-675
-745
-449
-49
47
234
115
-46
-12
96
468
633
631
628
597
781
758
625
560
508
633
638
564
560
479
448
469
449
554
892
1365
1783
1978
1950
1745
1687
1846
2099
2515
2756
2717
2489
2150
1960
1772
1760
1732
1446
1298
979
641
439
167
3
-272
-494
-691
-881
-839
-1026
-1307
-1573
-1785
-1756
-1741
-1761
-2011
-2359
-2449
-2523
-2452
-2241
-2126
-2082
-2239
-2359
-2244
-1914
-1487
-1251
-1161
-1127
-1071
-927
-719
-543
-539
-523
-507
-338
-63
90
214
1
-160
-155
-24
419
554
706
575
257
429
490
676
621
433
512
273
332
340
238
542
890
1523
1957
1988
1816
1568
1849
2308
2761
3020
2984
2931
2707
2655
2547
2338
2228
1825
1592
1505
1408
1309
769
191
-323
-594
-379
-359
-479
-777
-1387
-1803
-2031
-1979
-1835
-1836
-1903
-2299
-2603
-2583
-2544
-2453
-2468
-2478
-2427
-2267
-1968
-1917
-1855
-1729
-1637
-1308
-915
-451
-267
-370
-469
-648
-489
-155
61
178
100
104
78
43
106
161
302
316
251
75
-55
39
4
79
94
-41
-75
-211
-74
10
74
624
1166
1805
2149
1929
1835
1888
2341
2954
3347
3726
3615
3195
2840
2512
2553
2686
2599
2346
1910
1537
1255
985
724
247
-276
-549
-713
-781
-912
-1278
-1735
-2221
-2424
-2336
-2145
-2065
-2492
-2994
-3212
-3056
-2696
-2520
-2386
-2513
-2663
-2651
-2545
-2065
-1659
-1264
-1059
-1032
-760
-651
-334
-152
-158
34
75
472
708
748
740
295
259
310
503
796
546
371
90
40
234
88
80
-94
-241
-188
-270
-164
31
541
1294
1760
1934
1740
1558
1743
2272
2953
3414
3551
3307
2918
2693
2639
2718
2654
2461
2199
1890
1714
1446
1118
665
42
-334
-509
-474
-522
-898
-1404
-2021
-2317
-2368
-2335
-2279
-2501
-2806
-3198
-3368
-3270
-3125
-2853
-2846
-2871
-2902
-2870
-2542
-2307
-1897
-1613
-1379
-957
-803
-565
-470
-339
-51
72
390
618
874
1022
843
670
447
521
658
866
1047
858
681
308
161
70
-154
-142
-286
-141
81
467
1331
1921
2177
1829
1430
1641
2234
3139
3765
3969
3817
3352
2999
2899
3037
3082
2865
2473
2034
1732
1471
1240
874
338
-149
-542
-661
-751
-1012
-1377
-1869
-2246
-2503
-2560
-2512
-2674
-2986
-3409
-3612
-3516
-3318
-3105
-3102
-3144
-3251
-3312
-3128
-2801
-2283
-1897
-1681
-1504
-1336
-1029
-822
-718
-607
-440
-87
305
604
739
617
369
206
225
518
853
1015
944
591
322
164
150
244
168
89
-95
-1
681
1694
2739
2877
2287
1664
1644
2694
3913
4861
5051
4457
3833
3301
3435
3841
3928
3712
2966
2452
2192
2047
1959
1301
498
-319
-742
-562
-491
-648
-1380
-2285
-2865
-3116
-2845
-2645
-2779
-3324
-4070
-4323
-4093
-3573
-3242
-3321
-3524
-3722
-3682
-3366
-2874
-2345
-2035
-1904
-1730
-1433
-1101
-963
-1033
-1016
-803
-365
134
404
401
7
-394
-449
-161
366
557
426
82
-274
-312
-325
-239
-276
-397
-368
-316
190
1032
2078
2798
2597
2087
1826
2513
3749
4720
5236
5061
4705
4283
4066
4278
4456
4507
4123
3615
3277
2986
2765
2276
1649
995
488
319
215
21
-491
-1176
-1810
-2289
-2502
-2584
-2634
-2967
-3525
-4006
-4154
-3911
-3732
-3644
-3674
-3688
-3645
-3657
-3411
-3034
-2556
-2199
-2020
-1735
-1555
-1412
-1399
-1314
-990
-714
-443
-296
-159
-141
-403
-698
-885
-700
-379
-146
-145
-479
-899
-1331
-1450
-1354
-1202
-1094
-1082
-582
396
1693
2452
2128
1402
1019
1924
3530
4910
5571
5253
4693
4107
3992
4473
5003
5216
4716
4005
3560
3428
3336
2895
2206
1499
1059
960
1017
873
280
-631
-1450
-1786
-1692
-1470
-1599
-2271
-3156
-3788
-3740
-3283
-2920
-2915
-3267
-3550
-3657
-3469
-2989
-2517
-2137
-2083
-2033
-1750
-1418
-1124
-1241
-1369
-1287
-987
-424
-156
-93
-452
-989
-1256
-1286
-783
-410
-292
-601
-1261
-1647
-1971
-1858
-1769
-1766
-1763
-1842
-1186
-112
1251
1863
1333
659
524
1846
3585
4931
5366
4798
4131
3514
3717
4420
5019
5084
4300
3581
3140
3124
3076
2589
1949
1265
1051
1144
1257
1036
230
-674
-1341
-1374
-1012
-812
-1150
-2107
-3013
-3375
-2985
-2302
-2002
-2236
-2828
-3227
-3198
-2743
-2093
-1631
-1443
-1494
-1474
-1260
-1008
-840
-886
-920
-783
-485
-95
92
2
-396
-923
-1258
-1246
-864
-531
-546
-1039
-1787
-2358
-2575
-2373
-2064
-1924
-1998
-1851
-975
403
1475
1443
677
232
905
2485
4066
4981
4882
4134
3312
3025
3574
4388
4763
4361
3478
2769
2514
2526
2382
1857
1133
577
462
555
466
42
-705
-1353
-1672
-1601
-1249
-1178
-1651
-2524
-3157
-3069
-2467
-1835
-1662
-1846
-2173
-2465
-2380
-1925
-1221
-672
-558
-604
-584
-430
-339
-374
-382
-288
-74
146
376
423
92
-505
-1069
-1150
-881
-526
-403
-755
-1333
-2129
-2626
-2655
-2419
-2029
-2102
-2065
-1580
-485
971
1394
994
175
151
1577
3323
4892
5217
4597
3687
2918
3226
4003
4787
4777
3863
2970
2384
2396
2358
1914
1198
447
183
234
296
-34
-827
-1707
-2270
-2254
-1849
-1476
-1709
-2535
-3453
-3760
-3204
-2350
-1735
-1763
-2151
-2528
-2594
-2072
-1318
-579
-303
-420
-414
-245
144
317
214
124
95
362
693
871
757
143
-559
-1003
-961
-555
-354
-533
-1149
-1900
-2505
-2796
-2668
-2400
-2212
-2371
-2281
-1486
-56
1288
1292
605
-16
586
2394
4024
5251
5175
4482
3692
3205
3863
4613
5119
4730
3735
3051
2624
2623
2402
1837
1076
390
217
252
172
-377
-1236
-2043
-2500
-2427
-2008
-1676
-2002
-2876
-3740
-3867
-3287
-2543
-2001
-1974
-2144
-2464
-2515
-2017
-1328
-588
-360
-282
-104
39
256
137
75
102
202
590
840
958
537
-293
-906
-1137
-782
-461
-487
-875
-1586
-2220
-2758
-2935
-2882
-2729
-2689
-2718
-2131
-1031
466
1105
604
-44
-194
1289
3172
4691
5422
4866
4242
3549
3605
4438
5022
5186
4447
3613
3198
3005
2875
2352
1571
865
521
588
739
418
-421
-1417
-2193
-2316
-2074
-1683
-1649
-2326
-3206
-3858
-3639
-2971
-2350
-2026
-2123
-2195
-2378
-2183
-1644
-1037
-463
-355
-97
218
422
480
138
54
163
435
862
962
872
312
-457
-909
-1057
-788
-658
-849
-1267
-1954
-2688
-3255
-3481
-3264
-2958
-2985
-2725
-2049
-694
560
471
-70
-688
70
1959
3588
4904
4822
4314
3683
3300
3940
4596
5127
4808
4000
3445
3147
3153
2778
2103
1305
793
757
860
818
223
-718
-1698
-2162
-1997
-1480
-1198
-1725
-2663
-3595
-3657
-3067
-2368
-1851
-1987
-2086
-2282
-2173
-1610
-1068
-367
-176
-38
237
466
759
546
312
220
344
748
982
1062
684
-116
-924
-1341
-1143
-759
-721
-1145
-1923
-2751
-3346
-3618
-3423
-3235
-3022
-2507
-1535
-188
281
-68
-773
-821
431
2049
3775
4619
4501
3811
2941
2977
3604
4442
4853
4481
3787
3043
2662
2587
2349
1778
1083
637
661
674
381
-214
-1115
-1861
-2316
-2141
-1534
-1364
-1837
-2845
-3475
-3333
-2755
-1986
-1585
-1484
-1713
-1991
-1758
-1142
-274
244
383
506
628
905
987
902
835
734
846
1020
1229
1274
795
22
-828
-1169
-1050
-828
-803
-1319
-2049
-3012
-3634
-3768
-3562
-3287
-3343
-2889
-1921
-476
325
-56
-664
-1020
55
1799
3613
4874
4693
3981
3015
2839
3540
4321
4910
4582
3770
2928
2488
2519
2310
1683
816
314
298
390
221
-379
-1254
-2174
-2638
-2502
-1981
-1762
-2218
-2914
-3437
-3359
-2908
-2310
-1738
-1541
-1582
-1732
-1513
-899
-215
338
559
802
1032
1224
1354
1230
1123
1002
1034
1263
1461
1536
1180
461
-400
-968
-1038
-841
-721
-1075
-1723
-2587
-3317
-3684
-3731
-3516
-3459
-3090
-2201
-801
272
117
-581
-1167
-480
1121
2902
4436
4773
4334
3326
2774
3208
4009
4689
4530
3897
3154
2692
2522
2246
1708
871
294
121
240
212
-281
-1137
-2149
-2765
-2817
-2350
-2002
-2216
-2801
-3375
-3372
-3017
-2434
-1870
-1539
-1368
-1416
-1217
-732
-84
418
582
775
1068
1469
1641
1477
1228
1014
989
1117
1364
1577
1389
692
-204
-903
-1146
-1145
-1085
-1101
-1442
-2112
-3078
-3775
-3970
-3825
-3653
-3562
-2904
-1651
-152
548
88
-648
-862
210
1944
3669
4847
4946
4345
3431
3080
3567
4280
4622
4235
3550
3038
2760
2539
2043
1249
424
-112
-146
57
58
-458
-1502
-2559
-3153
-3041
-2496
-2147
-2264
-2763
-3149
-3133
-2785
-2201
-1664
-1232
-1022
-940
-659
-216
318
618
777
1089
1500
1881
1870
1564
1169
814
724
857
1210
1378
998
158
-863
-1531
-1823
-1817
-1637
-1621
-1902
-2751
-3769
-4413
-4494
-4130
-3835
-3251
-2144
-651
454
418
-138
-491
115
1484
3089
4604
5321
5174
4338
3623
3589
3992
4409
4364
3980
3424
2923
2497
1963
1242
394
-187
-389
-283
-233
-545
-1289
-2368
-3205
-3415
-2953
-2362
-2185
-2380
-2690
-2768
-2623
-2218
-1575
-923
-449
-267
-40
365
801
1070
1148
1371
1758
2114
2188
1929
1521
1055
694
583
755
978
826
151
-828
-1729
-2270
-2458
-2375
-2236
-2352
-2905
-3772
-4462
-4690
-4574
-4402
-3974
-2843
-1114
416
790
251
-324
-101
1085
2700
4360
5386
5491
4845
4068
3846
4043
4277
4134
3709
3265
2921
2634
2087
1209
105
-793
-1176
-1073
-763
-748
-1252
-2272
-3285
-3714
-3416
-2714
-2234
-2138
-2249
-2254
-2044
-1657
-1082
-467
91
444
767
1243
1751
2090
2074
2027
2205
2549
2776
2637
2231
1621
970
469
371
592
627
100
-938
-1963
-2668
-2994
-3094
-3070
-3059
-3340
-3871
-4500
-4799
-4781
-4725
-4651
-4226
-2842
-813
920
1388
788
196
409
1650
3326
5007
6058
6050
5240
4309
4029
4190
4234
3818
3155
2626
2255
1958
1423
518
-683
-1818
-2365
-2248
-1823
-1653
-2041
-2862
-3680
-4007
-3655
-2896
-2252
-1986
-1904
-1690
-1235
-604
62
670
1106
1359
1657
2172
2790
3176
3170
3010
2982
3084
3085
2852
2416
1832
1162
561
264
228
69
-541
-1520
-2468
-3139
-3515
-3623
-3535
-3465
-3685
-4155
-4562
-4662
-4553
-4475
-4471
-4339
-3673
-2208
-185
1572
2204
1737
1085
1241
2416
4070
5503
6170
5938
5113
4326
4005
3976
3799
3215
2366
1563
1036
802
563
-78
-1203
-2391
-3110
-3205
-2923
-2627
-2566
-2852
-3335
-3609
-3357
-2715
-2129
-1814
-1569
-1098
-370
426
1121
1616
1894
2037
2222
2590
3108
3600
3855
3769
3419
3017
2693
2350
1854
1253
723
306
-94
-502
-893
-1369
-2097
-2979
-3607
-3705
-3450
-3272
-3383
-3631
-3812
-3866
-3853
-3750
-3484
-3120
-2792
-2461
-1761
-438
1181
2300
2433
1962
1753
2266
3197
3981
4384
4514
4417
4001
3359
2849
2671
2516
1919
906
46
-205
-18
25
-446
-1328
-2246
-2884
-3106
-2926
-2493
-2039
-1806
-1867
-2039
-1989
-1547
-885
-319
39
387
921
1566
2062
2262
2225
2062
1874
1801
1979
2351
2611
2434
1794
974
336
32
-48
-149
-421
-802
-1116
-1278
-1372
-1521
-1729
-1919
-2038
-2099
-2097
-2011
-1885
-1814
-1846
-1888
-1796
-1553
-1273
-1072
-971
-897
-763
-505
-107
336
666
796
793
804
902
1028
1094
1063
1003
973
947
881
765
625
479
346
289
336
417
402
265
113
46
97
261
527
835
1044
1054
928
846
919
1088
1253
1394
1539
1682
1749
1697
1563
1411
1272
1150
1056
996
909
714
383
-20
-400
-690
-873
-969
-1040
-1187
-1458
-1795
-2073
-2231
-2306
-2341
-2343
-2317
-2302
-2327
-2353
-2346
-2309
-2239
-2083
-1794
-1423
-1108
-938
-881
-826
-673
-375
15
366
553
567
514
489
505
527
539
550
548
518
475
430
341
169
-8
-53
65
247
373
441
501
570
668
857
1175
1549
1825
1949
2000
2087
2239
2399
2546
2686
2801
2830
2738
2566
2384
2209
2030
1872
1756
1626
1372
954
466
41
-262
-469
-618
-739
-870
-1084
-1421
-1828
-2173
-2373
-2456
-2502
-2555
-2591
-2619
-2697
-2863
-3036
-3072
-2911
-2638
-2369
-2145
-1963
-1842
-1798
-1763
-1622
-1325
-944
-598
-357
-228
-187
-208
-245
-237
-150
-3
136
218
232
199
157
153
233
365
465
493
512
604
770
932
1073
1235
1432
1609
1731
1844
1964
2017
1951
1854
1884
2056
2227
2243
2106
1921
1768
1691
1722
1847
1951
1893
1644
1321
1058
892
794
738
726
721
655
476
208
-97
-397
-667
-890
-1042
-1112
-1139
-1213
-1416
-1738
-2071
-2284
-2317
-2220
-2100
-2039
-2071
-2169
-2253
-2224
-2049
-1793
-1530
-1288
-1111
-1099
-1302
-1571
-1634
-1406
-1081
-912
-901
-834
-575
-279
-246
-556
-901
-870
-382
186
369
95
-253
-245
179
682
923
870
831
1078
1539
1861
1818
1619
1626
1932
2254
2325
2187
2036
1950
1862
1768
1734
1759
1726
1537
1222
901
675
562
512
486
469
441
322
45
-349
-704
-899
-999
-1174
-1503
-1860
-2010
-1791
-1220
-499
90
359
359
302
358
518
658
732
814
979
1201
1357
1320
1051
583
-19
-650
-1175
-1491
-1598
-1583
-1561
-1635
-1868
-2244
-2648
-2938
-3048
-3006
-2858
-2622
-2308
-1950
-1591
-1262
-998
-816
-662
-425
-19
519
1051
1449
1677
1766
1794
1837
1950
2122
2288
2366
2346
2268
2142
1933
1637
1317
1054
875
745
622
497
366
222
67
-80
-203
-297
-345
-333
-282
-253
-299
-416
-568
-720
-842
-913
-931
-918
-873
-786
-697
-701
-860
-1093
-1240
-1229
-1153
-1135
-1147
-1001
-472
490
1667
2662
3126
2985
2484
1996
1758
1775
1904
1996
1951
1731
1355
883
366
-198
-841
-1558
-2236
-2712
-2874
-2761
-2525
-2295
-2116
-2006
-1998
-2094
-2207
-2194
-1984
-1593
-1053
-393
310
924
1345
1575
1672
1698
1717
1790
1912
2008
2034
2042
2106
2192
2171
1967
1599
1088
440
-264
-836
-1140
-1242
-1324
-1507
-1740
-1918
-2001
-2014
-1991
-1927
-1786
-1542
-1211
-844
-483
-138
176
405
498
458
365
303
275
239
170
91
30
-36
-158
-359
-595
-816
-1012
-1217
-1421
-1472
-1098
-117
1309
2709
3575
3698
3263
2640
2143
1888
1809
1816
1843
1856
1819
1674
1395
994
484
-139
-863
-1583
-2135
-2358
-2197
-1752
-1212
-801
-644
-711
-892
-1069
-1170
-1161
-1012
-725
-333
136
639
1123
1497
1657
1568
1291
947
621
350
154
70
132
279
372
255
-116
-654
-1228
-1745
-2185
-2528
-2713
-2662
-2363
-1923
-1492
-1190
-1028
-950
-882
-792
-664
-494
-259
46
389
707
926
995
901
657
322
-25
-314
-509
-627
-690
-709
-703
-699
-739
-847
-1005
-1159
-1200
-976
-338
765
2179
3583
4624
5109
5088
4777
4382
3974
3552
3150
2840
2659
2540
2397
2191
1908
1490
838
-69
-1112
-2108
-2886
-3321
-3355
-3033
-2530
-2079
-1831
-1816
-1982
-2240
-2478
-2569
-2451
-2141
-1680
-1086
-394
305
882
1239
1345
1230
954
586
202
-135
-355
-413
-351
-275
-283
-417
-678
-1069
-1575
-2112
-2557
-2799
-2779
-2497
-2019
-1441
-869
-375
3
219
258
186
136
209
387
588
762
920
1077
1190
1180
1009
690
293
-107
-444
-653
-693
-577
-394
-236
-118
0
164
411
837
1596
2725
4030
5155
5832
6038
5900
5557
5078
4501
3873
3213
2513
1786
1076
446
-57
-495
-999
-1696
-2594
-3552
-4368
-4908
-5145
-5117
-4861
-4408
-3838
-3259
-2775
-2407
-2118
-1849
-1588
-1352
-1119
-810
-340
282
957
1552
1976
2176
2111
1761
1194
559
9
-375
-621
-810
-1006
-1219
-1400
-1511
-1584
-1705
-1924
-2178
-2342
-2321
-2098
-1675
-1065
-340
368
936
1344
1657
1935
2146
2219
2141
1971
1796
1672
1602
1563
1514
1414
1240
991
674
295
-123
-534
-863
-1046
-1055
-921
-726
-554
-405
-148
404
1322
2459
3516
4235
4565
4609
4502
4294
3947
3434
2765
1994
1185
387
-344
-950
-1418
-1805
-2234
-2787
-3457
-4129
-4656
-4936
-4947
-4751
-4426
-4031
-3589
-3078
-2481
-1822
-1169
-619
-239
-17
144
374
748
1229
1707
2065
2249
2252
2092
1800
1417
992
541
59
-440
-889
-1201
-1320
-1292
-1210
-1154
-1159
-1169
-1126
-986
-754
-473
-171
167
581
1070
1569
1985
2253
2366
2342
2188
1906
1524
1104
713
388
128
-83
-280
-483
-710
-948
-1166
-1339
-1455
-1522
-1550
-1513
-1365
-1100
-794
-556
-410
-202
286
1166
2279
3329
4092
4507
4666
4637
4422
3993
3359
2544
1580
519
-534
-1428
-2065
-2463
-2731
-2981
-3248
-3512
-3747
-3934
-4036
-4021
-3880
-3632
-3287
-2811
-2156
-1318
-379
524
1270
1797
2086
2166
2107
2026
2040
2183
2367
2453
2346
2057
1652
1199
728
257
-212
-683
-1148
-1561
-1844
-1943
-1882
-1760
-1679
-1669
-1656
-1539
-1263
-843
-350
149
593
945
1193
1368
1505
1610
1639
1548
1320
984
598
228
-91
-368
-642
-944
-1257
-1531
-1714
-1776
-1736
-1623
-1474
-1305
-1109
-869
-589
-320
-132
-53
38
354
1033
2016
3059
3950
4601
5031
5215
5093
4625
3858
2879
1756
586
-497
-1320
-1815
-2066
-2233
-2414
-2585
-2691
-2726
-2739
-2749
-2739
-2680
-2551
-2319
-1911
-1289
-521
239
855
1284
1562
1754
1871
1903
1845
1733
1600
1445
1233
941
585
209
-158
-511
-864
-1214
-1540
-1794
-1934
-1956
-1902
-1842
-1833
-1870
-1871
-1736
-1423
-972
-475
-16
370
681
902
1014
1007
895
722
529
351
206
97
-12
-175
-426
-735
-1020
-1203
-1265
-1245
-1188
-1104
-966
-738
-410
-8
410
792
1111
1348
1494
1530
1458
1350
1353
1616
2182
2935
3677
4253
4616
4777
4726
4448
3940
3221
2306
1213
29
-1074
-1920
-2454
-2785
-3065
-3336
-3528
-3548
-3403
-3155
-2846
-2483
-2106
-1788
-1578
-1404
-1158
-805
-397
-13
355
742
1144
1471
1648
1660
1529
1277
908
461
9
-390
-726
-1028
-1308
-1551
-1728
-1830
-1876
-1897
-1930
-1991
-2069
-2116
-2083
-1942
-1693
-1364
-988
-598
-227
120
459
808
1137
1382
1485
1460
1365
1261
1175
1116
1091
1081
1052
987
907
851
827
802
747
683
657
698
797
934
1078
1191
1227
1176
1071
951
802
572
266
0
-58
195
704
1311
1877
2328
2649
2835
2857
2676
2266
1623
789
-153
-1078
-1871
-2447
-2794
-2964
-3011
-2956
-2787
-2506
-2170
-1869
-1669
-1569
-1535
-1526
-1497
-1409
-1238
-1004
-756
-533
-322
-95
157
380
506
499
371
180
-15
-178
-312
-432
-558
-682
-783
-827
-796
-705
-582
-469
-397
-380
-406
-426
-400
-301
-125
125
441
795
1142
1430
1628
1727
1723
1625
1448
1233
1020
838
696
599
546
527
506
460
392
321
249
167
76
6
0
66
181
318
460
575
619
552
381
142
-124
-380
-564
-585
-382
24
521
999
1407
1742
2008
2170
2173
1974
1545
901
102
-738
-1491
-2082
-2518
-2835
-3045
-3116
-2998
-2693
-2252
-1762
-1304
-938
-693
-555
-464
-359
-211
-39
132
307
510
756
1021
1253
1402
1435
1342
1141
871
582
300
30
-224
-464
-680
-869
-1026
-1150
-1248
-1327
-1381
-1400
-1366
-1267
-1101
-866
-573
-251
66
357
618
854
1068
1252
1389
1463
1469
1434
1391
1366
1348
1301
1204
1065
910
757
611
454
273
60
-172
-394
-576
-698
-778
-840
-906
-963
-993
-989
-973
-981
-1032
-1114
-1192
-1204
-1068
-722
-172
505
1211
1882
2491
3008
3385
3545
3440
3056
2435
1662
860
146
-408
-797
-1063
-1240
-1330
-1341
-1291
-1224
-1168
-1139
-1151
-1198
-1258
-1296
-1287
-1235
-1171
-1104
-1025
-917
-773
-597
-392
-165
72
290
456
552
571
514
381
193
-15
-205
-356
-467
-538
-569
-558
-515
-461
-414
-383
-372
-383
-405
-417
-390
-307
-177
-27
118
237
326
391
437
475
507
541
571
588
587
563
513
445
368
289
211
130
45
-34
-80
-63
21
150
281
370
397
359
282
194
112
37
-34
-89
-71
82
405
857
1343
1774
2115
2372
2559
2662
2650
2481
2136
1621
990
324
-300
-852
-1346
-1788
-2153
-2381
-2433
-2319
-2097
-1841
-1616
-1453
-1355
-1294
-1232
-1150
-1056
-965
-875
-750
-559
-306
-28
224
425
570
655
665
592
432
191
-115
-451
-772
-1039
-1229
-1353
-1423
-1451
-1445
-1412
-1354
-1264
-1118
-912
-659
-394
-143
90
318
579
896
1259
1627
1942
2156
2271
2317
2318
2276
2162
1941
1610
1203
790
440
183
19
-104
-231
-394
-577
-748
-871
-938
-958
-947
-904
-815
-668
-466
-244
-34
129
240
333
458
670
983
1375
1792
2187
2535
2824
3038
3142
3087
2829
2336
1627
771
-136
-993
-1741
-2355
-2845
-3217
-3471
-3596
-3582
-3434
-3178
-2874
-2581
-2338
-2142
-1951
-1720
-1434
-1103
-760
-427
-108
201
520
842
1142
1377
1509
1527
1454
1311
1104
823
458
42
-357
-661
-816
-820
-730
-619
-547
-521
-502
-442
-316
-142
45
216
381
574
823
1123
1439
1712
1887
1941
1886
1759
1595
1406
1201
986
781
593
425
265
102
-68
-244
-417
-573
-702
-796
-854
-873
-843
-769
-659
-528
-397
-279
-182
-118
-98
-133
-209
-287
-306
-211
13
335
688
1003
1240
1397
1488
1515
1463
1292
973
503
-75
-687
-1250
-1699
-2007
-2177
-2225
-2159
-1991
-1734
-1416
-1075
-751
-484
-286
-147
-52
32
116
208
306
406
512
617
700
738
708
603
444
263
99
-24
-106
-173
-235
-303
-358
-376
-340
-254
-138
-23
76
158
241
343
469
614
763
898
1014
1100
1152
1162
1116
1007
838
632
416
204
-6
-226
-468
-725
-967
-1155
-1260
-1288
-1263
-1226
-1196
-1167
-1110
-994
-805
-566
-312
-77
117
277
422
563
699
800
838
790
662
486
312
198
180
271
444
656
865
1041
1174
1262
1292
1249
1110
869
535
142
-259
-612
-886
-1067
-1157
-1172
-1127
-1028
-886
-711
-521
-340
-181
-63
14
53
55
30
-20
-78
-132
-151
-128
-61
33
133
209
244
234
183
107
15
-85
-189
-293
-391
-468
-511
-513
-471
-393
-298
-216
-162
-149
-172
-207
-227
-212
-158
-80
-1
59
89
100
98
96
84
53
-3
-87
-179
-256
-292
-280
-224
-143
-53
34
111
180
240
289
322
341
346
334
308
266
208
149
95
67
60
64
59
30
-20
-64
-66
8
169
403
674
954
1225
1482
1714
1894
1985
1947
1773
1472
1092
684
291
-65
-384
-660
-895
-1073
-1183
-1228
-1226
-1202
-1185
-1183
-1190
-1186
-1159
-1100
-1017
-923
-819
-712
-589
-446
-292
-138
-3
103
177
226
261
282
287
263
203
109
-8
-141
-273
-396
-506
-598
-668
-719
-741
-739
-710
-654
-575
-474
-354
-219
-84
51
173
282
372
441
489
521
542
561
588
628
683
743
796
832
840
815
756
662
540
397
252
125
30
-22
-33
-16
16
50
75
86
82
58
15
-48
-124
-196
-234
-212
-110
76
326
610
900
1173
1400
1565
1640
1608
1458
1194
843
442
28
-363
-707
-992
-1216
-1373
-1456
-1463
-1408
-1309
-1199
-1097
-1019
-961
-911
-860
-800
-727
-650
-566
-472
-360
-228
-78
69
197
285
328
329
298
246
178
99
7
-92
-185
-267
-330
-374
-395
-396
-376
-329
-259
-167
-64
36
128
200
251
284
293
290
283
279
287
311
351
402
450
486
500
492
460
411
347
274
197
126
71
28
2
-10
-14
0
24
56
93
128
161
178
176
153
101
31
-57
-156
-252
-329
-371
-355
-275
-124
84
328
587
831
1032
1172
1235
1214
1111
939
709
442
162
-107
-348
-547
-695
-788
-828
-821
-775
-706
-622
-543
-483
-440
-419
-413
-413
-415
-403
-375
-321
-238
-136
-24
90
187
260
293
283
236
160
68
-30
-133
-226
-306
-368
-403
-426
-434
-431
-424
-410
-399
-392
-383
-367
-339
-291
-228
-144
-48
58
164
269
362
437
493
530
551
553
538
513
478
436
377
309
231
148
70
-13
-91
-158
-213
-247
-267
-278
-272
-255
-213
-157
-96
-25
45
111
168
200
216
227
243
287
362
474
629
817
1025
1227
1388
1499
1540
1503
1393
1208
969
690
392
94
-188
-441
-658
-838
-984
-1093
-1170
-1214
-1231
-1224
-1206
-1169
-1120
-1069
-1012
-961
-900
-823
-733
-622
-500
-366
-216
-75
49
140
180
183
136
45
-75
-218
-363
-495
-603
-676
-716
-728
-714
-681
-635
-583
-528
-469
-411
-345
-274
-192
-98
10
126
251
383
515
642
756
851
923
973
997
995
975
933
879
810
730
648
565
488
423
365
322
293
270
255
239
222
206
193
192
206
238
284
340
392
429
440
423
380
317
254
203
181
197
252
338
440
537
611
647
633
569
455
301
121
-75
-273
-463
-635
-784
-905
-1000
-1064
-1100
-1109
-1101
-1074
-1032
-999
-964
-931
-899
-855
-818
-777
-729
-679
-610
-542
-483
-425
-378
-333
-300
-287
-279
-280
-278
-270
-260
-245
-222
-196
-161
-128
-92
-57
-25
8
44
87
142
208
284
361
443
524
595
654
689
710
720
712
698
673
641
617
591
564
533
493
454
413
368
323
273
238
217
207
214
226
244
272
296
315
322
318
312
303
289
273
245
206
153
76
-17
-120
-222
-308
-369
-391
-370
-308
-212
-96
25
134
218
264
273
240
167
60
-73
-212
-351
-473
-573
-643
-677
-680
-658
-614
-569
-524
-489
-470
-464
-473
-486
-496
-497
-488
-463
-426
-379
-325
-272
-224
-191
-170
-163
-167
-174
-184
-191
-188
-177
-153
-120
-75
-22
35
90
140
187
229
266
302
336
373
416
463
514
564
606
637
653
650
633
603
567
526
482
443
404
368
335
299
264
228
197
173
153
137
124
112
100
90
81
74
73
79
92
118
148
177
203
213
207
185
145
93
33
-31
-90
-139
-173
-186
-179
-157
-121
-79
-37
-2
11
4
-28
-84
-160
-251
-347
-437
-512
-560
-579
-571
-542
-499
-444
-384
-332
-286
-251
-223
-196
-179
-166
-157
-149
-145
-146
-158
-178
-204
-235
-264
-293
-319
-336
-347
-352
-352
-346
-334
-312
-281
-241
-187
-121
-40
53
151
253
350
435
509
563
596
615
615
607
581
545
516
479
447
415
381
357
338
320
304
276
246
212
171
126
75
23
-17
-42
-48
-35
-6
41
98
155
208
245
264
269
252
218
174
127
82
45
10
-17
-36
-57
-78
-102
-133
-169
-213
-268
-324
-376
-413
-432
-443
-435
-414
-380
-330
-280
-230
-180
-133
-88
-52
-27
-5
8
17
25
26
28
29
33
39
44
48
49
45
35
18
-9
-38
-71
-106
-138
-173
-207
-239
-265
-278
-286
-284
-266
-233
-181
-116
-44
36
111
176
223
255
269
264
243
206
172
143
123
115
116
127
146
162
175
182
174
163
143
120
98
77
66
68
76
87
94
99
99
91
80
62
41
22
3
-12
-25
-34
-40
-46
-47
-46
-41
-33
-24
-15
-7
-4
-8
-17
-30
-45
-60
-68
-74
-76
-75
-72
-68
-69
-74
-84
-96
-110
-120
-129
-127
-120
-102
-75
-45
-20
6
24
42
54
63
71
75
81
87
90
94
95
89
77
54
24
-15
-55
-94
-129
-157
-178
-185
-181
-171
-152
-133
-114
-98
-87
-75
-65
-52
-34
-12
15
49
83
118
150
178
200
213
217
210
198
175
145
112
77
45
16
-9
-25
-36
-40
-42
-43
-47
-54
-66
-79
-91
-98
-95
-88
-69
-43
-10
27
61
91
111
122
126
122
113
106
98
93
91
91
92
90
84
65
40
4
-35
-78
-119
-152
-180
-195
-201
-204
-200
-194
-184
-172
-159
-141
-120
-92
-57
-18
28
77
126
167
201
226
236
235
218
191
158
117
71
23
-21
-65
-104
-136
-160
-179
-191
-197
-197
-191
-177
-161
-140
-115
-88
-56
-23
12
48
86
121
151
176
191
196
191
172
149
119
86
55
22
-3
-23
-39
-51
-60
-65
-73
-78
-85
-91
-98
-102
-105
-105
-101
-90
-72
-51
-26
4
36
69
101
130
155
170
179
178
169
150
127
98
68
41
20
2
-8
-14
-19
-25
-33
-45
-60
-81
-104
-127
-145
-156
-164
-160
-145
-122
-89
-51
-14
22
53
79
101
117
125
127
125
118
106
92
72
50
26
0
-28
-54
-75
-94
-108
-118
-123
-123
-119
-110
-98
-84
-67
-49
-30
-12
6
26
47
65
84
97
109
113
113
104
87
64
36
7
-18
-40
-58
-68
-73
-70
-63
-54
-48
-41
-38
-34
-33
-32
-32
-30
-28
-21
-10
1
16
33
50
64
82
99
112
120
121
118
108
94
77
56
33
9
-12
-31
-43
-48
-51
-49
-48
-44
-41
-40
-39
-40
-41
-42
-44
-43
-42
-38
-34
-29
-22
-16
-7
3
12
24
31
39
43
43
41
35
25
14
-1
-14
-28
-35
-39
-41
-38
-35
-30
-28
-25
-22
-19
-18
-16
-13
-9
-1
5
14
23
31
37
40
40
40
35
28
21
15
8
0
-6
-11
-16
-20
-25
-28
-30
-31
-29
-25
-21
-15
-11
-8
-4
0
5
9
12
15
19
21
23
23
22
21
20
18
15
13
10
10
8
9
9
11
10
12
13
14
13
12
10
8
5
2
-2
-4
-5
-8
-9
-11
-14
-15
-16
-20
-22
-23
-24
-22
-22
-20
-18
-14
-8
-5
1
6
10
10
10
8
4
3
1
-2
-2
-5
-5
-5
-6
-7
-7
-11
-15
-17
-16
-16
-15
-15
-13
-9
-7
-3
-1
5
7
9
11
11
14
14
18
19
21
23
24
23
20
17
14
10
5
0
-4
-5
-7
-7
-5
-1
1
2
2
3
1
0
0
0
-2
-3
-3
-3
-1
0
1
1
1
1
1
2
-1
-1
-2
-1
0
4
5
9
10
9
8
7
4
2
-2
-7
-11
-13
-15
-17
-18
-19
-18
-18
-18
-17
-17
-16
-13
-9
-8
-2
2
6
8
11
11
11
10
5
4
1
-1
-2
-4
-4
-4
-5
-3
-4
-2
-3
-3
-5
-6
-9
-7
-5
-3
1
4
8
10
15
17
19
19
18
16
12
9
9
7
6
6
2
2
-1
-2
-4
-5
-5
-5
-2
-2
-1
0
0
0
0
0
2
2
4
3
3
3
2
2
1
3
2
0
0
-3
-3
-5
-6
-5
-6
-7
-6
-7
-6
-7
-6
-6
-6
-6
-6
-7
-6
-5
-3
-3
-2
-1
-1
1
0
-1
0
0
3
5
6
6
5
2
-2
-4
-8
-12
-13
-15
-14
-13
-11
-9
-5
-2
1
4
3
2
1
1
2
4
6
7
10
14
17
21
22
22
21
21
20
18
14
11
8
1
-4
-8
-11
-14
-14
-14
-14
-12
-11
-9
-9
-9
-7
-7
-5
-5
-1
1
6
9
11
13
13
13
13
13
10
8
9
7
7
4
3
0
-4
-6
-8
-11
-12
-13
-13
-12
-10
-7
-4
-2
-3
-4
-5
-8
-9
-14
-15
-17
-18
-17
-14
-12
-6
-3
0
2
2
3
2
2
1
-1
-3
-4
-3
-2
-1
1
2
4
8
10
10
12
13
13
12
9
7
5
4
3
2
2
2
4
5
8
9
10
11
12
13
11
10
8
5
2
-1
-3
-6
-6
-7
-6
-6
-3
0
1
3
4
4
4
5
3
0
-4
-8
-12
-13
-12
-10
-10
-8
-4
-1
3
5
4
5
4
2
2
0
-2
-5
-6
-8
-10
-12
-11
-11
-10
-11
-9
-8
-6
-5
-5
-4
-6
-7
-8
-10
-9
-10
-10
-6
-4
-3
1
3
5
8
11
12
11
9
8
7
8
7
7
8
9
10
12
12
15
15
14
13
10
8
7
5
3
3
4
3
3
4
3
3
3
3
3
0
-1
-2
-4
-6
-6
-6
-5
-6
-7
-8
-8
-9
-9
-8
-8
-8
-6
-4
-4
-2
0
0
2
2
1
0
0
-1
-1
0
0
-1
1
2
1
0
-2
-3
-4
-4
-6
-5
-7
-7
-6
-6
-5
-4
-4
-3
-5
-5
-4
-4
-5
-2
-2
-2
-1
1
2
1
4
5
5
5
5
6
8
8
8
8
8
6
6
6
5
3
3
5
4
3
4
4
3
4
2
3
2
2
2
3
2
2
2
0
2
1
0
1
-1
-1
0
0
-1
0
1
0
0
0
-2
-1
-2
-3
-2
-4
-6
-5
-4
-4
-2
-4
-2
-3
-4
-3
-3
-2
-4
-3
-1
-3
-3
-2
-3
-2
-2
-3
-3
-3
-3
-3
-3
-4
-3
-4
-4
-5
-5
-4
-3
-2
-2
-1
-1
0
1
1
0
2
2
2
3
6
7
7
7
7
7
7
8
8
8
9
6
7
6
7
7
7
6
7
5
5
3
2
0
-1
-2
-4
-3
-5
-6
-5
-5
-6
-4
-3
-4
-2
-1
-1
-2
-2
-4
-3
-4
-3
-1
-2
0
0
0
3
2
0
-1
-1
-3
-3
-3
-2
-3
-5
-5
-4
-4
-3
-1
-2
-2
-1
-1
-1
-1
-1
-1
-1
-2
-1
-1
-1
-1
-1
0
1
1
2
2
1
3
3
2
2
1
1
0
1
1
0
1
1
3
3
4
3
2
3
2
3
2
3
2
3
1
2
3
2
2
2
3
2
3
1
1
3
2
3
2
1
0
-1
-1
-1
0
-1
0
1
1
-1
0
-1
-2
-2
-2
-3
-2
-3
-4
-3
-4
-4
-4
-5
-4
-5
-3
-3
-3
-4
-3
-3
-3
-3
-3
-1
-1
-2
-2
-3
-2
-1
-2
-1
0
1
1
1
1
1
2
1
2
2
2
3
2
2
3
2
1
1
2
1
0
1
1
2
2
2
3
1
2
3
4
3
3
2
3
2
1
1
2
2
1
0
-1
0
1
-1
-1
0
0
1
0
-1
1
-1
-1
0
0
-1
0
0
0
1
1
1
3
2
3
2
2
1
1
1
-2
-3
-4
-5
-4
-5
-5
-4
-4
-3
-5
-5
-5
-7
-7
-8
-7
-7
-7
-6
-5
-4
-3
-1
-1
-1
1
1
1
3
4
5
6
6
6
6
6
6
4
5
5
4
3
3
4
5
5
5
5
4
3
2
3
4
5
5
5
4
3
4
1
2
0
0
-1
-3
-4
-6
-6
-6
-8
-7
-6
-7
-6
-6
-5
-4
-4
-3
-1
-1
-2
-3
-3
-1
-3
-2
0
2
2
4
3
4
4
4
6
5
4
4
2
2
0
-1
-3
-2
-4
-3
-4
-6
-6
-4
-3
-2
-2
1
-1
-2
-1
-2
0
1
1
2
2
2
2
4
4
3
3
2
1
0
0
0
0
0
-2
-2
-1
-1
0
-1
0
0
-2
-2
0
0
1
2
2
2
2
2
4
5
5
5
6
5
3
3
4
4
4
3
2
-1
0
-1
-2
-2
-4
-3
-4
-3
-3
-4
-3
-3
-4
-4
-3
-2
-3
-2
-2
-3
-3
-2
-2
-3
-2
-2
0
-1
0
1
0
1
2
1
-1
0
0
1
1
1
1
1
2
2
0
0
0
0
0
-1
0
1
2
2
3
4
4
5
4
5
6
4
2
2
1
-1
-1
-3
0
-2
-3
-3
-3
-5
-4
-6
-6
-6
-5
-3
-4
-2
0
0
2
2
2
2
2
3
3
4
3
3
2
2
1
1
1
1
0
-1
0
0
0
-1
1
0
1
1
0
1
0
-1
-1
-1
0
1
-1
-2
-1
-2
-2
-3
-2
-1
1
-1
-2
0
-1
-2
0
0
0
2
1
2
2
2
1
2
2
3
2
2
1
1
2
4
3
3
3
2
2
3
2
3
2
3
0
0
0
-1
-2
-3
-3
-4
-5
-5
-6
-6
-6
-7
-7
-8
-7
-6
-4
-3
-2
0
0
0
0
2
1
2
2
3
2
2
4
4
4
5
5
5
5
6
5
4
2
1
-1
-1
-1
-1
-1
-2
-2
-2
0
2
0
0
2
2
2
2
2
2
1
1
0
0
-1
0
0
-2
-1
-2
-2
-1
0
-2
-1
0
-2
-1
-1
-2
-2
-1
-1
-2
-2
-2
0
0
1
0
1
0
2
0
1
0
0
-1
-1
-2
-3
-2
-2
-1
-1
0
0
0
0
0
1
1
1
0
0
-1
-1
-2
-1
-2
-2
-1
-2
2
0
1
0
2
2
2
4
3
4
3
4
5
4
5
5
2
3
3
3
2
2
2
1
1
0
0
0
-1
0
0
1
1
1
0
0
-3
-3
-2
-4
-4
-4
-4
-3
-5
-4
-5
-3
-4
-4
-2
-2
-1
1
1
2
2
2
2
2
3
3
3
2
0
1
0
0
1
0
-1
-2
-2
-3
-3
-2
-1
-2
-1
1
0
-1
0
-2
-1
-1
0
1
1
2
2
3
3
3
2
4
3
2
3
3
3
2
2
1
1
1
-1
0
0
-1
-1
-2
-2
-1
0
0
0
-1
-1
0
1
2
-1
0
0
1
0
0
0
0
1
-1
0
-2
0
1
1
1
1
0
0
1
-2
0
0
-1
0
-1
-1
-2
0
-1
-1
1
1
-1
0
0
1
1
0
1
2
1
1
-1
0
-1
-1
-2
-1
-1
-1
0
0
1
0
0
0
0
0
1
0
0
-1
0
-1
-1
1
1
1
1
2
1
2
1
1
2
1
0
0
0
-1
-3
-2
-3
-3
-4
-6
-4
-3
-4
-2
-4
-3
-2
-3
-2
-1
0
-1
0
1
2
0
2
2
2
3
3
4
4
4
4
3
3
2
3
3
1
3
2
2
2
2
2
2
1
1
1
2
2
1
1
1
0
-2
0
0
-1
0
0
0
0
-1
-1
-1
-1
-1
-1
-2
-1
-3
-2
-2
-3
-3
-1
-2
-2
0
-1
1
2
1
1
0
-1
-1
0
0
0
-1
-1
-1
-1
0
-3
-2
-2
-4
-4
-4
-5
-3
-4
-4
-4
-4
-4
-3
-4
-4
-3
-2
-1
-1
0
0
3
3
4
4
5
5
5
6
4
4
5
5
5
6
4
5
5
5
4
4
3
4
2
2
3
2
1
0
0
0
0
0
0
-1
1
-1
0
-1
-2
-3
-1
-2
-3
-2
-3
-1
-1
0
0
0
-1
-2
-2
-3
-2
-2
-2
-3
-3
-2
-4
-4
-3
-2
-2
-2
-2
-3
-2
-4
-3
-2
-4
-3
-2
-2
-2
-2
-1
-1
-1
-1
1
0
3
2
4
3
3
4
4
4
4
3
2
3
1
2
2
0
0
-1
1
1
3
3
1
0
1
2
2
2
3
2
2
2
3
2
3
3
3
3
2
2
1
0
-1
0
-2
-3
-3
-2
-1
-3
-2
-3
-3
-2
-3
-3
-2
-2
-1
-2
-2
-2
-2
-2
-1
-2
-1
-1
1
1
0
0
0
-2
0
-1
-1
-2
-2
-2
-3
-2
-2
0
0
0
-1
0
-1
0
-1
-1
0
-1
0
1
0
1
3
2
2
3
2
3
3
3
3
1
2
2
2
1
2
1
1
2
2
2
3
2
1
2
2
0
1
-1
-1
-1
-2
-1
0
-2
-2
-1
-1
-1
-1
-1
-1
-1
-1
0
1
0
0
1
1
1
2
3
1
2
3
3
3
1
0
0
0
-1
1
0
2
0
1
0
1
1
0
-1
-3
-2
-3
-2
-1
-3
-3
-4
-3
-3
-3
-4
-4
-5
-5
-5
-5
-4
-4
-2
-1
-1
-2
-3
-2
-2
-1
1
0
1
2
1
3
2
3
3
4
3
4
3
4
4
4
4
4
4
4
3
3
3
3
1
1
1
1
1
1
1
2
2
2
3
2
2
1
2
1
2
1
0
0
-1
-1
-2
-3
-1
-1
-2
-3
-2
-3
-2
-3
-4
-6
-5
-5
-3
-4
-6
-5
-4
-4
-3
-1
-1
1
-1
1
-1
1
2
1
0
-1
0
1
1
0
1
0
0
-1
-1
1
0
1
1
0
0
0
0
1
0
2
2
2
1
3
1
2
1
0
1
1
2
2
2
2
3
2
3
1
0
1
1
0
0
-2
1
0
0
0
1
2
1
3
1
2
1
1
1
0
1
0
0
1
-1
0
-1
-2
-1
-1
0
-1
-1
-1
-1
0
-2
-1
-2
-2
-2
-1
-1
-2
-2
-3
-3
-3
-1
-2
-2
-2
-3
-3
-3
-4
-3
-2
-2
-1
