1
1
0
1
0
0
1
2
1
2
1
0
1
1
1
0
1
-1
1
-2
0
1
1
1
1
0
0
0
-1
-1
-2
-1
0
-1
0
1
0
0
0
0
-1
-2
-1
-1
-1
0
0
-1
-1
0
-1
-2
-1
0
1
0
0
1
1
1
2
0
0
1
0
0
1
1
1
1
1
1
1
1
0
1
0
1
0
2
1
2
1
1
0
1
2
0
0
1
0
1
0
1
-1
0
-2
-2
-3
-2
-3
-3
-3
-5
-4
-3
-2
-1
-1
-1
-2
-1
0
0
0
0
2
0
-1
-1
1
2
0
1
1
0
1
1
2
1
1
2
3
2
2
1
2
0
1
1
2
3
2
2
0
3
2
0
1
-1
0
-1
-1
0
0
-1
0
-1
-1
-3
-3
-2
-1
0
-1
-1
0
0
1
0
0
1
1
0
0
-2
-1
-1
-1
-1
-1
0
0
1
0
0
0
1
1
1
0
1
0
-1
-3
-3
-3
-3
-2
-1
-2
-2
0
0
1
0
1
2
2
4
3
1
1
0
2
3
2
1
2
1
0
-1
1
0
2
2
0
0
0
1
1
0
1
1
1
-1
2
1
2
1
1
1
1
2
3
3
2
2
1
1
0
-1
-1
-2
-2
-1
-3
-4
-3
-4
-4
-4
-3
-5
-3
-3
-2
-2
-2
-3
-3
-2
-1
0
0
0
0
0
-1
1
2
1
2
2
2
2
0
0
2
0
-1
1
1
1
0
1
0
1
2
2
1
1
2
1
1
1
1
0
0
0
1
0
-1
1
1
2
4
1
2
2
3
2
1
0
1
0
1
2
2
1
0
0
-1
-1
-1
-1
-1
0
-2
-1
-1
-2
-1
-1
-1
-2
-1
0
-1
-1
-1
-1
0
-1
0
-1
0
-2
-2
-2
-1
-1
-2
-1
-1
-2
-1
1
1
1
1
0
0
-1
1
0
-1
0
-1
0
-1
-2
1
0
1
2
2
1
1
1
1
3
1
3
3
3
2
4
2
2
2
2
1
0
0
-1
-1
-1
0
0
-2
-1
-1
-2
-1
-2
-2
-2
-3
-3
-2
0
-2
-1
0
0
1
0
1
2
1
1
1
1
1
1
1
-1
-1
0
-1
0
1
1
1
1
1
1
0
-1
-1
0
0
-1
0
-2
-2
-2
-4
-2
-2
-1
-2
0
0
-1
0
-1
-1
-2
0
-2
-1
0
0
1
0
1
2
1
1
2
2
2
1
1
1
3
1
1
1
0
1
1
1
1
1
0
0
-1
0
1
1
1
2
1
1
2
2
1
1
1
1
1
1
1
1
0
0
-1
-2
-1
0
1
1
1
1
0
-1
0
-2
-1
-2
-2
-3
-3
-4
-4
-4
-4
-2
-1
-1
-2
-1
-2
-1
-1
0
0
-1
0
0
0
-1
0
1
-1
-1
-1
-1
-1
-1
-1
0
0
1
-1
1
2
2
2
1
0
1
1
1
1
2
1
2
1
1
2
2
4
4
4
3
2
2
0
2
2
2
3
3
2
1
0
-1
0
0
-1
0
-1
-2
-2
-4
-3
-2
-1
-2
-1
-1
-1
-2
-1
-1
-1
-1
0
0
0
-1
-1
-2
-3
-2
-3
-2
-2
-2
-1
-3
-2
-2
-2
-1
0
-2
-2
-3
0
-1
0
0
1
0
1
2
2
4
3
4
6
3
4
3
3
3
2
2
1
2
2
2
2
1
1
2
0
-1
-1
-2
-2
-1
-1
0
-2
0
-1
-1
0
2
1
0
0
0
1
0
0
-1
-1
-1
-2
-3
-2
-2
-4
-3
-3
-3
-2
-2
-3
-3
-2
-1
-1
0
-1
-2
-2
-1
-1
-1
0
0
0
-1
-1
-3
-1
0
2
0
-1
1
1
2
2
3
3
2
3
2
1
1
2
2
1
1
1
1
2
2
2
3
2
1
2
2
1
1
2
2
3
3
2
1
1
1
1
0
1
0
0
-2
0
-2
-3
-3
-4
-5
-3
-3
-1
-1
-3
-2
-3
-2
-2
-2
-4
-2
-1
-1
0
-1
0
-1
-2
-1
-1
-2
-2
-2
-2
-1
0
0
1
0
0
-1
0
1
1
1
2
2
0
1
1
2
2
1
2
1
0
1
3
3
3
2
1
0
0
1
2
2
2
1
2
2
2
3
3
2
1
2
2
1
1
0
0
-2
-1
-2
-1
-1
-2
-2
-3
-4
-3
-3
-2
-2
-3
-1
0
-1
-1
-1
0
0
-2
0
-1
-1
0
1
0
0
1
0
-2
-1
-3
-3
-1
0
-1
-1
0
-1
-1
-1
-2
-1
0
0
-1
0
0
0
1
1
0
0
0
0
3
2
1
3
2
2
3
2
1
2
2
3
2
1
1
1
2
2
2
2
3
2
1
1
2
0
0
2
2
0
-1
0
0
0
1
-2
0
0
-1
-1
-2
-2
-2
-2
-1
-1
-3
-2
-3
-3
-4
-3
-3
-1
-2
-2
0
-2
-2
-2
-1
-1
-1
-3
-1
-2
-4
-1
-1
-1
-1
0
-1
-1
0
1
0
1
1
1
3
1
2
0
0
2
1
1
1
2
2
3
4
2
3
4
3
1
2
2
2
1
2
2
1
2
0
1
1
0
0
1
0
0
0
0
0
0
1
1
1
1
1
0
0
0
-2
0
-1
-1
-2
-2
-2
-3
-4
-2
-3
-3
-3
-5
-4
-5
-4
-4
-4
-4
-1
-2
10
32
46
41
7
-14
-29
-31
-27
-28
-27
-32
-26
-17
-9
-3
-1
1
2
4
10
15
19
20
20
22
16
17
14
14
11
9
4
-3
2
5
9
9
3
-3
-11
-15
-14
-14
-12
-12
-11
-11
-5
-3
-2
-3
-5
-6
-5
-5
-1
2
7
10
11
14
16
19
14
8
8
3
4
3
0
-3
-7
-9
-12
-12
-13
-11
-9
-7
-6
-1
4
8
5
-3
-5
-6
-5
-3
-2
-4
-6
-3
-4
0
2
2
2
0
2
5
6
6
6
7
7
6
6
3
0
-1
0
1
2
1
-1
-1
0
1
1
-1
-2
-1
0
-1
-1
-3
-4
-2
0
1
0
-1
1
-1
1
0
1
0
2
0
-1
0
-1
0
0
1
1
0
0
-1
-3
-6
-6
-6
-4
-1
0
0
0
0
2
2
3
1
0
1
0
-1
-2
-5
-7
-8
-6
-4
-2
-1
4
6
8
8
8
10
6
7
5
4
3
0
-1
-1
0
1
2
0
-3
-3
-3
-1
-1
-1
-2
-2
-1
-1
-2
-2
-2
-3
-3
-3
-4
-5
-4
0
3
6
9
10
8
5
-1
-4
-4
-4
-4
-4
-5
-8
-8
-9
-5
-3
-5
-5
-5
-1
4
8
6
6
5
7
6
6
6
6
2
-4
-8
-10
-7
-3
-2
-2
-2
0
2
3
4
5
5
5
5
4
3
1
0
-1
-3
-4
-5
-4
-3
-2
-2
-1
3
4
6
4
2
-2
-4
-3
2
6
6
3
1
2
2
4
-1
0
0
-2
-2
0
2
1
-2
-4
-4
-1
1
0
-2
-3
-4
-7
-7
-7
-3
0
3
4
4
4
4
1
0
-2
-9
-13
-13
-11
-9
-6
-2
1
1
2
4
6
9
9
7
6
3
0
-3
0
0
-1
-2
-3
-2
-2
-2
-1
2
6
6
7
7
7
4
2
1
0
1
0
0
1
3
3
2
2
2
3
2
1
1
-1
-2
-3
-1
1
1
0
0
0
1
-1
-3
-5
-6
-5
-9
-8
-7
-2
-3
-5
-2
0
3
3
4
3
4
3
5
4
2
-1
-5
-7
-4
-1
0
-1
0
3
5
5
3
1
-2
-4
-3
-4
-5
-5
-5
-5
-7
-7
-6
-3
1
1
4
6
5
5
5
3
2
-1
-2
-2
1
2
1
-2
-3
-1
-1
2
4
4
2
-1
0
4
7
8
8
7
5
0
-2
-5
-2
3
2
1
2
1
2
1
4
7
7
1
-5
-5
-4
-3
-2
-2
-2
-4
-4
-6
-6
-4
-2
-1
-3
-4
-5
-4
-2
1
5
6
5
5
8
6
3
4
2
0
-2
-5
-8
-8
-10
-8
-7
-7
-4
-1
2
4
5
3
2
3
3
3
2
-1
-4
-6
-6
0
1
3
2
0
-1
-4
-1
-1
4
7
7
7
6
6
9
11
11
9
6
2
-4
-8
-9
-9
-7
-5
-4
-4
-2
4
9
9
7
7
2
-2
-4
-1
-1
-1
-4
-5
-8
-9
-7
-2
3
5
3
-2
-2
-1
2
3
2
0
-4
-9
-7
-4
0
3
5
6
7
5
4
3
2
1
-3
-4
-5
-2
-2
3
2
3
1
-1
-1
2
6
5
2
2
0
-2
-4
-4
-1
-3
-5
-7
-7
-5
-3
0
1
2
1
-3
-1
-1
0
0
-2
-2
-4
-2
1
5
7
7
5
7
6
5
5
4
4
3
0
-5
-6
-3
-1
3
4
3
0
-1
1
4
4
2
0
-2
0
-1
0
-1
-2
-2
-2
-1
1
2
2
1
4
3
-1
-1
-1
-1
-1
-1
0
1
1
0
1
0
0
1
-2
-2
-4
-5
-4
-5
-4
-4
-3
-2
-3
-2
0
1
1
2
2
0
-1
-2
1
0
1
1
-1
-2
-2
0
-1
1
1
2
1
1
2
-1
-1
-3
-5
-6
-3
-5
-5
-6
-6
-4
-6
-4
-1
1
3
2
1
-1
-2
0
0
0
-3
-4
-5
-4
-3
0
1
3
4
7
11
14
16
18
18
17
19
19
16
16
14
14
13
14
15
21
25
28
31
32
32
31
24
13
4
-5
-14
-29
-71
-90
-98
-106
-101
-133
-145
-120
-108
-87
-86
-90
-76
-71
-67
-67
-82
-89
-89
-91
-88
-98
-97
-82
-63
-42
-19
10
39
64
83
99
116
113
98
79
55
37
18
2
-5
-2
11
35
63
95
127
158
192
208
217
224
230
266
319
384
494
624
813
1053
1229
1403
1518
1590
1678
1580
1366
1077
706
325
-113
-536
-919
-1215
-1472
-1674
-1692
-1644
-1510
-1343
-1204
-1001
-811
-660
-545
-478
-446
-449
-478
-522
-576
-628
-674
-710
-732
-746
-746
-732
-700
-653
-589
-509
-421
-326
-237
-156
-93
-53
-38
-52
-93
-153
-225
-292
-343
-365
-350
-294
-193
-49
129
329
537
737
910
1038
1110
1118
1063
946
780
579
370
180
35
-36
-11
125
379
734
1176
1662
2152
2598
2956
3187
3256
3144
2841
2374
1768
1067
329
-396
-1053
-1605
-2018
-2277
-2385
-2352
-2204
-1979
-1717
-1457
-1227
-1049
-934
-876
-869
-892
-925
-950
-945
-897
-800
-667
-505
-335
-179
-55
23
50
18
-63
-184
-329
-476
-612
-724
-800
-838
-845
-824
-786
-733
-675
-612
-548
-477
-400
-314
-213
-93
44
194
351
511
659
792
898
969
1000
987
928
824
686
534
389
276
218
236
356
591
937
1376
1878
2401
2890
3289
3551
3641
3531
3212
2700
2019
1218
361
-486
-1257
-1899
-2371
-2650
-2738
-2653
-2427
-2095
-1719
-1345
-1020
-775
-627
-579
-609
-698
-808
-909
-969
-965
-884
-726
-504
-244
22
252
418
492
465
339
120
-164
-488
-816
-1115
-1354
-1516
-1592
-1581
-1499
-1356
-1173
-970
-762
-565
-386
-229
-95
26
139
245
357
471
580
681
765
822
846
825
758
649
515
376
258
192
212
342
603
991
1490
2060
2653
3211
3671
3984
4102
3994
3644
3067
2307
1413
458
-481
-1332
-2034
-2547
-2847
-2928
-2811
-2536
-2149
-1712
-1290
-927
-664
-519
-484
-544
-664
-810
-937
-1000
-975
-845
-610
-290
72
426
725
926
994
910
678
313
-147
-659
-1170
-1624
-1979
-2208
-2298
-2254
-2095
-1844
-1535
-1200
-866
-560
-300
-96
58
173
261
333
401
469
534
596
650
688
697
668
603
503
395
301
245
261
382
631
1020
1530
2121
2751
3361
3885
4261
4438
4380
4060
3487
2698
1753
726
-298
-1243
-2041
-2643
-3017
-3152
-3065
-2787
-2377
-1899
-1421
-1003
-687
-498
-437
-487
-622
-801
-978
-1102
-1133
-1036
-806
-453
-17
450
889
1242
1455
1500
1355
1019
512
-120
-814
-1501
-2110
-2585
-2886
-3003
-2939
-2713
-2355
-1902
-1408
-916
-470
-105
174
365
481
547
580
593
595
593
592
593
585
567
534
485
421
363
339
377
508
759
1144
1646
2225
2835
3429
3948
4341
4554
4540
4266
3729
2957
2016
989
-46
-1009
-1844
-2501
-2946
-3155
-3133
-2901
-2509
-2035
-1559
-1141
-828
-634
-561
-592
-709
-877
-1058
-1203
-1257
-1175
-944
-578
-114
388
871
1277
1563
1684
1618
1350
882
248
-492
-1262
-1990
-2609
-3070
-3344
-3421
-3310
-3024
-2595
-2068
-1494
-928
-416
13
344
577
727
811
847
849
834
808
777
743
703
659
615
566
519
486
491
562
742
1055
1505
2057
2654
3248
3787
4230
4527
4631
4496
4087
3413
2525
1503
441
-574
-1476
-2221
-2772
-3100
-3191
-3049
-2714
-2253
-1757
-1307
-957
-731
-625
-626
-715
-870
-1064
-1244
-1354
-1339
-1164
-836
-391
111
617
1073
1437
1670
1726
1579
1206
626
-98
-895
-1685
-2396
-2979
-3398
-3635
-3665
-3489
-3117
-2597
-1992
-1363
-766
-235
210
565
823
983
1051
1044
996
936
877
816
746
661
568
490
439
422
443
500
627
868
1255
1788
2405
3033
3606
4078
4430
4624
4635
4402
3895
3122
2144
1084
47
-880
-1658
-2277
-2719
-2960
-2975
-2764
-2370
-1880
-1414
-1054
-836
-749
-753
-819
-939
-1110
-1313
-1492
-1565
-1461
-1162
-703
-162
379
869
1275
1574
1741
1718
1459
955
255
-558
-1384
-2138
-2773
-3266
-3599
-3747
-3683
-3399
-2924
-2325
-1684
-1067
-515
-39
359
670
881
983
987
931
863
812
774
732
670
591
520
491
508
554
612
692
846
1142
1610
2202
2820
3382
3846
4207
4463
4588
4520
4180
3533
2631
1599
564
-370
-1168
-1838
-2382
-2767
-2941
-2856
-2536
-2072
-1590
-1205
-969
-861
-829
-844
-907
-1029
-1218
-1427
-1563
-1535
-1298
-880
-352
190
688
1113
1455
1694
1776
1643
1259
635
-143
-975
-1765
-2458
-3029
-3465
-3747
-3837
-3702
-3345
-2821
-2211
-1593
-1015
-490
-24
375
684
881
961
955
915
878
848
802
723
625
537
500
525
596
682
779
933
1217
1668
2256
2877
3435
3884
4217
4450
4567
4517
4218
3625
2769
1766
761
-144
-916
-1569
-2113
-2518
-2727
-2686
-2406
-1969
-1505
-1140
-918
-824
-808
-843
-931
-1095
-1341
-1620
-1828
-1860
-1663
-1255
-717
-148
398
906
1359
1723
1930
1888
1550
940
154
-687
-1499
-2237
-2881
-3409
-3781
-3934
-3824
-3466
-2939
-2336
-1740
-1185
-670
-195
220
532
710
755
718
667
652
671
682
649
581
523
520
596
716
833
920
1023
1246
1650
2219
2850
3430
3894
4235
4488
4653
4683
4477
3957
3135
2122
1082
137
-672
-1362
-1957
-2436
-2732
-2771
-2538
-2113
-1634
-1242
-1000
-891
-860
-859
-905
-1029
-1254
-1545
-1790
-1873
-1726
-1364
-871
-338
178
668
1131
1535
1807
1851
1605
1076
354
-445
-1228
-1959
-2623
-3201
-3644
-3880
-3853
-3566
-3094
-2535
-1973
-1437
-923
-427
26
378
589
659
644
617
629
665
677
626
533
456
453
536
665
789
896
1041
1324
1805
2446
3120
3703
4143
4454
4663
4772
4715
4398
3760
2839
1779
748
-146
-885
-1506
-2034
-2437
-2636
-2570
-2248
-1783
-1329
-1007
-852
-804
-794
-801
-864
-1036
-1320
-1644
-1872
-1887
-1652
-1238
-751
-267
199
677
1170
1615
1889
1887
1567
985
270
-467
-1177
-1871
-2556
-3194
-3687
-3928
-3862
-3531
-3050
-2536
-2047
-1567
-1049
-498
19
398
579
585
516
484
531
614
642
563
419
314
335
488
693
857
950
1053
1306
1791
2461
3159
3734
4125
4368
4535
4647
4630
4349
3720
2774
1684
651
-209
-884
-1447
-1949
-2364
-2590
-2529
-2186
-1675
-1185
-863
-745
-759
-797
-816
-855
-988
-1257
-1597
-1862
-1907
-1666
-1209
-674
-177
250
650
1071
1497
1816
1889
1636
1087
380
-334
-983
-1579
-2173
-2773
-3309
-3659
-3717
-3482
-3055
-2576
-2130
-1718
-1276
-767
-228
234
514
590
537
476
489
558
594
526
361
196
143
249
461
674
823
951
1191
1651
2323
3054
3679
4100
4335
4464
4529
4496
4242
3664
2764
1687
641
-229
-886
-1395
-1835
-2209
-2438
-2419
-2126
-1648
-1158
-824
-701
-740
-825
-879
-912
-991
-1181
-1462
-1715
-1792
-1596
-1160
-605
-79
340
674
999
1351
1677
1844
1711
1245
548
-195
-853
-1407
-1918
-2453
-3007
-3469
-3678
-3554
-3150
-2622
-2119
-1695
-1300
-852
-329
181
550
688
625
479
378
371
399
367
240
78
-13
49
254
515
743
937
1201
1637
2257
2958
3588
4041
4308
4440
4481
4418
4162
3628
2811
1824
838
-15
-691
-1226
-1680
-2052
-2290
-2313
-2097
-1713
-1298
-996
-855
-849
-903
-951
-999
-1087
-1257
-1482
-1668
-1703
-1525
-1156
-685
-213
202
559
886
1195
1448
1566
1473
1151
652
73
-501
-1035
-1552
-2079
-2600
-3049
-3331
-3380
-3200
-2865
-2460
-2033
-1578
-1066
-502
54
499
761
840
809
755
719
675
575
395
187
36
15
125
309
492
662
897
1296
1892
2603
3277
3796
4128
4326
4441
4469
4326
3908
3186
2247
1269
408
-282
-840
-1343
-1807
-2167
-2324
-2222
-1916
-1547
-1265
-1145
-1152
-1194
-1206
-1196
-1231
-1364
-1583
-1783
-1836
-1663
-1292
-824
-364
34
387
733
1080
1374
1522
1458
1178
745
253
-230
-697
-1174
-1686
-2210
-2674
-2997
-3119
-3048
-2840
-2557
-2224
-1825
-1337
-772
-194
297
621
772
804
804
812
811
749
592
377
191
118
176
311
441
529
637
890
1373
2050
2777
3396
3837
4126
4338
4498
4538
4331
3790
2948
1964
1032
265
-350
-889
-1421
-1904
-2231
-2298
-2104
-1770
-1463
-1306
-1301
-1363
-1399
-1388
-1390
-1479
-1673
-1893
-2003
-1896
-1571
-1116
-647
-232
130
478
836
1159
1359
1365
1172
847
480
114
-256
-669
-1136
-1644
-2130
-2516
-2761
-2871
-2869
-2779
-2594
-2287
-1841
-1277
-668
-107
340
640
822
937
1017
1051
1001
845
614
376
215
169
209
267
295
325
460
802
1381
2112
2836
3422
3845
4164
4431
4621
4625
4327
3696
2820
1870
1016
319
-269
-829
-1385
-1864
-2153
-2188
-2013
-1757
-1565
-1510
-1560
-1628
-1651
-1635
-1648
-1745
-1908
-2040
-2024
-1798
-1394
-909
-438
-31
334
687
1022
1281
1384
1291
1034
704
370
50
-288
-687
-1141
-1618
-2048
-2378
-2590
-2712
-2760
-2719
-2562
-2251
-1790
-1229
-652
-144
257
546
744
883
969
986
921
781
602
441
344
321
342
356
352
360
458
731
1211
1839
2495
3079
3555
3952
4292
4541
4611
4403
3885
3118
2240
1391
640
-20
-639
-1231
-1744
-2098
-2229
-2161
-1990
-1831
-1764
-1787
-1842
-1871
-1864
-1857
-1893
-1979
-2047
-2002
-1780
-1384
-884
-379
65
443
777
1073
1304
1400
1321
1080
745
406
111
-157
-451
-809
-1212
-1610
-1947
-2199
-2378
-2505
-2587
-2579
-2421
-2089
-1613
-1070
-540
-85
280
569
793
953
1029
1011
908
753
592
461
367
305
259
215
188
225
390
730
1248
1892
2570
3200
3742
4190
4532
4722
4691
4381
3787
2977
2068
1177
374
-332
-962
-1523
-1978
-2274
-2372
-2300
-2143
-2005
-1957
-1996
-2072
-2128
-2133
-2114
-2102
-2100
-2055
-1895
-1564
-1074
-504
41
492
838
1099
1298
1422
1428
1283
1003
659
330
61
-169
-413
-717
-1074
-1454
-1806
-2099
-2327
-2499
-2608
-2601
-2448
-2124
-1652
-1090
-517
-3
422
750
983
1123
1172
1129
1012
849
673
513
387
299
235
184
153
172
294
568
1016
1614
2281
2945
3547
4062
4470
4724
4762
4519
3986
3211
2301
1372
501
-278
-981
-1599
-2107
-2460
-2624
-2624
-2529
-2432
-2398
-2427
-2478
-2490
-2442
-2347
-2241
-2136
-2001
-1774
-1404
-894
-311
249
711
1051
1294
1476
1602
1636
1536
1286
926
534
186
-97
-346
-625
-968
-1366
-1755
-2073
-2280
-2382
-2410
-2382
-2281
-2061
-1692
-1188
-615
-66
378
681
867
975
1048
1089
1077
991
837
654
495
396
358
341
312
265
256
366
670
1181
1842
2549
3200
3759
4206
4531
4684
4592
4204
3521
2621
1627
665
-193
-936
-1573
-2107
-2517
-2762
-2839
-2788
-2682
-2603
-2580
-2600
-2609
-2566
-2463
-2314
-2146
-1944
-1672
-1287
-784
-212
350
826
1178
1417
1566
1634
1602
1456
1194
861
540
283
92
-81
-297
-596
-966
-1368
-1744
-2069
-2343
-2557
-2688
-2680
-2485
-2080
-1503
-842
-193
368
805
1113
1301
1375
1344
1220
1030
822
642
517
453
430
419
412
408
424
497
662
957
1382
1923
2514
3100
3608
3999
4238
4281
4106
3686
3040
2210
1280
338
-535
-1296
-1926
-2425
-2795
-3030
-3127
-3099
-2986
-2825
-2672
-2542
-2439
-2337
-2200
-2017
-1775
-1486
-1150
-765
-329
145
632
1080
1440
1680
1783
1761
1637
1436
1182
891
584
275
-24
-317
-610
-922
-1258
-1607
-1955
-2267
-2504
-2630
-2613
-2439
-2108
-1643
-1085
-486
91
590
969
1204
1294
1262
1147
997
852
740
670
636
632
642
654
650
625
587
553
573
706
988
1418
1948
2513
3041
3476
3784
3927
3861
3544
2974
2193
1277
331
-553
-1320
-1951
-2444
-2793
-2997
-3050
-2969
-2801
-2605
-2443
-2331
-2251
-2167
-2039
-1848
-1596
-1295
-945
-539
-74
434
938
1375
1681
1829
1824
1698
1493
1240
955
647
332
29
-238
-474
-699
-943
-1232
-1566
-1912
-2220
-2439
-2532
-2483
-2290
-1966
-1523
-991
-419
135
609
955
1149
1204
1157
1055
942
847
793
788
828
892
953
984
955
863
715
545
399
331
399
635
1041
1574
2171
2745
3228
3552
3661
3524
3119
2471
1638
703
-234
-1083
-1782
-2300
-2631
-2784
-2788
-2675
-2491
-2285
-2103
-1980
-1912
-1879
-1841
-1754
-1587
-1325
-962
-513
-2
533
1040
1462
1743
1855
1787
1569
1243
864
485
143
-124
-303
-402
-451
-497
-582
-736
-973
-1280
-1619
-1947
-2213
-2366
-2363
-2189
-1851
-1380
-830
-266
250
672
969
1135
1183
1145
1066
985
939
944
998
1077
1143
1158
1091
929
683
382
72
-183
-316
-272
-10
472
1117
1844
2554
3137
3524
3652
3499
3059
2375
1515
576
-332
-1115
-1706
-2093
-2283
-2318
-2246
-2111
-1959
-1829
-1751
-1735
-1767
-1799
-1777
-1653
-1402
-1025
-557
-37
488
967
1351
1591
1649
1521
1225
819
375
-37
-365
-580
-672
-651
-535
-366
-205
-122
-168
-361
-681
-1076
-1483
-1836
-2079
-2176
-2100
-1843
-1427
-900
-331
201
635
937
1103
1159
1134
1065
985
918
887
906
960
1023
1043
975
794
506
144
-238
-583
-835
-946
-859
-541
9
747
1570
2358
2994
3402
3543
3410
3024
2418
1653
808
-12
-703
-1199
-1486
-1601
-1606
-1561
-1507
-1460
-1428
-1413
-1419
-1439
-1446
-1389
-1221
-925
-525
-86
319
628
812
871
821
665
413
88
-267
-579
-780
-832
-743
-568
-367
-188
-49
40
68
8
-169
-460
-817
-1162
-1418
-1537
-1517
-1396
-1207
-968
-681
-358
-27
263
472
583
623
647
687
757
830
869
857
804
734
653
543
371
116
-204
-531
-796
-947
-968
-859
-614
-216
341
1034
1789
2493
3030
3323
3359
3166
2785
2266
1651
990
349
-193
-571
-768
-814
-781
-740
-744
-795
-867
-942
-1003
-1055
-1094
-1111
-1077
-970
-795
-595
-424
-325
-322
-391
-490
-579
-638
-665
-661
-622
-540
-406
-238
-71
56
113
98
34
-44
-113
-164
-204
-250
-312
-378
-435
-478
-521
-580
-657
-740
-802
-801
-721
-569
-370
-153
69
283
475
629
717
717
630
485
315
159
26
-86
-189
-290
-373
-423
-420
-354
-223
-18
272
664
1149
1682
2192
2601
2857
2939
2857
2636
2312
1920
1499
1092
741
478
300
173
53
-104
-318
-582
-871
-1149
-1395
-1590
-1724
-1785
-1759
-1649
-1478
-1284
-1111
-987
-919
-891
-883
-868
-836
-787
-713
-609
-471
-299
-104
92
270
421
542
635
701
728
703
607
432
191
-105
-427
-752
-1056
-1315
-1506
-1604
-1601
-1490
-1290
-1028
-734
-436
-157
87
285
421
503
538
543
537
535
544
555
554
525
455
343
194
33
-108
-193
-180
-31
270
717
1273
1877
2443
2906
3218
3341
3268
3017
2628
2148
1636
1145
715
356
63
-183
-411
-641
-888
-1151
-1417
-1669
-1877
-2024
-2092
-2073
-1978
-1822
-1639
-1455
-1296
-1173
-1091
-1038
-986
-920
-811
-651
-438
-180
98
375
621
815
945
1001
984
899
755
559
315
27
-293
-636
-984
-1319
-1613
-1846
-1997
-2047
-1989
-1818
-1551
-1207
-814
-404
-7
350
640
855
996
1068
1082
1057
1008
950
885
808
714
597
447
274
95
-64
-162
-166
-37
244
668
1213
1824
2424
2926
3265
3403
3327
3057
2636
2133
1611
1124
712
392
152
-43
-236
-468
-757
-1105
-1489
-1865
-2192
-2417
-2515
-2480
-2321
-2074
-1782
-1502
-1272
-1112
-1026
-994
-981
-941
-844
-671
-421
-121
202
496
727
860
887
816
665
462
230
-4
-225
-439
-651
-868
-1092
-1321
-1539
-1720
-1834
-1854
-1765
-1552
-1231
-822
-362
103
530
884
1143
1290
1333
1294
1196
1072
952
859
805
779
774
769
741
667
542
377
198
48
-32
12
201
547
1025
1584
2147
2630
2971
3120
3068
2822
2421
1932
1412
921
499
156
-112
-343
-563
-807
-1089
-1399
-1720
-2012
-2244
-2379
-2400
-2319
-2149
-1932
-1702
-1497
-1344
-1239
-1180
-1133
-1071
-959
-788
-557
-285
-14
220
380
444
409
294
138
-21
-141
-202
-205
-156
-99
-70
-111
-238
-443
-698
-951
-1149
-1239
-1195
-1010
-705
-320
92
478
792
1007
1116
1132
1086
1015
949
912
910
933
966
979
955
875
737
545
314
73
-151
-312
-378
-321
-124
204
641
1141
1652
2104
2430
2593
2577
2398
2095
1720
1332
979
690
467
296
139
-50
-300
-625
-1019
-1450
-1873
-2230
-2477
-2585
-2546
-2383
-2136
-1866
-1620
-1434
-1324
-1284
-1296
-1321
-1326
-1272
-1136
-924
-647
-348
-60
180
349
446
482
485
484
501
547
613
679
712
687
578
375
106
-196
-473
-679
-774
-745
-604
-377
-114
138
345
478
541
544
521
504
521
578
668
770
857
904
891
821
708
575
447
343
272
229
206
189
169
154
148
177
269
443
699
1010
1336
1628
1847
1957
1943
1805
1555
1224
842
449
67
-281
-598
-887
-1153
-1401
-1621
-1816
-1971
-2080
-2141
-2149
-2116
-2048
-1966
-1878
-1792
-1713
-1628
-1528
-1392
-1210
-973
-681
-357
-15
306
588
804
941
1010
1026
1021
1019
1053
1122
1213
1297
1324
1263
1081
770
354
-121
-590
-992
-1265
-1381
-1336
-1152
-872
-554
-252
-4
176
293
369
441
535
659
815
978
1121
1214
1236
1179
1052
881
695
520
366
230
104
-32
-186
-355
-521
-650
-704
-643
-441
-108
310
748
1135
1410
1537
1503
1328
1055
742
442
202
35
-69
-140
-224
-357
-562
-834
-1155
-1490
-1792
-2017
-2132
-2125
-2010
-1815
-1586
-1353
-1152
-991
-867
-761
-646
-502
-301
-37
282
627
970
1266
1485
1612
1644
1599
1503
1382
1255
1130
997
834
621
338
-14
-413
-822
-1182
-1449
-1583
-1564
-1407
-1141
-813
-477
-178
57
223
338
434
538
673
836
1014
1173
1277
1292
1202
1009
739
433
131
-129
-329
-472
-579
-679
-804
-961
-1141
-1315
-1438
-1454
-1316
-1007
-543
20
608
1132
1533
1768
1832
1755
1582
1377
1189
1053
966
902
820
669
425
73
-353
-817
-1256
-1609
-1833
-1893
-1805
-1597
-1322
-1039
-792
-616
-500
-439
-394
-326
-213
-30
209
482
747
960
1090
1119
1057
927
777
641
552
514
518
527
495
389
186
-109
-462
-822
-1122
-1318
-1376
-1290
-1082
-795
-483
-191
39
194
277
310
320
333
366
415
467
496
482
405
261
61
-173
-405
-601
-741
-819
-846
-846
-852
-889
-965
-1078
-1197
-1283
-1287
-1162
-874
-423
162
816
1460
2013
2413
2634
2675
2572
2376
2145
1924
1733
1575
1423
1245
1003
682
294
-144
-575
-952
-1231
-1391
-1428
-1368
-1254
-1125
-1029
-977
-977
-1004
-1021
-998
-898
-721
-469
-174
125
391
586
706
745
728
685
645
631
640
666
676
644
541
348
72
-262
-610
-933
-1185
-1342
-1399
-1359
-1249
-1101
-947
-812
-701
-620
-550
-481
-388
-272
-139
-4
116
203
234
206
119
-14
-169
-323
-452
-540
-583
-583
-554
-514
-477
-446
-425
-400
-353
-261
-100
143
469
872
1324
1787
2207
2542
2764
2871
2869
2775
2619
2427
2212
1978
1721
1422
1074
670
217
-265
-741
-1164
-1503
-1733
-1844
-1847
-1765
-1637
-1494
-1371
-1278
-1212
-1153
-1073
-945
-755
-502
-204
107
398
632
785
845
817
721
580
420
266
124
-5
-130
-271
-439
-644
-878
-1126
-1357
-1546
-1668
-1706
-1660
-1531
-1345
-1122
-890
-668
-464
-287
-131
10
141
260
363
445
495
507
470
395
283
152
20
-101
-191
-247
-266
-248
-201
-133
-49
51
163
289
428
584
753
938
1139
1350
1577
1811
2043
2251
2418
2528
2569
2533
2414
2212
1938
1608
1235
837
428
25
-359
-714
-1027
-1285
-1480
-1605
-1667
-1668
-1617
-1524
-1404
-1272
-1138
-1014
-896
-788
-688
-591
-500
-407
-323
-248
-190
-150
-140
-158
-206
-281
-369
-465
-552
-621
-664
-676
-665
-644
-629
-626
-633
-651
-676
-698
-704
-690
-644
-570
-475
-364
-248
-131
-24
69
149
208
245
256
247
222
185
143
103
73
58
68
105
166
249
352
473
606
748
892
1028
1145
1232
1278
1280
1243
1181
1116
1068
1058
1097
1187
1315
1452
1565
1616
1586
1476
1291
1054
786
518
271
62
-113
-266
-416
-579
-765
-975
-1198
-1414
-1589
-1701
-1731
-1674
-1543
-1364
-1168
-990
-859
-779
-748
-751
-761
-751
-705
-609
-474
-319
-170
-53
18
34
5
-50
-109
-148
-155
-138
-115
-106
-131
-199
-311
-451
-598
-721
-795
-804
-746
-639
-502
-367
-254
-170
-125
-104
-90
-62
-7
85
214
361
510
640
740
800
833
845
849
853
872
905
952
1005
1054
1087
1100
1088
1047
983
897
798
695
594
503
423
354
301
266
250
249
260
272
281
284
276
255
215
155
72
-30
-149
-275
-409
-537
-649
-735
-787
-806
-798
-765
-717
-659
-602
-547
-500
-464
-436
-413
-398
-384
-372
-355
-339
-329
-327
-332
-345
-365
-386
-404
-416
-414
-401
-379
-360
-341
-333
-340
-366
-405
-451
-494
-527
-540
-527
-496
-443
-374
-294
-207
-114
-20
81
190
308
432
550
662
760
832
869
880
861
819
769
720
684
663
651
647
640
619
584
535
481
422
372
327
291
261
231
194
143
78
-4
-95
-184
-257
-310
-334
-325
-287
-227
-155
-78
-6
54
99
132
158
177
189
194
192
180
163
134
98
53
4
-46
-90
-127
-152
-171
-186
-195
-197
-202
-213
-230
-254
-281
-314
-343
-376
-410
-442
-473
-491
-504
-516
-518
-515
-497
-470
-440
-406
-372
-336
-300
-267
-236
-201
-164
-122
-80
-37
6
45
82
111
136
153
164
169
166
163
157
153
147
136
127
118
112
114
119
132
151
173
200
228
257
292
327
355
379
389
397
399
391
377
351
317
282
244
203
161
119
83
54
32
17
7
3
0
3
8
11
13
15
12
7
1
0
3
11
22
34
45
55
61
61
60
54
42
25
5
-17
-41
-68
-96
-124
-157
-189
-218
-246
-272
-292
-307
-314
-314
-313
-310
-303
-297
-283
-272
-260
-248
-238
-225
-215
-207
-201
-194
-190
-187
-186
-184
-181
-178
-165
-148
-125
-92
-55
-17
26
73
120
169
215
254
296
330
359
380
387
389
385
374
357
330
299
268
235
199
163
124
87
53
20
-6
-27
-40
-50
-55
-54
-48
-38
-27
-16
-3
13
33
52
72
91
108
128
146
161
173
178
178
175
165
150
127
100
72
41
9
-31
-72
-107
-143
-175
-207
-238
-262
-280
-290
-295
-300
-298
-293
-285
-274
-262
-243
-223
-200
-174
-147
-124
-98
-73
-54
-36
-22
-5
10
18
17
4
-4
-9
-5
2
4
9
17
35
55
75
93
113
138
164
187
198
201
195
186
174
157
133
106
77
58
44
35
27
18
12
2
-5
-7
-6
-5
-5
-7
-10
-13
-7
3
18
33
43
53
60
70
80
91
104
124
140
148
148
140
131
123
105
82
51
20
-14
-46
-76
-106
-130
-158
-183
-208
-228
-237
-240
-239
-230
-219
-203
-182
-162
-139
-113
-83
-57
-40
-25
-9
13
31
46
56
61
67
72
70
64
52
44
40
39
36
32
28
25
22
21
19
18
15
16
18
24
30
35
45
51
61
66
68
69
65
61
58
56
54
48
38
27
11
-5
-14
-20
-22
-27
-31
-34
-36
-32
-29
-22
-19
-12
-4
6
20
31
47
57
65
69
67
62
56
47
34
20
-1
-24
-47
-70
-85
-103
-118
-136
-154
-163
-170
-168
-167
-159
-142
-120
-94
-70
-46
-24
-4
16
39
62
85
103
114
119
120
113
104
92
81
68
53
40
25
12
1
-6
-11
-16
-20
-23
-24
-18
-4
11
28
39
48
56
69
83
97
106
111
112
111
109
106
100
90
76
59
41
22
3
-17
-36
-56
-75
-93
-110
-124
-136
-142
-142
-135
-123
-109
-93
-75
-55
-38
-23
-10
4
17
28
39
45
46
46
42
34
23
8
-7
-23
-43
-60
-73
-83
-94
-106
-117
-127
-127
-121
-108
-91
-72
-56
-36
-12
13
37
58
76
92
105
119
126
133
136
139
139
132
117
96
75
53
38
26
15
6
-6
-18
-23
-22
-17
-8
0
14
26
38
53
65
78
90
98
104
104
101
96
93
88
82
69
51
29
4
-20
-44
-66
-85
-100
-117
-134
-146
-156
-157
-150
-146
-139
-134
-124
-110
-93
-72
-52
-33
-16
-4
9
19
28
30
30
27
19
10
-3
-15
-21
-28
-36
-45
-53
-59
-65
-65
-63
-58
-51
-44
-36
-26
-12
3
21
34
51
65
78
88
94
97
99
99
98
98
93
86
80
73
66
59
55
48
42
37
34
32
29
26
22
18
15
14
14
14
17
15
17
17
19
21
21
19
17
15
10
7
1
-5
-11
-19
-29
-40
-49
-57
-63
-69
-76
-81
-83
-81
-80
-78
-74
-71
-66
-62
-60
-55
-47
-39
-28
-21
-18
-17
-14
-12
-11
-10
-10
-10
-11
-11
-11
-11
-9
-7
-7
-6
-6
-4
-1
7
15
22
25
28
31
34
39
41
45
46
45
46
45
43
42
42
42
38
37
33
30
28
28
26
23
19
15
14
12
14
14
13
15
15
15
14
13
14
19
24
27
27
25
22
17
15
10
5
-3
-11
-19
-26
-31
-34
-39
-41
-44
-47
-51
-54
-55
-52
-51
-50
-48
-46
-41
-35
-31
-25
-23
-22
-24
-26
-24
-23
-20
-18
-14
-10
-7
-6
-5
-5
-6
-4
-2
1
5
8
10
12
13
13
13
13
15
18
21
22
22
24
23
23
23
19
17
15
14
14
15
15
15
12
10
9
7
7
9
10
13
16
20
25
29
32
35
35
35
31
29
25
23
22
21
21
21
22
16
12
6
-2
-6
-10
-15
-19
-23
-26
-28
-32
-32
-33
-37
-39
-41
-41
-38
-35
-30
-25
-22
-22
-24
-25
-24
-20
-19
-17
-16
-17
-15
-11
-8
-4
-2
1
-1
-2
-4
-3
0
4
6
8
8
8
8
6
3
2
1
-1
-3
-3
0
2
6
6
6
7
3
0
0
0
3
7
11
13
15
19
20
20
22
25
25
25
25
25
24
24
24
23
21
20
17
14
13
12
14
15
13
13
12
8
6
1
-2
-3
-5
-6
-10
-12
-14
-16
-15
-14
-16
-18
-20
-22
-21
-21
-21
-19
-20
-19
-20
-20
-20
-16
-15
-13
-10
-9
-7
-7
-6
-7
-6
-5
-6
-6
-6
-5
-4
-6
-5
-8
-8
-6
-6
-7
-5
-6
-5
-3
-2
-1
-1
-2
-1
-1
-2
2
4
7
10
12
14
17
16
14
13
14
14
15
15
16
16
17
16
15
15
13
14
14
14
13
13
12
10
10
10
10
8
10
7
3
2
4
5
7
7
5
4
3
1
2
1
-1
-2
-3
-4
-4
-5
-6
-5
-5
-6
-8
-11
-11
-9
-9
-7
-9
-10
-12
-15
-14
-17
-15
-17
-18
-18
-19
-19
-20
-19
-20
-20
-21
-22
-20
-20
-20
-18
-16
-14
-12
-12
-11
-10
-6
-3
1
4
6
7
8
9
12
14
16
15
15
14
14
13
15
16
18
17
19
20
21
20
18
20
19
20
20
20
22
22
23
24
21
21
21
19
19
18
16
16
14
13
11
7
4
2
-1
-3
-5
-5
-7
-6
-8
-7
-9
-10
-8
-9
-9
-9
-10
-11
-12
-16
-16
-17
-18
-19
-21
-23
-25
-26
-26
-26
-27
-29
-29
-30
-30
-30
-29
-30
-29
-30
-29
-27
-24
-21
-18
-15
-11
-9
-7
-5
-2
-2
2
5
9
10
10
12
13
13
14
17
17
20
20
21
22
24
25
27
26
28
28
30
31
32
34
34
36
35
35
33
34
33
31
29
28
24
23
19
18
16
14
12
10
7
4
1
0
-3
-5
-9
-11
-14
-13
-14
-14
-15
-15
-18
-22
-23
-25
-25
-28
-28
-28
-30
-30
-31
-32
-33
-35
-36
-35
-36
-35
-33
-30
-29
-27
-26
-22
-21
-21
-20
-18
-16
-15
-10
-7
-3
-1
1
0
3
6
7
10
11
13
15
18
19
20
20
21
19
19
19
18
18
20
19
20
22
23
24
23
23
24
25
23
23
22
22
20
18
19
16
18
19
18
19
15
15
15
14
12
9
5
2
1
-1
-1
0
0
0
-2
-6
-7
-9
-11
-11
-14
-15
-16
-18
-21
-23
-25
-25
-26
-27
-28
-32
-32
-32
-31
-30
-28
-28
-29
-30
-31
-30
-29
-28
-24
-22
-19
-17
-15
-11
-10
-6
-3
-1
2
4
7
10
13
15
18
19
21
20
20
20
21
20
21
19
18
19
21
22
22
24
23
24
22
21
19
20
19
19
19
17
18
18
17
14
12
8
6
2
1
1
2
2
4
4
3
2
-1
-1
-3
-6
-5
-5
-7
-7
-7
-6
-7
-8
-9
-10
-10
-11
-11
-13
-12
-16
-15
-15
-15
-16
-17
-18
-19
-17
-18
-18
-19
-17
-16
-17
-13
-11
-9
-9
-7
-5
-2
0
3
5
6
7
9
11
10
9
10
9
8
7
7
7
5
5
6
4
2
3
4
2
3
3
2
1
3
6
6
9
7
7
8
8
6
8
8
7
6
4
5
4
3
2
2
0
-1
-2
-3
-4
-5
-5
-6
-5
-7
-6
-8
-7
-7
-6
-4
-5
-4
-2
-2
-2
-3
-3
-3
-4
-3
-3
-3
-3
-4
-5
-5
-6
-6
-5
-4
-6
-6
-4
-2
-2
-1
-2
-2
-1
-1
0
0
1
2
4
4
6
7
9
8
7
6
5
5
5
4
4
4
4
3
2
2
0
-2
-4
-3
-4
-3
-2
0
1
3
3
1
1
0
1
1
2
3
3
3
4
4
5
3
2
1
-1
0
-1
0
-1
-3
-3
-5
-4
-3
-3
-4
-6
-4
-4
-2
0
1
2
2
2
1
-1
1
1
0
0
1
0
0
2
0
-2
-1
-3
-2
-4
-3
-2
-2
-1
1
-2
-1
-1
-3
-3
-2
-3
-1
-2
-1
1
3
3
2
3
4
5
4
4
4
4
4
3
2
0
-3
-4
-4
-3
-4
-3
-2
-2
0
-1
0
0
-1
-1
-2
0
0
0
1
0
1
2
1
2
2
0
1
1
2
3
4
5
5
5
3
2
2
2
1
2
1
1
0
-1
0
0
0
-2
-2
-3
-3
-2
-2
-1
-1
0
-2
-2
-3
-2
-3
-2
-3
-2
-2
-2
-3
-5
-5
-2
-2
-2
-3
-2
-2
-1
-1
3
1
3
4
3
2
1
1
1
2
0
0
0
1
1
0
1
0
-1
-2
-2
-2
-2
-1
-1
-1
-2
-2
-2
-1
0
1
2
1
2
3
2
3
4
4
5
4
5
5
4
4
5
4
4
3
2
0
2
1
0
-1
-4
-4
-4
-3
-3
-3
-2
-1
-1
0
1
1
-1
-1
0
1
1
1
-1
1
-1
0
-1
-2
-3
-5
-6
-5
-5
-2
-2
-3
-4
-4
-3
-4
-4
-5
-2
-2
-2
-2
-2
0
0
2
2
2
2
3
3
2
2
3
2
2
1
1
1
0
0
-1
0
-1
-1
0
-1
0
0
1
0
0
0
2
1
1
3
4
5
4
6
6
6
6
5
5
3
4
2
2
2
2
1
-2
-1
-1
-2
-3
-3
-4
-5
-5
-4
-4
0
-1
-1
-3
-5
-4
-4
-4
-3
-4
-3
-2
-3
-1
0
0
0
-1
-2
-2
-3
-4
-2
-1
-2
-2
-2
-3
-2
-2
-1
0
0
-1
0
2
2
3
3
3
3
3
3
3
3
2
3
2
0
1
0
0
-1
-1
-1
-1
-1
-1
1
1
0
0
-1
0
-1
-1
0
2
5
6
7
7
7
6
5
5
5
5
5
4
4
3
0
-2
-2
-4
-7
-6
-7
-7
-7
-6
-6
-8
-7
-7
-6
-5
-5
-4
-4
-4
-3
-2
-2
-1
-1
-2
-1
-1
-1
-1
-1
-2
-1
-1
-1
-3
-3
-3
-2
-1
0
0
1
3
4
6
6
7
5
5
6
5
6
7
6
5
5
5
5
4
4
4
3
2
1
2
1
0
0
-1
0
-2
-1
-3
-3
-2
-1
0
0
1
0
0
0
1
1
2
3
2
3
1
0
0
-3
-4
-7
-6
-8
-9
-9
-7
-6
-6
-7
-6
-5
-3
-3
-3
-3
-2
-2
-2
-1
-2
-1
0
1
2
0
2
2
2
1
3
2
2
1
1
0
0
0
-1
-1
2
1
3
3
2
3
3
1
2
1
2
2
2
2
3
3
2
2
3
3
4
3
3
5
3
2
2
1
1
0
-1
-1
-2
-4
-2
-2
-3
-2
-1
-1
0
0
1
2
2
2
2
1
2
1
0
0
-1
-3
-4
-5
-6
-3
-4
-4
-3
-2
-4
-3
-5
-5
-5
-4
-3
-5
-4
-3
-2
0
-2
-2
-1
0
-2
0
1
1
2
3
5
3
4
3
4
4
2
2
2
2
1
0
1
-1
-1
0
0
-1
1
0
0
2
2
2
3
5
5
3
3
4
3
3
5
2
3
3
3
2
1
0
0
-1
-2
-3
-3
-3
-2
-3
-2
-1
-1
-1
-2
-1
0
0
1
1
2
2
1
1
-1
0
1
0
-1
-1
-2
-3
-3
-2
-3
-2
-2
-3
-1
-1
-2
