-17
-17
-16
-14
-11
-13
-12
-13
-12
-13
-15
-14
-15
-16
-16
-16
-18
-17
-17
-15
-14
-12
-9
-4
2
5
8
12
16
19
22
23
24
25
24
26
28
28
29
30
29
30
30
29
26
25
24
22
21
20
17
16
14
12
8
5
1
-2
-3
-5
-8
-11
-12
-15
-15
-18
-20
-22
-22
-21
-20
-18
-15
-15
-13
-11
-11
-12
-10
-8
-10
-10
-9
-11
-10
-12
-15
-17
-19
-18
-17
-15
-15
-13
-11
-8
-5
-3
-3
-1
1
3
3
3
3
6
8
9
6
4
4
4
2
1
4
5
5
5
5
6
9
10
10
11
12
11
11
11
9
8
5
4
3
5
8
9
8
8
8
10
13
15
17
16
16
13
12
7
8
8
7
4
2
2
3
3
2
1
-3
-4
-4
-4
-3
-3
-3
-3
-4
-6
-8
-8
-11
-13
-15
-17
-15
-17
-17
-20
-22
-23
-22
-20
-20
-20
-19
-17
-18
-18
-19
-18
-17
-16
-13
-11
-7
-5
-3
-2
0
2
3
5
7
9
11
11
12
13
15
20
22
23
26
29
33
34
32
32
32
32
30
29
26
22
20
18
15
13
10
7
7
9
5
1
-2
-5
-7
-9
-11
-15
-18
-22
-23
-26
-27
-29
-28
-30
-31
-31
-29
-28
-25
-21
-18
-16
-15
-14
-11
-9
-6
-5
-2
-1
-1
-1
-1
-1
-1
-2
-4
-6
-5
-4
-1
-1
-1
0
1
4
6
8
10
9
9
10
12
16
14
15
16
16
19
19
19
18
15
15
16
14
14
12
9
6
6
6
6
1
1
-1
-1
0
1
-1
-3
-2
-3
-3
-6
-6
-8
-7
-7
-7
-7
-9
-8
-5
-4
-5
-3
-2
-1
-1
-1
2
3
2
2
1
1
1
-1
-2
-4
-3
-1
-2
0
-1
-3
-3
-4
-4
-5
-4
-3
-2
1
-1
2
0
0
0
1
-1
-2
-5
-8
-9
-8
-7
-7
-4
-2
0
0
2
1
2
2
-1
-2
-5
-5
-6
-7
-8
-8
-11
-10
-9
-9
-8
-9
-9
-9
-7
-3
0
1
3
4
6
7
10
17
19
20
23
23
25
23
24
26
24
21
20
18
14
12
11
8
6
4
1
-4
-8
-10
-15
-15
-16
-19
-20
-22
-22
-22
-21
-22
-19
-15
-15
-16
-16
-13
-12
-10
-7
-5
-2
1
0
-2
0
1
4
7
10
11
10
8
7
6
9
11
10
9
9
11
12
11
13
13
16
19
22
23
20
18
16
14
13
13
9
4
-1
-4
-6
-8
-11
-14
-18
-20
-20
-19
-17
-18
-19
-19
-19
-17
-17
-16
-13
-11
-9
-7
-9
-6
-6
-4
-3
0
1
1
2
4
4
3
6
6
7
5
5
4
2
2
3
3
4
5
2
2
3
4
8
9
10
10
10
11
12
13
15
15
14
14
15
14
12
8
4
2
0
0
-1
-4
-8
-10
-13
-16
-17
-16
-16
-17
-17
-19
-19
-19
-21
-21
-21
-19
-19
-18
-19
-21
-18
-16
-13
-10
-6
-2
2
5
7
9
10
13
18
19
21
21
22
23
23
25
25
25
25
24
25
25
23
20
18
16
16
13
11
7
5
2
-2
-2
-2
-2
-4
-7
-7
-9
-10
-11
-13
-13
-15
-14
-15
-15
-14
-14
-13
-10
-7
-5
-4
-4
-5
-4
-2
-1
-2
-3
-2
-5
-7
-8
-8
-9
-9
-10
-10
-7
-7
-8
-7
-6
-4
-3
-2
1
2
3
3
2
4
6
6
8
7
7
4
3
3
4
5
2
2
1
3
4
5
5
4
2
2
1
1
-1
-3
-3
-2
-2
-2
-2
-1
-1
0
2
5
8
10
12
14
16
16
15
15
14
12
9
9
7
4
0
-4
-8
-11
-13
-15
-17
-16
-17
-18
-18
-18
-15
-12
-9
-7
-3
-2
-2
1
1
2
3
5
6
8
9
10
7
6
4
4
4
3
5
4
3
3
2
1
1
0
0
2
2
0
-2
-4
-5
-5
-4
-3
-4
-5
-6
-5
-8
-7
-9
-9
-5
-4
-3
-4
-4
-2
-1
2
2
5
7
8
10
11
14
15
14
14
15
17
16
15
16
13
13
14
14
10
8
7
4
3
2
-1
-2
-5
-8
-11
-14
-18
-19
-20
-22
-21
-22
-21
-22
-22
-20
-20
-20
-20
-18
-17
-14
-12
-12
-14
-12
-11
-9
-7
-4
-2
-2
2
4
6
7
10
12
13
14
16
15
16
15
15
14
14
16
16
16
16
17
17
18
18
18
18
20
20
22
21
22
22
17
17
13
14
12
9
5
0
-3
-7
-11
-15
-20
-21
-22
-24
-27
-27
-28
-29
-30
-29
-27
-28
-28
-27
-28
-27
-26
-25
-24
-24
-21
-17
-16
-12
-7
-5
-2
0
5
8
13
18
23
27
27
29
28
28
27
25
24
25
24
21
20
18
18
19
18
18
16
16
15
14
11
10
6
3
1
-2
-3
-5
-6
-8
-10
-12
-14
-12
-11
-13
-12
-13
-15
-13
-11
-10
-11
-10
-9
-7
-4
-2
-2
-1
-2
-2
-2
-1
-3
-3
-5
-5
-5
-4
-3
-3
-5
-7
-7
-10
-9
-7
-9
-9
-8
-8
-10
-11
-13
-10
-9
-7
-6
-6
-5
-5
-5
-5
-4
-5
-4
-1
0
-1
1
0
1
4
6
7
9
11
13
15
17
17
19
19
21
23
24
26
27
27
26
24
22
21
20
22
18
16
12
8
5
1
0
-3
-4
-5
-8
-10
-12
-12
-11
-10
-11
-11
-11
-10
-10
-10
-9
-8
-8
-9
-10
-10
-14
-17
-19
-21
-22
-20
-20
-19
-19
-17
-16
-16
-14
-13
-10
-8
-8
-8
-5
-4
-4
-4
-3
-2
-2
1
1
0
-1
-1
0
3
5
5
5
6
8
8
11
13
15
16
16
18
19
18
16
16
17
20
18
15
15
15
14
13
15
15
15
16
17
14
14
14
13
11
9
8
5
4
1
-2
-3
-4
-7
-9
-12
-11
-13
-15
-17
-17
-17
-20
-22
-24
-25
-25
-25
-26
-25
-27
-27
-27
-24
-24
-23
-24
-22
-20
-22
-19
-15
-13
-12
-9
-5
-1
0
5
6
9
12
14
16
19
20
21
22
22
22
22
24
24
24
24
22
21
20
23
20
22
21
18
18
16
15
13
10
7
4
2
0
-3
-5
-7
-8
-9
-9
-9
-9
-9
-9
-9
-6
-6
-3
-1
-1
-1
-2
-2
-3
-3
-3
-3
-6
-5
-6
-8
-9
-11
-11
-10
-9
-7
-8
-9
-10
-10
-10
-9
-8
-9
-10
-8
-10
-9
-11
-10
-8
-9
-9
-9
-9
-8
-6
-6
-5
-5
-3
-3
-3
-2
-1
0
2
4
5
7
9
10
10
13
14
15
17
19
21
23
27
27
26
25
24
24
23
23
22
18
14
12
9
7
6
3
0
-4
-5
-7
-11
-14
-15
-18
-19
-20
-19
-20
-18
-16
-16
-14
-15
-12
-13
-12
-11
-9
-10
-7
-10
-10
-9
-9
-7
-6
-5
-6
-5
-5
-4
-5
-5
-6
-7
-6
-6
-7
-7
-7
-9
-9
-7
-5
-3
-1
1
2
4
6
9
13
15
16
16
20
20
21
21
20
22
22
22
21
21
20
20
19
17
15
16
16
14
13
11
8
8
5
5
2
0
-2
-5
-6
-7
-10
-9
-11
-12
-14
-17
-18
-19
-19
-22
-24
-25
-25
-21
-20
-20
-19
-19
-16
-17
-15
-14
-13
-12
-12
-13
-12
-13
-13
-10
-10
-5
-6
-1
1
4
7
7
9
12
13
14
14
16
16
14
13
13
13
12
10
11
9
8
9
8
7
8
8
9
11
13
14
13
13
13
12
13
11
8
5
4
3
0
-1
-3
-5
-6
-6
-8
-8
-9
-10
-10
-9
-8
-8
-6
-9
-8
-6
-5
-6
-4
-5
-5
-4
-5
-5
-4
-4
-4
-2
-1
-2
-2
-2
-3
-4
-4
-3
-4
-6
-5
-5
-7
-7
-7
-6
-5
-5
-3
-3
0
0
1
3
4
5
6
8
8
9
11
10
9
7
8
5
4
4
3
3
2
2
2
1
1
-2
0
2
1
0
1
2
3
4
3
3
4
6
8
10
10
10
10
10
7
5
3
2
1
-2
-4
-6
-6
-6
-8
-10
-11
-12
-14
-13
-14
-15
-15
-16
-15
-15
-14
-12
-11
-11
-10
-6
-5
-5
-3
-3
-2
-1
-1
0
-1
-2
-3
-3
-3
-3
-4
-3
-1
-2
-1
1
3
5
8
11
11
17
18
18
19
21
22
22
23
24
25
24
23
22
18
15
12
8
8
7
5
3
-1
-4
-6
-8
-10
-10
-11
-11
-12
-11
-12
-14
-11
-11
-13
-14
-15
-13
-13
-13
-16
-18
-17
-14
-13
-13
-14
-13
-12
-10
-10
-10
-10
-9
-7
-6
-5
-4
-3
-4
-3
-2
-1
2
5
7
9
10
14
16
16
16
17
17
16
18
16
16
16
14
14
11
10
10
10
10
10
11
10
10
9
7
6
5
2
0
1
-1
-3
-4
-5
-6
-7
-9
-8
-10
-11
-12
-13
-14
-15
-13
-16
-14
-14
-14
-13
-11
-10
-8
-8
-6
-5
-3
-3
0
1
2
2
3
3
1
2
0
2
2
0
0
-2
-2
-4
-5
-5
-4
-4
-5
-5
-4
-5
-2
-1
-1
0
2
3
2
6
6
6
6
9
12
13
13
13
13
14
17
16
16
14
13
14
13
15
14
12
10
9
6
6
4
4
4
4
2
1
3
2
2
1
0
-1
-2
-3
-5
-6
-7
-8
-10
-12
-11
-13
-14
-16
-17
-17
-18
-18
-19
-21
-21
-21
-21
-19
-19
-19
-18
-17
-16
-14
-12
-9
-8
-8
-6
-4
-1
3
5
6
7
10
12
12
16
15
15
14
15
14
15
15
15
13
13
12
11
11
13
13
14
13
14
14
14
15
15
15
14
13
14
13
12
9
8
5
3
2
0
-3
-5
-5
-8
-8
-9
-10
-12
-13
-14
-14
-17
-18
-19
-21
-22
-20
-17
-17
-18
-18
-16
-18
-17
-17
-16
-16
-15
-12
-11
-11
-11
-7
-5
-2
0
1
6
7
8
10
11
12
14
16
15
16
16
16
19
17
17
18
18
18
18
18
16
14
13
13
13
11
10
11
8
7
5
5
6
5
3
3
2
1
0
-1
-1
-1
-5
-6
-7
-8
-9
-8
-9
-11
-13
-13
-14
-12
-13
-14
-16
-17
-16
-16
-15
-16
-15
-14
-12
-12
-11
-9
-9
-9
-10
-9
-8
-8
-7
-4
-5
-4
-1
1
2
3
6
6
8
10
8
8
10
10
9
9
9
9
8
6
4
3
4
4
4
4
4
5
6
7
7
8
10
10
13
14
12
14
12
11
10
10
8
7
6
6
4
4
5
4
5
4
2
1
0
0
0
0
-1
-2
-1
-1
-3
-5
-6
-6
-7
-7
-6
-9
-10
-10
-11
-11
-11
-12
-11
-12
-14
-12
-11
-10
-13
-11
-11
-10
-11
-10
-11
-15
-15
-16
-16
-16
-15
-15
-14
-12
-9
-6
-5
-3
1
5
7
8
10
11
14
15
18
18
20
22
21
22
23
24
26
26
27
28
27
26
27
25
23
21
19
20
17
16
14
11
8
6
3
1
0
-3
-4
-6
-8
-10
-11
-13
-17
-21
-24
-24
-26
-26
-29
-33
-33
-34
-35
-35
-32
-30
-28
-27
-22
-19
-16
-16
-21
-21
-15
-9
-3
-2
-1
-1
0
-1
1
5
10
9
9
9
11
14
17
17
18
15
15
18
20
22
23
24
19
17
17
20
22
23
23
20
20
17
15
14
13
11
8
7
4
5
7
8
8
6
4
2
-1
-1
1
1
-1
-3
-8
-11
-14
-16
-15
-13
-12
-11
-15
-16
-18
-17
-17
-20
-21
-20
-18
-16
-13
-12
-11
-13
-13
-12
-8
-6
-3
-2
-2
0
0
1
1
3
6
6
6
7
9
12
14
15
12
8
7
8
9
7
2
2
3
4
0
-1
1
1
-2
-4
-6
-6
-5
-6
-9
-10
-11
-11
-13
-9
-7
-7
-6
-5
-6
-5
-1
2
3
3
6
7
8
7
10
13
13
13
15
16
18
18
18
17
17
16
13
12
11
9
10
9
7
6
7
8
5
1
-2
-2
-3
-3
-4
-7
-10
-13
-16
-17
-16
-17
-18
-19
-21
-22
-20
-20
-19
-20
-20
-19
-17
-16
-13
-10
-9
-8
-7
-7
-7
-4
-2
3
6
7
8
13
16
16
18
18
21
24
26
28
30
29
28
25
24
23
22
21
20
21
19
17
12
10
6
5
2
-1
-4
-9
-12
-18
-22
-27
-29
-33
-37
-37
-38
-38
-40
-39
-41
-40
-37
-33
-30
-23
-21
-16
-11
-5
-2
0
2
1
3
6
11
13
14
14
11
14
14
14
15
10
10
10
10
10
8
14
24
33
39
39
32
28
31
38
44
46
48
45
39
34
30
28
27
24
18
13
10
6
2
-2
-6
-14
-24
-31
-34
-31
-32
-34
-39
-46
-50
-52
-53
-51
-49
-45
-42
-40
-37
-37
-39
-36
-32
-28
-25
-20
-17
-15
-11
-9
-6
-7
-4
-2
1
6
10
13
16
15
14
14
17
19
20
22
23
23
19
19
16
18
17
15
17
18
19
17
19
20
20
15
14
14
16
20
24
34
36
36
31
31
28
27
26
29
33
31
26
23
21
21
17
9
7
5
3
-1
-6
-9
-13
-17
-23
-29
-32
-35
-37
-39
-40
-42
-47
-53
-56
-52
-51
-49
-49
-45
-43
-38
-35
-36
-35
-33
-29
-23
-17
-9
-2
-1
-2
-1
0
4
4
7
10
14
16
18
18
20
19
17
15
16
17
19
16
20
18
15
12
6
10
7
12
12
13
14
7
11
6
12
14
16
10
9
9
14
14
11
10
12
21
20
22
19
24
32
29
27
28
34
35
30
28
28
31
27
20
18
17
12
7
3
0
-2
-8
-14
-18
-22
-27
-33
-38
-38
-38
-42
-46
-50
-50
-49
-49
-47
-45
-44
-46
-47
-44
-41
-38
-36
-36
-34
-32
-27
-22
-14
-10
-7
-5
-3
-3
1
9
11
16
13
12
18
20
25
23
22
19
20
19
20
24
24
18
14
18
21
14
16
20
21
10
7
15
22
17
11
16
12
11
1
7
17
21
25
26
31
27
24
32
35
37
36
37
37
34
36
33
29
21
14
10
6
1
-2
-2
-5
-14
-23
-28
-32
-37
-40
-41
-40
-41
-44
-45
-43
-41
-39
-42
-45
-45
-45
-43
-41
-41
-40
-41
-43
-41
-36
-28
-21
-17
-13
-9
-8
-4
-1
6
6
7
8
14
14
16
17
16
18
8
10
9
21
16
18
15
16
18
5
15
12
23
18
18
14
15
22
21
14
14
14
22
14
7
20
21
21
12
28
29
26
23
27
33
33
27
32
42
43
37
33
37
31
27
21
20
20
13
9
4
-1
-9
-16
-16
-22
-27
-34
-37
-37
-42
-43
-45
-49
-50
-52
-51
-55
-58
-57
-53
-49
-51
-46
-47
-44
-44
-38
-32
-24
-23
-26
-15
-15
-3
-18
6
6
13
-2
5
19
18
14
9
18
19
18
8
14
16
21
24
8
15
21
26
21
8
24
27
16
6
14
30
20
8
17
23
25
17
12
11
13
22
28
17
20
32
42
37
21
31
35
41
32
31
44
39
33
25
31
30
19
11
10
9
2
-5
-4
-5
-12
-22
-27
-29
-35
-38
-40
-41
-42
-44
-43
-48
-50
-51
-55
-56
-59
-54
-49
-46
-44
-42
-37
-34
-37
-31
-24
-9
-13
-12
-18
-5
-8
-5
-7
-4
8
-5
7
-6
10
9
0
6
4
6
10
8
24
15
16
17
14
18
11
21
31
23
22
10
33
24
29
15
37
33
18
16
22
45
17
24
19
37
27
25
36
37
34
33
32
32
32
32
39
36
27
23
28
26
15
11
12
11
0
-7
-5
-6
-11
-23
-25
-27
-34
-39
-41
-36
-38
-43
-48
-51
-52
-55
-58
-59
-56
-50
-47
-42
-43
-44
-44
-52
-34
-34
-19
-31
-16
-10
-14
-9
-17
7
-8
0
-5
15
8
-1
8
12
13
-3
4
20
20
6
15
22
19
4
3
32
18
15
14
30
28
13
32
25
35
21
25
37
22
26
21
31
31
9
25
25
30
23
26
38
33
27
27
40
37
32
36
37
30
28
34
36
23
15
13
13
6
-4
-4
-3
-11
-21
-25
-25
-33
-38
-38
-39
-42
-50
-50
-50
-52
-55
-57
-60
-62
-55
-48
-44
-44
-51
-42
-40
-38
-31
-30
-15
-19
-23
-6
-20
-2
-11
-10
6
-22
9
-15
8
9
-12
8
-8
17
-14
14
12
15
3
7
25
12
16
7
37
4
28
19
35
31
26
43
32
36
24
40
40
40
20
40
38
24
17
36
45
33
31
38
43
35
33
44
42
38
35
37
39
28
29
26
16
9
1
4
-2
-6
-6
-10
-14
-26
-24
-28
-35
-38
-42
-37
-46
-47
-46
-46
-50
-62
-61
-59
-52
-55
-51
-49
-46
-48
-45
-53
-41
-31
-30
-36
-40
-23
-20
-32
-27
-18
-14
-20
-30
2
-16
-1
-24
8
6
-15
15
-16
38
-12
24
15
14
27
21
37
26
20
37
41
26
36
36
60
37
35
53
51
52
32
51
64
30
50
24
46
36
29
46
45
52
35
37
33
31
31
41
40
32
32
29
28
16
15
16
13
0
-10
-7
-11
-14
-20
-24
-30
-44
-49
-47
-47
-54
-62
-59
-61
-67
-72
-73
-72
-78
-75
-73
-68
-63
-61
-56
-54
-51
-50
-51
-43
-35
-31
-33
-33
-15
-24
-18
-18
-9
-6
-9
4
6
2
13
11
30
12
17
36
24
42
30
46
45
38
40
48
39
57
52
54
51
52
63
58
50
61
50
53
39
55
52
38
27
28
31
24
21
18
32
21
29
13
27
20
21
20
15
25
18
16
12
11
5
-11
-7
-9
-15
-22
-24
-24
-28
-31
-33
-43
-49
-56
-55
-52
-58
-58
-63
-63
-69
-71
-71
-68
-67
-63
-62
-58
-54
-59
-38
-46
-29
-38
-36
-21
-22
-6
-18
-6
-18
1
-6
-3
-10
7
17
14
9
6
30
24
15
38
23
28
29
35
61
31
43
34
52
34
49
33
70
36
40
51
44
59
26
55
38
46
35
25
35
8
36
21
12
3
15
25
22
12
24
22
8
15
2
35
24
25
18
14
13
1
10
0
-3
-8
-11
-8
-24
-21
-20
-29
-40
-52
-46
-50
-55
-54
-51
-52
-61
-67
-69
-68
-68
-63
-60
-57
-58
-44
-55
-35
-41
-34
-20
-51
-10
-40
3
-10
-7
5
-24
4
-27
18
15
15
22
-1
26
5
41
27
33
16
30
54
19
70
25
51
19
35
41
27
38
52
26
24
40
33
55
3
47
13
37
20
17
36
8
8
-2
14
-2
-3
22
22
25
10
5
17
8
26
16
32
25
21
27
22
18
10
9
12
4
-4
4
2
-2
-13
-21
-22
-39
-37
-34
-39
-37
-50
-47
-52
-55
-59
-66
-62
-57
-56
-59
-54
-39
-38
-41
-55
-31
-19
-34
-36
-31
4
-25
-19
-21
-9
-9
-15
-6
-4
4
10
-12
8
14
-3
11
7
35
-2
6
38
30
20
25
26
56
23
43
29
43
31
43
48
36
36
-4
40
35
58
26
20
19
24
16
10
21
23
27
20
37
41
45
30
33
19
31
39
51
49
30
33
14
14
11
21
23
4
4
-5
-6
-11
-20
-18
-35
-45
-55
-55
-46
-51
-49
-54
-69
-78
-85
-74
-66
-69
-71
-72
-53
-58
-50
-43
-59
-34
-64
-26
-27
-26
-8
-31
-21
-30
-12
-7
-14
-1
-7
10
-12
5
17
10
18
11
34
28
15
38
29
48
24
44
39
1
44
29
74
35
33
36
23
64
53
55
57
29
40
33
49
58
9
11
-3
36
36
41
53
32
22
8
27
45
44
52
40
40
24
21
31
24
23
7
6
0
-6
-4
-7
-17
-34
-44
-50
-57
-60
-49
-53
-69
-81
-78
-76
-76
-81
-83
-81
-76
-80
-70
-59
-57
-55
-68
-49
-53
-39
-32
-20
-19
-15
-14
-15
-4
-10
-1
-9
-1
19
14
19
-3
25
34
18
14
13
33
36
41
30
49
35
22
25
34
55
50
42
31
34
42
47
49
46
42
32
38
50
35
34
23
14
11
32
63
53
40
32
30
45
36
50
42
52
49
38
42
32
36
21
6
6
5
5
-4
-11
-19
-31
-47
-56
-50
-57
-65
-73
-73
-75
-87
-85
-81
-84
-98
-103
-88
-79
-68
-73
-77
-73
-64
-51
-56
-61
-42
-33
-13
-17
-34
-8
-13
10
-4
-2
5
3
15
18
22
32
30
31
31
32
46
34
58
41
37
40
52
70
28
42
24
48
52
53
65
35
26
35
44
42
43
35
36
13
32
25
19
17
44
56
53
37
32
44
41
43
50
57
55
35
39
35
24
22
17
15
-9
-22
-22
-17
-26
-49
-61
-65
-77
-82
-75
-63
-87
-166
-182
-161
-188
-194
-240
-260
-231
-248
-222
-197
-254
-239
-247
-208
-179
-167
-77
-33
-64
-53
6
17
59
53
164
143
67
114
222
290
205
152
266
298
325
287
219
370
266
338
284
260
526
274
262
80
250
445
245
331
314
356
222
-13
370
325
276
52
-43
226
177
419
659
800
561
297
367
605
786
853
1033
941
694
648
613
872
554
317
203
-13
48
-153
33
-40
-567
-853
-1243
-1106
-1093
-1189
-1032
-1330
-1416
-1594
-1612
-1456
-1666
-1726
-1753
-1677
-1394
-1335
-1155
-1154
-1156
-1077
-1022
-722
-458
-199
-63
-115
-19
-69
19
210
524
732
403
215
248
406
461
514
693
754
459
279
418
603
707
671
424
472
268
464
669
564
664
266
222
233
298
685
521
389
162
-31
175
147
139
122
395
1030
1409
1372
1137
1072
1147
1230
1173
1581
2057
1962
1601
1119
1199
1196
814
849
722
697
263
-176
-15
-319
-706
-1155
-1448
-1349
-1572
-1579
-1585
-1743
-1867
-2212
-2386
-2499
-2486
-2213
-2068
-2038
-2158
-2130
-2039
-1871
-1560
-1214
-866
-798
-627
-422
-362
-84
57
376
334
179
487
569
575
330
274
551
520
649
772
890
920
584
503
449
560
839
994
980
478
125
187
542
888
704
201
-106
-13
354
680
514
107
-501
-675
234
1471
2530
2074
992
543
598
1494
2138
2802
2996
2083
1284
948
1607
2240
1919
1356
650
280
285
373
642
301
-744
-1594
-2006
-1588
-1098
-1123
-1275
-2048
-2620
-2891
-2965
-2469
-2464
-2450
-2652
-3018
-2776
-2689
-2290
-2064
-2065
-1752
-1621
-1128
-650
-445
-298
-413
-270
145
614
1009
950
607
356
283
456
780
1168
1302
959
486
369
710
910
833
668
484
552
589
662
729
365
182
-7
2
430
480
568
209
-259
-334
-257
635
1598
2337
2192
1284
909
1075
1936
2535
2772
2869
2397
2099
1771
1801
2011
1663
1336
851
720
866
705
509
-209
-949
-1361
-1530
-1186
-1123
-1189
-1318
-1852
-2345
-2968
-3122
-2782
-2656
-2510
-2673
-2829
-2936
-3220
-2973
-2600
-2193
-1918
-1884
-1478
-1231
-1099
-899
-670
-122
192
313
494
502
524
475
446
708
866
1027
1258
1143
919
591
494
739
693
682
822
924
838
325
-121
-169
-190
27
442
602
511
-172
-661
-273
650
2230
3061
2585
1554
636
1281
2543
3406
3843
3273
2633
2064
1890
2578
2805
2475
1597
652
611
785
1002
813
-172
-1148
-1954
-2008
-1380
-1040
-1127
-1826
-2543
-2806
-2948
-2832
-2630
-2569
-2709
-3035
-3021
-2691
-2591
-2732
-2783
-2527
-2097
-1793
-1466
-1136
-1126
-1298
-1227
-627
143
537
436
137
-169
-341
0
612
1177
1200
656
366
254
394
650
680
819
614
351
483
493
578
290
-161
-54
17
396
651
292
204
150
1024
2463
2861
2703
1735
1414
2254
2897
3831
4029
3790
3488
2509
2366
2537
2706
2756
1835
1287
933
683
750
209
-298
-1024
-1754
-1733
-1676
-1455
-1652
-2300
-2685
-3178
-3343
-3343
-3277
-2983
-3059
-3162
-3267
-3317
-3060
-2785
-2296
-1955
-1894
-1764
-1528
-1034
-739
-629
-333
4
351
386
305
366
275
251
308
520
868
878
788
580
257
112
-24
121
280
290
291
0
-249
-554
-656
-499
-475
-295
-331
-132
513
1391
2569
2693
2111
1518
1530
2785
3743
4473
4678
4058
3515
2662
2678
3239
3296
3232
2393
1845
1597
1174
1190
563
-155
-808
-1458
-1288
-1371
-1429
-1760
-2749
-3342
-3830
-3550
-3107
-3264
-3390
-3904
-4067
-4016
-3762
-2937
-2527
-2307
-2377
-2347
-1892
-1608
-1096
-618
-145
236
294
576
731
753
633
474
745
1060
1385
1555
1406
1090
562
251
333
603
778
629
228
-246
-574
-703
-597
-583
-789
-968
-1165
-1047
-508
571
1994
2400
1590
503
415
1879
3455
4386
4625
4122
3410
2639
2574
3313
3690
3447
2696
2088
1918
1626
1364
925
148
-590
-1093
-985
-729
-935
-1437
-2239
-3058
-3614
-3704
-3197
-2875
-3166
-3776
-4305
-4350
-4079
-3561
-2873
-2495
-2475
-2606
-2532
-2036
-1412
-815
-387
-163
131
480
706
653
401
355
603
1004
1495
1867
1816
1277
589
313
496
733
960
1107
962
386
-482
-944
-822
-511
-281
-355
-373
224
1446
2706
2689
1384
382
779
2420
3915
4650
4893
4288
3069
2021
2072
3186
3757
3404
2612
1834
1353
783
486
317
-252
-876
-1391
-1389
-1246
-1569
-2188
-3169
-3861
-3830
-3279
-2677
-2928
-3661
-4303
-4591
-4304
-3677
-2686
-2025
-2194
-2705
-2974
-2466
-1665
-1000
-445
-171
14
75
156
355
358
311
314
528
945
1208
1260
1047
707
452
310
372
528
641
588
294
-59
-320
-387
-321
-237
-140
-221
-378
-86
1125
2937
3805
2962
1467
1042
2327
4047
5131
5490
5208
4386
3242
2767
3448
4343
4346
3261
2020
1403
1289
1277
953
207
-780
-1617
-1916
-1736
-1556
-1883
-2832
-3952
-4560
-4380
-3839
-3640
-4040
-4665
-5050
-5020
-4585
-3870
-3173
-2858
-2973
-3079
-2748
-2026
-1271
-818
-632
-453
-136
297
587
608
486
329
350
586
970
1262
1046
559
151
37
142
78
113
122
-118
-532
-1055
-1025
-750
-606
-598
-830
-296
1072
2820
3855
2987
1715
1402
2641
4612
5703
6328
6141
5109
4011
3398
4237
5135
5026
4320
3200
2576
2089
1735
1684
947
5
-827
-1109
-811
-1039
-1552
-2499
-3633
-4168
-4189
-3619
-3453
-4033
-4667
-5218
-5204
-4821
-4167
-3409
-3237
-3351
-3454
-3206
-2579
-1995
-1430
-1119
-927
-555
-133
159
5
-249
-220
-27
303
668
997
919
243
-440
-672
-478
-182
8
54
-293
-1026
-1595
-1551
-1133
-914
-1131
-1409
-1029
291
2186
3363
2763
1278
636
1930
4232
5854
6445
6063
5121
4163
3830
4679
5699
5829
4980
3744
3031
2744
2659
2489
1756
768
-92
-381
-196
-211
-623
-1615
-2800
-3452
-3310
-2684
-2615
-3355
-4263
-4808
-4760
-4363
-3659
-2986
-2933
-3339
-3652
-3314
-2560
-1902
-1378
-1099
-963
-860
-593
-153
-66
-314
-571
-524
-130
241
510
393
-226
-952
-1354
-1137
-766
-604
-697
-1082
-1596
-2164
-2316
-2012
-1649
-1529
-1713
-1237
242
2141
3082
2103
780
637
2194
4355
5661
6377
6090
4927
3777
3453
4678
5741
5597
4692
3479
2940
2622
2415
2313
1520
595
-258
-598
-244
-134
-342
-1394
-2801
-3313
-2945
-2022
-1876
-2646
-3492
-4243
-4224
-3558
-2425
-1520
-1789
-2530
-3038
-2714
-1781
-917
-207
-90
-312
-491
-374
27
97
-47
-260
-297
-64
182
397
104
-603
-1368
-1777
-1558
-1189
-840
-992
-1650
-2421
-3014
-2866
-2462
-2086
-2058
-2319
-1662
-12
2078
2824
1532
243
328
2214
4378
5679
6471
6016
4618
3220
3083
4668
5836
5681
4542
3193
2461
1960
1912
1985
1381
380
-655
-987
-726
-580
-797
-1811
-3075
-3613
-3071
-2061
-1910
-2678
-3582
-4088
-3958
-3177
-1818
-758
-959
-2039
-2691
-2121
-869
184
716
756
459
106
137
506
741
600
231
22
28
159
281
61
-579
-1434
-2019
-1984
-1522
-1097
-1253
-2100
-3025
-3338
-2959
-2457
-2337
-2431
-2157
-1083
684
2198
2288
1183
358
1101
3089
4937
6143
6481
5720
4270
3231
3790
5170
5734
5154
3987
2993
2210
1653
1578
1366
603
-431
-1131
-1167
-1144
-1349
-1861
-2801
-3665
-3910
-3242
-2389
-2361
-3008
-3821
-4262
-4073
-3177
-1731
-757
-868
-1628
-2068
-1616
-685
279
936
1180
1127
915
824
753
682
659
585
596
611
641
472
-183
-921
-1481
-1729
-1698
-1514
-1256
-1475
-2388
-3341
-3585
-3080
-2522
-2427
-2579
-2263
-1031
869
2241
1991
875
480
1661
3661
5213
6229
6490
5658
4320
3646
4493
5756
5988
5303
4210
3158
2225
1656
1735
1632
853
-206
-978
-1235
-1434
-1681
-2090
-2965
-3870
-4125
-3488
-2802
-2917
-3494
-4079
-4422
-4353
-3528
-2012
-983
-1147
-1923
-2221
-1660
-780
77
787
1186
1172
900
757
726
677
590
518
615
747
793
525
-187
-999
-1616
-1852
-1724
-1428
-1193
-1536
-2523
-3494
-3770
-3258
-2666
-2543
-2643
-2249
-863
1038
2114
1676
570
400
1861
4001
5683
6488
6346
5409
4270
3990
4923
6055
6244
5415
4274
3345
2648
2190
1954
1611
899
-18
-703
-928
-985
-1312
-2127
-3200
-3822
-3613
-2929
-2502
-2748
-3397
-4099
-4507
-4143
-2954
-1589
-1033
-1502
-2135
-2173
-1545
-666
100
610
739
620
575
662
668
459
220
211
426
631
629
241
-506
-1281
-1817
-1939
-1698
-1352
-1239
-1828
-2988
-3900
-4007
-3352
-2626
-2468
-2731
-2727
-1622
484
2051
1941
768
261
1384
3342
5171
6445
6641
5607
4153
3730
4775
5976
6212
5581
4599
3583
2706
2331
2360
2051
1164
159
-472
-669
-672
-782
-1488
-2810
-3826
-3742
-2930
-2417
-2512
-2847
-3395
-4088
-4206
-3141
-1541
-739
-994
-1467
-1577
-1346
-851
-56
714
1004
920
869
878
701
358
123
101
206
408
574
342
-412
-1371
-2100
-2366
-2178
-1642
-1257
-1669
-2779
-3843
-4150
-3723
-3058
-2484
-2418
-2920
-3173
-2055
407
2415
2381
1062
449
1494
3408
5058
6173
6465
5678
4411
3915
4805
5995
6136
5208
3986
3092
2620
2520
2578
2160
985
-352
-1042
-928
-650
-832
-1644
-2822
-3702
-3728
-3034
-2372
-2322
-2796
-3399
-3755
-3519
-2596
-1441
-787
-827
-1121
-1198
-911
-341
351
868
1031
1039
1134
1241
1097
736
416
225
143
204
345
207
-491
-1443
-2100
-2297
-2275
-2250
-2272
-2505
-3038
-3605
-3785
-3545
-3242
-3121
-3116
-3130
-2937
-1990
-66
1995
2739
1899
890
1194
2815
4630
5905
6479
6261
5396
4617
4748
5532
5871
5235
4157
3404
3137
3025
2722
1958
746
-422
-969
-862
-649
-869
-1667
-2802
-3738
-3932
-3383
-2763
-2710
-3145
-3555
-3624
-3330
-2729
-1933
-1261
-977
-993
-978
-688
-185
287
524
621
851
1250
1522
1385
957
520
162
-66
-22
270
318
-270
-1174
-1781
-1997
-2246
-2621
-2787
-2702
-2721
-2987
-3211
-3276
-3424
-3657
-3627
-3212
-2655
-1737
-16
2084
3075
2271
1103
1283
2858
4511
5622
6462
6812
6214
5105
4725
5296
5645
5036
4104
3709
3661
3292
2466
1479
485
-438
-1024
-1110
-906
-948
-1617
-2836
-3993
-4348
-3843
-3149
-2911
-3092
-3328
-3484
-3451
-2991
-2078
-1208
-840
-839
-742
-385
19
288
431
600
915
1322
1597
1537
1140
532
-92
-414
-223
207
249
-333
-1133
-1764
-2321
-2922
-3248
-3011
-2585
-2557
-2932
-3251
-3370
-3499
-3621
-3453
-2988
-2431
-1445
419
2603
3519
2610
1402
1625
3260
4937
6043
6793
7004
6324
5262
4939
5394
5527
4868
4038
3615
3354
2866
2226
1398
227
-1016
-1714
-1628
-1266
-1252
-1861
-3020
-4207
-4729
-4324
-3501
-2966
-2882
-3048
-3266
-3297
-2880
-2028
-1191
-741
-559
-365
-52
272
472
504
480
704
1264
1817
1918
1436
605
-263
-790
-686
-176
72
-361
-1197
-2020
-2792
-3473
-3689
-3240
-2638
-2575
-3000
-3346
-3370
-3320
-3351
-3223
-2852
-2244
-1075
943
3179
4092
3222
2022
2151
3628
5187
6287
7085
7350
6690
5560
5077
5354
5442
4834
3908
3186
2690
2302
1919
1145
-147
-1472
-2203
-2229
-1946
-1705
-1931
-2969
-4379
-5103
-4604
-3531
-2796
-2563
-2607
-2792
-2906
-2539
-1588
-596
-90
12
103
369
673
830
777
639
716
1094
1521
1633
1231
385
-681
-1445
-1473
-976
-661
-995
-1748
-2584
-3423
-4075
-4156
-3572
-2909
-2799
-3120
-3309
-3105
-2819
-2689
-2519
-2140
-1724
-1376
-438
1679
4198
5373
4577
3266
3079
4133
5476
6631
7509
7665
6840
5625
4981
4975
4883
4250
3183
2122
1476
1337
1249
538
-792
-2097
-2884
-3085
-2796
-2253
-2099
-2819
-3911
-4445
-4100
-3345
-2624
-2022
-1710
-1759
-1817
-1430
-636
74
444
589
645
682
755
906
1023
956
783
663
656
628
355
-237
-1005
-1668
-2087
-2323
-2444
-2460
-2504
-2869
-3594
-4231
-4308
-3891
-3443
-3177
-2916
-2562
-2315
-2217
-1970
-1415
-885
-761
-833
-444
805
2717
4681
5863
5724
4551
3472
3622
4922
6374
7069
6857
6233
5493
4846
4291
3687
2989
2117
1325
844
680
701
375
-549
-1828
-2888
-3144
-2794
-2279
-1960
-2089
-2528
-3051
-3190
-2730
-2066
-1583
-1467
-1455
-1211
-741
-107
444
718
669
330
25
57
465
895
858
388
-101
-351
-497
-789
-1236
-1835
-2610
-3318
-3475
-2990
-2469
-2552
-3173
-3764
-3984
-3838
-3355
-2573
-1815
-1431
-1324
-1079
-577
-210
-148
-117
238
822
1240
1471
1779
2378
3164
3778
4073
4040
3748
3460
3346
3600
4098
4461
4514
4133
3501
2843
2267
1948
1789
1670
1471
1040
533
130
-61
-78
-228
-584
-1043
-1435
-1530
-1329
-861
-296
16
-86
-560
-1024
-1080
-732
-217
110
46
-324
-802
-1092
-1119
-1104
-1229
-1503
-1751
-1885
-1957
-1928
-1835
-1875
-2229
-2761
-3034
-2882
-2565
-2388
-2372
-2352
-2257
-2125
-1921
-1661
-1496
-1530
-1623
-1462
-931
-263
232
410
355
256
291
582
1083
1565
1786
1708
1523
1433
1494
1642
1766
1781
1702
1664
1806
2068
2213
2102
1847
1675
1699
1884
2119
2293
2314
2171
1991
1925
2016
2154
2197
2084
1859
1623
1483
1477
1520
1450
1155
727
370
224
230
193
-14
-387
-810
-1155
-1350
-1422
-1470
-1614
-1905
-2283
-2593
-2705
-2654
-2631
-2803
-3134
-3403
-3429
-3223
-2941
-2709
-2548
-2444
-2424
-2525
-2697
-2756
-2517
-1970
-1300
-761
-492
-460
-541
-619
-611
-433
-27
532
1010
1167
1014
822
857
1104
1319
1342
1242
1210
1334
1552
1752
1851
1816
1686
1574
1587
1721
1887
2019
2114
2150
2059
1844
1637
1586
1701
1846
1923
1967
2021
2056
2009
1855
1643
1442
1276
1132
992
875
798
742
663
501
220
-161
-589
-984
-1283
-1469
-1551
-1582
-1655
-1867
-2229
-2601
-2806
-2819
-2780
-2828
-2946
-3004
-2914
-2683
-2377
-2095
-1947
-1998
-2154
-2199
-1988
-1584
-1181
-908
-782
-753
-765
-742
-619
-422
-211
20
344
728
1008
1056
948
900
991
1148
1254
1295
1321
1373
1510
1720
1868
1802
1543
1342
1417
1702
1941
1992
1940
1944
2003
1987
1803
1506
1278
1246
1343
1342
1055
566
158
42
168
288
211
-151
-707
-1231
-1524
-1559
-1553
-1738
-2077
-2266
-1978
-1162
-110
722
971
628
22
-415
-424
-93
325
591
619
460
241
58
-88
-297
-685
-1236
-1794
-2182
-2316
-2227
-1988
-1706
-1517
-1543
-1801
-2164
-2435
-2447
-2142
-1585
-938
-374
24
280
447
565
690
872
1107
1346
1565
1791
2044
2284
2444
2485
2395
2171
1905
1761
1831
1988
2013
1824
1502
1139
779
476
314
271
213
63
-110
-224
-310
-419
-526
-588
-649
-761
-846
-815
-735
-786
-1029
-1319
-1508
-1544
-1469
-1326
-1227
-1312
-1582
-1852
-1942
-1905
-1937
-2107
-2242
-2080
-1447
-319
1117
2436
3155
3084
2519
1951
1677
1682
1816
1957
1999
1891
1705
1547
1379
1016
349
-519
-1378
-2065
-2483
-2544
-2259
-1783
-1309
-954
-792
-898
-1237
-1567
-1569
-1133
-420
305
867
1223
1443
1690
2071
2502
2762
2735
2517
2274
2095
1986
1907
1781
1516
1133
763
502
290
-2
-429
-997
-1707
-2463
-3012
-3104
-2742
-2193
-1771
-1623
-1730
-1943
-2042
-1885
-1536
-1216
-1057
-978
-848
-650
-446
-274
-140
-120
-293
-602
-890
-1070
-1202
-1353
-1470
-1493
-1450
-1409
-1294
-884
8
1346
2867
4160
4805
4666
4003
3348
3061
3060
3063
2866
2498
2099
1795
1655
1610
1441
908
5
-1012
-1847
-2320
-2399
-2175
-1817
-1535
-1378
-1209
-883
-414
13
212
139
-98
-286
-209
194
797
1401
1883
2198
2298
2160
1816
1349
790
142
-513
-1016
-1267
-1317
-1281
-1249
-1309
-1556
-2022
-2618
-3201
-3672
-3942
-3912
-3534
-2904
-2207
-1578
-1065
-667
-381
-171
-8
67
10
-141
-226
-110
171
475
638
603
385
86
-178
-355
-520
-797
-1178
-1531
-1681
-1522
-959
113
1682
3494
5107
6116
6376
5992
5263
4495
3851
3351
2937
2623
2430
2310
2164
1939
1639
1232
631
-216
-1225
-2188
-2905
-3251
-3230
-2951
-2561
-2139
-1673
-1151
-665
-358
-313
-496
-791
-1031
-1050
-803
-386
35
383
698
1022
1275
1299
955
243
-701
-1635
-2284
-2498
-2343
-2039
-1810
-1758
-1876
-2096
-2342
-2552
-2701
-2789
-2790
-2627
-2216
-1596
-906
-278
240
686
1073
1358
1476
1378
1086
686
333
143
150
282
453
592
618
475
183
-161
-478
-759
-1033
-1251
-1225
-681
570
2430
4457
6081
6956
7127
6893
6483
5899
5037
3893
2657
1627
1007
789
777
755
603
284
-224
-937
-1810
-2739
-3595
-4258
-4640
-4683
-4374
-3780
-3021
-2231
-1543
-1032
-697
-501
-441
-547
-784
-1030
-1107
-931
-533
-9
506
888
1017
852
405
-245
-973
-1622
-2063
-2275
-2344
-2343
-2275
-2099
-1831
-1566
-1402
-1364
-1388
-1379
-1258
-987
-575
-64
492
1059
1602
2069
2407
2582
2583
2395
2011
1486
959
579
397
359
369
361
300
176
-3
-203
-409
-637
-878
-1015
-817
-65
1267
2918
4447
5503
6007
6132
6067
5831
5294
4357
3088
1705
458
-475
-1029
-1237
-1228
-1213
-1382
-1825
-2471
-3148
-3727
-4179
-4536
-4791
-4879
-4738
-4361
-3775
-3006
-2091
-1121
-272
247
350
141
-140
-275
-207
-14
196
374
525
649
720
694
543
258
-165
-692
-1218
-1588
-1699
-1562
-1315
-1111
-1006
-921
-731
-365
125
598
924
1057
1068
1099
1279
1651
2150
2629
2919
2930
2669
2235
1729
1231
785
387
25
-315
-621
-877
-1076
-1224
-1329
-1399
-1459
-1547
-1702
-1863
-1821
-1312
-190
1404
3084
4440
5280
5670
5778
5685
5334
4622
3539
2225
890
-257
-1095
-1612
-1896
-2103
-2363
-2730
-3165
-3573
-3892
-4140
-4378
-4644
-4889
-4984
-4791
-4246
-3385
-2326
-1237
-287
411
841
1085
1259
1432
1598
1699
1701
1627
1550
1544
1627
1735
1747
1568
1171
638
105
-300
-538
-659
-745
-857
-955
-943
-735
-331
139
505
661
641
586
627
799
1028
1210
1290
1279
1242
1207
1136
953
610
140
-370
-820
-1160
-1395
-1528
-1577
-1554
-1511
-1497
-1516
-1551
-1602
-1712
-1860
-1876
-1463
-443
1034
2578
3796
4562
4999
5259
5368
5215
4694
3805
2613
1218
-222
-1493
-2358
-2742
-2803
-2823
-2995
-3284
-3517
-3565
-3480
-3391
-3348
-3297
-3128
-2794
-2283
-1562
-636
394
1329
2008
2407
2641
2826
2973
3018
2913
2688
2407
2122
1854
1608
1374
1099
685
75
-668
-1348
-1793
-1976
-2015
-2058
-2148
-2210
-2123
-1844
-1422
-955
-535
-213
10
187
390
679
1044
1391
1595
1585
1394
1138
912
714
450
35
-515
-1074
-1506
-1746
-1818
-1801
-1783
-1828
-1957
-2126
-2231
-2194
-2028
-1861
-1793
-1745
-1429
-583
798
2404
3832
4849
5472
5824
5979
5904
5519
4782
3694
2358
973
-186
-915
-1239
-1388
-1623
-1997
-2374
-2570
-2518
-2311
-2089
-1952
-1897
-1859
-1738
-1437
-914
-240
418
889
1120
1204
1285
1434
1607
1700
1643
1448
1180
900
631
358
43
-362
-879
-1468
-2003
-2355
-2465
-2368
-2164
-1928
-1689
-1443
-1189
-945
-714
-493
-278
-64
163
416
690
951
1137
1202
1123
913
605
237
-163
-585
-1030
-1482
-1911
-2247
-2435
-2460
-2368
-2249
-2170
-2124
-2035
-1836
-1509
-1093
-659
-255
92
419
834
1504
2525
3808
5095
6126
6781
7121
7254
7223
6989
6464
5585
4361
2905
1407
54
-1060
-1960
-2730
-3412
-3973
-4327
-4420
-4266
-3942
-3549
-3156
-2779
-2413
-2045
-1668
-1275
-855
-413
34
456
840
1182
1487
1770
2003
2135
2091
1842
1414
870
278
-335
-949
-1549
-2102
-2551
-2839
-2917
-2795
-2572
-2382
-2294
-2251
-2125
-1844
-1459
-1103
-859
-697
-514
-232
146
538
845
977
905
679
395
139
-54
-189
-307
-426
-547
-617
-587
-463
-306
-194
-120
-24
175
487
846
1179
1465
1720
1940
2089
2154
2188
2338
2715
3304
3931
4423
4709
4820
4820
4717
4491
4089
3425
2417
1073
-428
-1811
-2863
-3544
-3953
-4205
-4349
-4346
-4135
-3688
-3060
-2388
-1832
-1473
-1268
-1106
-887
-601
-291
-11
201
351
477
617
770
877
836
602
232
-163
-503
-812
-1159
-1595
-2087
-2555
-2919
-3117
-3114
-2910
-2568
-2188
-1833
-1477
-1054
-561
-78
309
600
875
1196
1533
1797
1942
1979
1940
1825
1628
1393
1187
1033
875
649
362
98
-75
-165
-223
-296
-364
-393
-362
-257
-66
210
543
874
1147
1337
1463
1533
1532
1436
1267
1133
1160
1427
1893
2416
2875
3204
3395
3475
3451
3309
2977
2365
1451
326
-825
-1833
-2629
-3251
-3754
-4153
-4413
-4467
-4278
-3869
-3327
-2781
-2326
-1969
-1666
-1358
-1039
-753
-540
-418
-351
-289
-181
4
260
545
797
969
1048
1044
960
796
540
184
-229
-636
-950
-1101
-1072
-900
-667
-447
-273
-141
-24
98
211
285
287
212
98
6
-20
27
107
165
161
102
36
13
47
122
193
228
204
142
92
95
175
322
500
693
887
1067
1235
1386
1524
1645
1713
1685
1516
1190
736
236
-189
-407
-365
-85
341
801
1248
1649
2002
2284
2426
2348
1970
1290
387
-593
-1520
-2309
-2940
-3408
-3686
-3732
-3502
-3004
-2315
-1578
-923
-433
-112
103
260
399
526
609
652
665
691
776
931
1132
1319
1423
1400
1238
977
657
304
-85
-514
-979
-1441
-1840
-2114
-2217
-2175
-2038
-1878
-1732
-1589
-1422
-1215
-980
-749
-552
-385
-217
-12
248
547
828
1045
1177
1244
1281
1298
1281
1204
1048
828
576
334
125
-51
-200
-317
-375
-345
-218
-25
171
297
325
267
167
71
-22
-151
-345
-595
-808
-853
-623
-100
626
1404
2126
2750
3279
3728
4056
4180
3989
3436
2584
1575
570
-306
-1016
-1587
-2055
-2414
-2622
-2640
-2452
-2111
-1698
-1309
-1003
-801
-682
-610
-558
-515
-475
-429
-365
-273
-154
-12
129
246
326
356
338
273
141
-79
-395
-787
-1202
-1571
-1833
-1960
-1963
-1891
-1796
-1696
-1580
-1420
-1199
-939
-684
-477
-332
-218
-85
97
323
558
754
885
944
953
917
836
698
504
282
95
6
47
196
393
565
685
773
874
1015
1173
1300
1337
1281
1172
1065
1001
955
869
686
400
73
-183
-260
-107
250
726
1228
1718
2188
2634
3031
3301
3357
3121
2591
1842
982
125
-673
-1400
-2055
-2611
-3002
-3160
-3049
-2702
-2216
-1720
-1311
-1023
-834
-698
-590
-521
-524
-625
-807
-1006
-1139
-1151
-1048
-879
-718
-612
-563
-540
-523
-526
-587
-750
-1007
-1322
-1622
-1853
-1986
-2022
-1979
-1849
-1621
-1279
-842
-374
58
393
622
785
939
1115
1298
1447
1514
1497
1434
1388
1398
1457
1520
1531
1477
1381
1298
1271
1297
1334
1329
1257
1128
982
860
775
701
606
465
288
111
-17
-87
-116
-151
-231
-372
-539
-655
-645
-453
-75
438
1016
1601
2163
2676
3110
3405
3486
3285
2780
2012
1079
99
-829
-1655
-2361
-2950
-3402
-3684
-3768
-3654
-3384
-3044
-2723
-2484
-2325
-2209
-2098
-1964
-1825
-1698
-1587
-1473
-1300
-1025
-645
-200
237
605
864
1016
1085
1091
1030
881
634
313
-24
-314
-506
-586
-579
-532
-470
-397
-295
-142
53
259
434
565
659
748
852
973
1108
1228
1332
1429
1524
1627
1730
1818
1871
1880
1846
1747
1577
1319
988
617
258
-43
-273
-442
-574
-678
-741
-755
-721
-665
-615
-600
-619
-661
-717
-790
-885
-977
-1002
-871
-541
-26
579
1180
1714
2150
2502
2764
2889
2799
2433
1791
958
57
-803
-1564
-2225
-2792
-3252
-3560
-3660
-3538
-3222
-2803
-2366
-1960
-1580
-1211
-851
-526
-275
-121
-32
49
188
413
706
1022
1303
1531
1696
1801
1828
1744
1520
1136
627
59
-483
-938
-1285
-1514
-1632
-1645
-1546
-1336
-1036
-692
-351
-49
202
430
654
885
1106
1305
1470
1602
1716
1811
1873
1868
1770
1573
1297
982
656
337
18
-306
-633
-939
-1188
-1354
-1434
-1444
-1406
-1336
-1233
-1096
-916
-706
-487
-281
-113
4
64
71
42
15
36
153
385
726
1140
1589
2044
2467
2831
3075
3136
2955
2510
1850
1051
195
-657
-1468
-2202
-2817
-3251
-3452
-3401
-3136
-2735
-2281
-1836
-1412
-1001
-591
-203
116
341
469
538
609
714
864
1031
1169
1249
1259
1207
1110
957
730
407
-15
-503
-1004
-1450
-1785
-1983
-2034
-1946
-1738
-1433
-1045
-609
-169
235
571
818
979
1073
1135
1189
1250
1311
1358
1372
1342
1264
1141
979
775
524
225
-109
-453
-774
-1039
-1237
-1359
-1411
-1390
-1296
-1133
-909
-649
-371
-96
164
399
607
778
904
982
1011
992
924
802
645
473
335
270
305
441
648
898
1162
1423
1657
1827
1886
1788
1498
1026
419
-259
-933
-1548
-2063
-2450
-2681
-2731
-2590
-2267
-1810
-1290
-792
-376
-68
136
258
307
283
188
35
-136
-276
-342
-320
-232
-123
-32
23
42
42
19
-43
-169
-357
-572
-766
-878
-886
-788
-625
-431
-238
-54
137
324
496
634
719
758
768
779
809
855
898
914
892
819
711
577
430
286
140
-1
-134
-246
-325
-356
-332
-254
-135
4
145
273
375
459
519
558
569
549
489
382
236
57
-128
-315
-493
-660
-812
-933
-999
-968
-806
-509
-100
361
819
1220
1540
1768
1892
1903
1785
1527
1141
671
180
-274
-656
-969
-1232
-1458
-1642
-1758
-1790
-1738
-1630
-1502
-1385
-1280
-1168
-1035
-873
-698
-535
-399
-281
-148
25
242
468
655
772
822
835
833
824
785
686
512
292
87
-52
-105
-99
-79
-80
-102
-112
-79
5
111
189
217
194
163
168
228
319
400
437
415
360
307
274
251
213
139
35
-70
-130
-133
-84
-15
44
74
76
57
19
-42
-143
-285
-447
-594
-683
-690
-621
-505
-377
-263
-167
-92
-44
-35
-92
-210
-362
-489
-523
-422
-183
149
512
872
1214
1536
1822
2024
2084
1956
1638
1186
676
176
-282
-702
-1092
-1441
-1706
-1831
-1782
-1573
-1263
-921
-605
-327
-75
166
381
533
578
505
352
187
73
41
76
135
188
229
274
339
409
453
418
282
55
-212
-462
-655
-784
-858
-889
-879
-814
-688
-504
-293
-91
66
163
215
233
233
223
202
182
171
179
214
268
325
367
379
357
302
224
130
26
-77
-165
-227
-256
-256
-237
-219
-214
-229
-258
-287
-298
-281
-235
-169
-98
-32
23
67
100
110
88
24
-71
-164
-212
-167
0
274
614
964
1290
1576
1823
2022
2140
2132
1960
1623
1156
635
136
-295
-652
-956
-1210
-1402
-1494
-1455
-1301
-1075
-856
-702
-623
-593
-560
-499
-413
-340
-306
-317
-346
-346
-293
-185
-62
39
94
111
114
115
109
73
-15
-161
-335
-505
-625
-683
-686
-657
-618
-574
-510
-417
-305
-192
-102
-44
-11
29
100
216
363
505
624
708
766
804
825
816
759
644
478
289
120
-5
-75
-112
-135
-151
-158
-141
-96
-47
-7
-6
-42
-96
-142
-145
-93
-2
97
177
228
274
327
392
452
466
430
356
293
290
365
505
666
814
936
1040
1141
1224
1262
1204
1021
726
355
-25
-379
-687
-958
-1195
-1384
-1505
-1536
-1471
-1337
-1180
-1040
-947
-884
-819
-743
-654
-566
-495
-437
-373
-292
-181
-59
54
134
163
156
116
61
-9
-107
-235
-386
-542
-666
-737
-752
-715
-637
-520
-368
-196
-12
153
282
364
402
405
391
382
378
389
419
469
542
625
709
779
818
821
781
703
601
485
371
271
180
109
64
50
71
112
158
204
238
262
278
286
294
307
328
352
373
389
401
398
375
321
232
117
-8
-116
-185
-201
-157
-60
73
231
401
561
691
758
743
629
431
165
-135
-437
-724
-968
-1166
-1299
-1362
-1356
-1280
-1159
-1015
-862
-707
-565
-445
-336
-257
-205
-184
-200
-230
-268
-302
-328
-354
-373
-378
-368
-334
-292
-256
-231
-227
-235
-253
-278
-298
-311
-311
-294
-256
-188
-94
21
141
259
367
462
543
603
639
655
650
626
590
548
515
491
472
458
443
430
422
404
383
348
303
260
216
182
161
152
163
190
220
257
282
304
321
328
326
311
288
257
218
172
113
37
-48
-139
-232
-318
-391
-433
-438
-401
-316
-189
-35
135
300
443
547
598
589
523
396
227
26
-181
-370
-535
-657
-742
-784
-783
-753
-698
-638
-583
-534
-498
-476
-463
-460
-459
-453
-446
-431
-421
-410
-396
-385
-372
-366
-366
-365
-362
-356
-340
-313
-271
-217
-152
-75
15
114
219
322
421
507
579
631
665
680
673
653
619
580
542
511
489
474
459
444
432
417
406
387
365
343
322
308
297
290
291
292
295
294
280
256
226
188
136
94
57
28
12
4
13
36
63
96
129
159
181
189
180
153
111
55
-11
-78
-144
-199
-243
-276
-295
-305
-302
-293
-291
-291
-295
-304
-310
-330
-354
-376
-399
-398
-394
-388
-367
-342
-300
-252
-212
-174
-145
-125
-109
-111
-124
-138
-155
-167
-181
-199
-214
-228
-237
-245
-259
-273
-282
-285
-275
-250
-207
-147
-70
19
117
220
319
411
481
526
555
555
529
478
403
325
245
168
100
45
10
-4
-2
11
35
62
86
102
111
110
97
80
60
40
29
27
38
60
90
131
169
205
241
265
276
269
241
203
150
92
30
-28
-80
-121
-155
-176
-191
-206
-222
-245
-273
-311
-346
-383
-413
-426
-419
-380
-318
-237
-138
-30
76
171
245
295
316
315
290
251
204
154
110
70
40
20
5
-9
-24
-46
-72
-109
-152
-204
-252
-298
-341
-369
-389
-388
-374
-348
-305
-254
-189
-120
-47
28
99
165
217
262
291
303
298
271
234
190
142
98
58
27
5
-5
-5
7
25
45
67
81
93
104
112
114
118
121
126
128
127
126
120
108
93
76
61
48
39
34
33
36
37
38
29
17
-1
-26
-55
-86
-114
-135
-146
-147
-139
-121
-102
-84
-68
-56
-54
-59
-74
-96
-119
-143
-158
-170
-170
-157
-134
-99
-57
-10
39
87
132
170
205
228
242
249
252
239
216
182
138
91
38
-19
-72
-120
-162
-195
-214
-224
-228
-226
-222
-213
-200
-189
-178
-172
-162
-147
-127
-103
-71
-34
9
53
97
138
177
208
228
234
229
217
191
159
123
85
51
16
-11
-34
-52
-63
-72
-75
-81
-84
-89
-102
-112
-119
-126
-125
-118
-97
-60
-12
46
106
167
218
254
271
267
248
213
162
108
56
11
-20
-36
-37
-25
-5
16
29
34
21
-11
-56
-113
-172
-231
-278
-312
-320
-302
-260
-197
-122
-39
42
115
177
223
254
269
268
260
246
231
210
180
149
113
66
16
-34
-85
-132
-170
-204
-222
-228
-220
-203
-181
-154
-126
-101
-85
-70
-57
-41
-22
2
30
65
98
125
142
146
134
104
65
14
-39
-90
-137
-170
-185
-183
-166
-135
-97
-50
-6
31
58
69
63
45
17
-16
-49
-70
-79
-71
-45
-6
48
109
170
227
271
298
310
307
289
254
204
149
92
34
-18
-64
-96
-119
-129
-131
-126
-115
-108
-102
-103
-112
-123
-134
-146
-148
-139
-114
-73
-18
50
122
190
245
286
302
289
249
183
106
16
-74
-154
-214
-256
-275
-273
-253
-219
-178
-133
-94
-56
-25
3
23
44
61
79
94
110
128
143
155
160
160
153
135
112
80
42
0
-47
-94
-140
-179
-211
-234
-245
-246
-230
-203
-169
-128
-85
-42
-5
22
40
46
43
37
29
23
21
28
38
56
77
100
121
136
148
152
151
145
134
117
102
84
66
52
36
26
14
5
-4
-17
-27
-41
-56
-73
-90
-102
-116
-125
-121
-109
-87
-62
-30
1
32
61
83
99
106
109
100
88
71
54
38
17
-2
-20
-32
-38
-44
-50
-54
-60
-64
-67
-71
-71
-69
-63
-52
-34
-11
18
47
73
94
106
107
98
84
62
37
9
-20
-46
-64
-75
-78
-75
-72
-65
-57
-53
-51
-54
-59
-67
-75
-80
-82
-79
-70
-59
-39
-17
9
35
58
77
93
101
101
96
86
69
49
28
6
-14
-28
-39
-46
-43
-38
-24
-9
7
29
49
70
83
95
100
101
94
79
62
43
22
1
-18
-32
-41
-49
-51
-49
-43
-33
-28
-22
-17
-14
-13
-12
-14
-16
-19
-22
-21
-18
-15
-8
-1
4
11
18
21
21
22
21
18
11
5
-4
-12
-17
-23
-28
-27
-28
-26
-22
-19
-18
-19
-21
-23
-25
-26
-22
-20
-17
-14
-8
-3
3
7
10
9
7
4
2
-1
-1
1
2
7
13
18
21
27
29
32
29
25
19
12
5
-1
-7
-12
-17
-19
-19
-14
-7
-2
4
9
14
18
21
23
26
27
28
27
24
25
21
17
14
7
1
-5
-10
-17
-18
-21
-23
-24
-21
-15
-11
-7
-5
-2
-1
-2
-2
-4
-7
-8
-11
-10
-11
-12
-12
-13
-12
-10
-8
-6
-5
-5
-7
-9
-12
-16
-17
-18
-20
-20
-16
-14
-9
-2
6
16
22
27
29
29
28
27
23
19
14
10
6
4
2
0
-1
-2
-2
-3
-4
-4
-4
-2
-2
0
0
3
3
4
8
10
11
11
10
9
9
9
9
12
12
12
11
9
7
3
1
-5
-8
-11
-14
-16
-16
-18
-19
-19
-19
-17
-14
-11
-9
-10
-9
-8
-8
-4
0
3
3
6
8
9
9
8
6
1
-3
-8
-11
-15
-16
-17
-18
-18
-15
-12
-9
-5
-3
1
4
4
4
4
6
7
7
7
7
7
7
8
9
9
9
11
15
16
18
16
15
13
10
7
3
0
-2
-5
-5
-5
-5
-2
1
4
9
12
11
11
9
7
6
4
2
-1
-5
-6
-4
-4
-5
-5
-6
-5
-7
-8
-6
-7
-8
-10
-8
-8
-8
-8
-8
-6
-6
-6
-7
-7
-7
-6
-5
-5
-4
-5
-4
-3
-2
0
-1
0
0
0
-1
-2
-3
-4
-5
-5
-4
-3
0
-1
-1
-1
1
-1
1
2
2
6
5
5
6
6
7
9
10
11
14
13
14
15
12
12
10
9
8
6
6
4
3
2
3
2
2
0
-1
1
0
-2
-1
-3
-3
-4
-4
-4
-3
-3
-4
-6
-5
-3
-5
-5
-3
-3
-4
-4
-5
-8
-7
-6
-4
-3
-4
-2
-2
0
2
2
3
1
1
3
1
0
-1
-3
-5
-7
-6
-7
-7
-7
-7
-9
-11
-9
-7
-6
-4
-3
0
-1
2
2
4
6
6
5
6
8
7
9
9
9
7
7
6
5
3
5
3
2
3
3
3
3
4
6
6
7
6
7
6
6
6
4
3
0
0
1
2
-1
-5
-6
-6
-7
-7
-6
-5
-6
-5
-4
-6
-5
-5
-6
-6
-6
-6
-5
-4
-3
-2
-1
-2
-1
-2
-1
1
2
2
3
1
1
2
4
4
7
7
6
6
6
8
8
7
2
-1
-3
-4
-5
-6
-8
-8
-7
-6
-6
-6
-6
-5
-3
0
1
0
0
-1
-1
0
1
-1
0
0
2
2
2
3
3
3
1
2
2
2
2
3
3
2
2
2
0
1
2
4
1
1
1
3
4
4
4
3
1
1
2
1
1
1
-1
-3
-3
-3
-5
-4
-3
-1
0
0
0
0
0
2
2
3
2
2
4
2
4
4
4
3
2
2
3
3
3
1
0
0
-1
0
-1
-2
-2
-2
-1
-2
-3
-6
-7
-9
-10
-11
-10
-10
-7
-5
-6
-5
-4
-4
-3
-3
-2
-3
-3
-2
-2
-2
-1
-1
-2
-3
-1
2
4
4
5
5
7
7
7
9
9
9
8
10
10
8
7
6
7
7
5
4
3
3
3
3
3
2
1
0
1
0
0
1
1
-1
-1
-3
-1
-1
-2
-1
0
-2
-4
-3
-3
-4
-3
-4
-5
-7
-6
-5
-4
-5
-6
-7
-8
-5
-6
-6
-6
-5
-3
-2
2
0
-1
-2
1
3
2
2
3
1
1
1
1
0
-2
-2
-1
-1
0
0
0
0
-1
-1
1
1
1
0
1
1
2
2
3
3
4
5
5
8
8
8
8
7
8
7
8
6
4
3
3
2
1
2
2
3
3
3
0
0
0
0
0
0
-2
-1
-1
0
1
-1
-2
-1
-3
-2
0
0
0
-2
-3
-3
-2
0
-1
-3
-3
-2
-6
-5
-6
-8
-8
-10
-10
-11
-12
-12
-12
-12
-11
-7
-5
-4
-2
-1
0
2
2
2
4
3
2
4
4
6
5
4
3
4
5
6
5
4
2
2
2
3
2
3
4
4
5
7
7
8
8
12
12
11
10
8
8
6
4
3
2
-1
-3
-3
-3
-2
-2
-2
-4
-2
-1
0
-1
-4
-2
0
-1
-2
-1
-1
0
-1
1
1
-2
-2
-1
-4
-3
-3
-3
-4
-4
-4
-3
-7
-10
-11
-12
-12
-12
-10
-10
-9
-8
-6
-5
-5
-6
-4
-5
-1
0
1
0
0
3
6
5
4
3
2
3
3
3
4
4
4
4
5
4
3
4
5
4
4
6
7
6
5
6
6
8
7
8
7
7
8
8
6
4
3
3
3
5
3
3
2
1
0
-1
-3
-6
-7
-8
-9
-9
-9
-9
-7
-7
-8
-7
-6
-6
-3
-4
-4
-4
-3
-1
-1
1
1
1
1
2
2
0
-1
0
0
-2
-3
-2
-3
-4
-5
-5
-4
-3
-2
-3
-3
-3
-3
-1
-1
-1
0
-1
1
2
3
2
2
3
4
3
3
4
4
4
4
6
4
4
3
2
2
3
3
2
2
3
5
4
2
2
1
0
0
0
0
0
1
3
2
3
3
2
2
4
5
5
3
4
4
4
2
1
-2
-4
-5
-4
-4
-6
-7
-8
-8
-6
-7
-7
-8
-7
-6
-2
-2
-1
0
-1
0
0
0
-1
-2
-2
-1
-1
-1
-1
-2
-1
-2
-1
0
-3
-2
-2
-2
-2
-3
-3
-3
-1
-1
0
0
1
1
3
5
6
7
5
4
5
7
8
6
5
6
6
6
6
5
2
1
-1
-3
-3
-4
-5
-5
-4
-5
-6
-7
-7
-6
-6
-6
-3
-1
0
2
5
3
5
6
5
5
7
7
7
8
7
8
5
3
2
1
0
0
-2
-2
-5
-5
-4
-3
-3
-4
-2
0
1
1
0
-1
0
0
-1
-2
-4
-4
-4
-4
-1
-2
-4
-3
-3
-4
-2
-5
-6
-5
-4
-5
-4
-6
-6
-5
-4
-3
-3
-1
0
1
2
3
4
3
4
3
5
7
8
6
7
7
7
7
8
7
5
5
3
2
2
0
-2
-3
-3
-3
-4
-4
-2
-3
-2
-3
-2
-1
0
1
2
5
3
4
5
7
7
6
6
4
6
4
3
2
1
-1
-3
-4
-5
-7
-8
-9
-9
-9
-7
-6
-7
-6
-6
-4
-2
-2
-1
0
3
3
4
3
2
0
1
0
0
-2
-3
-5
-6
-7
-8
-8
-9
-9
-8
-7
-4
-2
-1
0
0
0
2
5
7
9
9
11
13
14
13
11
10
10
10
9
7
7
6
8
6
5
3
3
1
0
0
-2
-3
-4
-6
-8
-6
-5
-4
-3
-3
-4
-3
-4
-2
-3
-3
-2
-3
-4
-4
-4
-2
-3
-5
-4
-4
-2
-4
-4
-5
-7
-6
-6
-4
-5
-4
-4
-3
-4
-2
-4
-6
-5
-5
-3
0
2
2
5
6
7
9
8
8
10
10
12
9
5
4
4
3
2
2
2
0
0
0
-1
-3
-4
-2
-2
1
2
4
5
6
6
7
5
4
3
5
6
5
3
2
2
2
1
-2
-3
-3
-5
-5
-5
-5
-6
-7
-7
-4
-3
-4
-3
-3
-3
-2
-3
-5
-6
-4
-5
-2
-1
-2
-1
0
-1
-2
-2
-2
-2
-1
-2
-2
-2
-4
-4
-5
-4
-5
-4
-2
-1
-1
0
0
3
4
4
5
5
6
5
4
3
1
1
3
3
5
5
4
5
6
5
4
4
3
3
3
4
4
5
3
4
5
3
2
2
2
1
2
2
1
1
1
0
-1
-1
1
0
-1
-3
-4
-3
-3
-2
-3
-5
-7
-7
-5
-4
-5
-5
-6
-7
-3
-2
-2
-1
-1
-2
-4
-4
-4
-5
-5
-5
-3
-3
-1
-1
-1
1
0
2
2
1
0
0
2
3
2
2
2
3
2
1
0
-1
3
4
4
3
3
4
6
6
6
5
4
4
4
3
2
0
-1
-1
0
1
1
2
2
1
1
0
0
1
1
2
2
2
3
0
2
2
0
-1
-4
-5
-7
-10
-8
-5
-3
-4
-5
-5
-5
-5
-5
-5
-4
-4
-3
-3
1
4
3
4
3
3
1
0
3
2
3
2
3
2
1
0
-2
-1
-3
-3
-3
-3
-2
-2
0
0
0
3
4
5
6
6
8
8
6
6
5
5
5
3
2
1
2
0
-1
-3
-6
-7
-7
-9
-8
-8
-7
-7
-7
-6
-5
-5
-6
-4
-2
0
0
2
3
2
2
3
3
3
1
0
1
0
-1
0
1
1
2
2
1
1
0
0
2
3
1
0
0
2
3
6
6
4
5
6
6
6
4
5
5
5
7
5
4
5
2
1
1
-1
-1
-1
-1
-2
-2
-4
-5
-4
-5
-7
-6
-8
-7
-7
-7
-6
-6
-6
-6
-5
-3
-2
0
-2
-1
-1
0
-1
-2
-2
-2
-2
-3
-2
-2
-1
0
-1
-1
-2
-2
0
1
1
3
2
3
4
5
6
5
5
3
5
4
5
5
6
6
4
4
3
2
3
2
2
1
1
1
1
2
2
2
0
1
2
2
2
2
1
0
0
0
-2
-1
1
3
2
2
0
0
1
-2
-1
-1
-3
-2
-3
-2
-3
-5
-3
-3
-4
-4
-5
-4
-3
-2
-3
-2
-3
-3
-3
-1
-2
-3
-3
-5
-6
-5
-3
-2
-2
-1
-1
0
-1
-1
-2
-2
0
-1
1
1
2
1
2
1
2
1
2
1
2
2
3
4
4
4
5
5
5
6
6
8
7
6
5
6
6
6
6
4
3
2
2
3
3
1
3
3
2
1
3
2
3
4
3
2
-2
-4
-7
-6
-7
-9
-7
-7
-7
-5
-4
-5
-5
-4
-3
-3
-3
-4
-2
-3
-2
-1
-1
-1
0
0
0
-2
-2
-3
-3
-4
-5
-5
-4
-5
-4
-4
-6
-4
-5
-4
-4
-1
1
2
5
5
6
8
7
6
6
5
4
5
6
8
8
7
6
5
5
3
5
4
2
1
2
1
1
0
-1
-1
0
-1
-1
-1
-1
-1
-1
-1
0
4
5
3
4
5
4
2
1
0
-1
-3
-4
-2
-1
-1
-2
-4
-6
-5
-8
-10
-11
-10
-8
-8
-8
-7
-5
-2
-1
-2
-1
0
2
3
4
4
3
3
3
3
3
1
0
0
0
0
-1
-2
-4
-3
-3
-2
-3
-4
-3
-3
-4
-3
-2
-1
0
2
5
6
6
9
11
10
10
9
8
7
7
7
9
7
6
2
1
0
-1
-2
-2
-3
-6
-5
-2
-2
-1
0
1
2
3
4
4
1
4
4
3
1
2
0
-2
-2
-3
-6
-6
-8
-9
-8
-7
-7
-6
-6
-9
-8
-9
-8
-7
-6
-7
-5
-5
-4
-2
-1
1
1
2
3
5
4
3
4
4
3
2
2
1
1
1
0
1
1
2
1
0
0
1
1
-1
1
1
3
3
4
4
4
5
7
8
6
6
9
9
8
7
6
3
3
4
2
0
1
0
-2
-3
-3
-4
-5
-6
-6
-5
-6
-6
-6
-5
-3
-3
-1
0
0
0
1
3
2
2
2
2
4
2
2
1
-1
-1
-3
-4
-3
-2
-3
-2
-2
-5
-7
-6
-6
-4
-4
-3
-2
-2
-2
-1
1
1
0
0
0
1
0
2
2
0
0
1
-2
-2
0
-1
-1
-1
-1
-2
-1
-2
1
2
0
2
3
3
3
4
4
3
3
5
3
5
6
7
7
7
6
4
5
5
4
2
2
2
2
2
2
0
2
1
0
1
1
1
0
0
-2
-2
-2
-2
-3
-4
-4
-6
-7
-6
-5
-6
-6
-7
-6
-4
-4
-4
-4
-6
-4
-2
-2
-3
-3
-2
0
0
0
-1
0
-1
-2
-2
0
0
0
1
0
2
4
2
1
3
4
2
2
2
2
1
1
3
4
4
7
6
4
6
4
3
3
4
4
5
2
2
0
0
-1
-1
-1
-2
-3
-3
-3
-3
-2
-1
-2
-2
-3
-2
0
1
1
2
2
0
0
2
3
3
1
0
-1
-1
-2
-2
-3
-3
-3
-2
-3
-4
-4
-4
-3
-2
-2
-2
-4
-3
-2
0
0
0
0
0
2
2
3
2
4
5
2
1
2
2
1
0
1
-2
-1
0
1
-1
-1
0
-1
-1
0
0
-1
-1
-2
-2
-1
1
0
2
2
1
3
3
4
2
2
1
1
2
1
0
1
0
-1
-1
-1
-1
0
1
-1
-1
-2
-3
-3
-4
-3
-3
-4
-2
-1
-1
0
1
4
3
4
5
5
3
3
3
2
1
0
0
-1
-1
-1
-1
-1
-2
-1
0
0
-1
-2
-2
0
-2
0
2
0
1
1
1
0
2
3
3
1
1
0
-1
1
-2
-3
-3
-3
-3
-4
-5
-5
-3
-1
-2
-2
-2
-2
-3
-1
0
-1
-1
1
2
2
4
3
3
2
2
3
4
4
5
4
3
1
-1
-2
-2
-1
-2
-1
0
-2
-2
-2
-2
-2
-2
-2
-1
0
-1
-2
0
2
1
4
2
4
4
3
3
3
2
1
0
0
0
-1
-1
-1
-1
-1
-1
-1
0
-1
-2
1
1
-1
-2
-2
-2
-2
-2
-2
-2
-2
0
2
2
2
2
0
-1
1
0
-1
-1
-2
-3
-3
-4
-4
-3
-4
-4
-4
-4
-3
-2
-1
1
1
1
0
-1
-1
0
0
2
2
2
1
2
1
1
0
0
-1
0
2
2
3
3
4
2
3
2
4
4
3
3
3
2
2
4
2
2
3
1
0
0
-1
-2
0
-1
-1
-1
-2
-3
-1
-3
-2
-1
-1
0
0
-1
0
1
1
2
1
2
1
-1
-2
-2
-1
-1
0
-1
-2
-1
-2
-2
0
-1
-2
-4
-4
-2
-3
-3
-4
-4
-3
1
1
0
-1
-1
1
2
3
3
3
1
-1
1
3
2
2
0
0
0
0
0
-2
-1
-1
-1
0
0
0
-1
0
1
3
2
1
1
3
3
2
2
2
3
3
4
2
3
1
2
3
2
2
1
2
2
1
2
-1
-2
-3
-3
-1
-1
-2
-1
0
-1
1
1
1
-1
-2
0
1
0
-1
-1
-2
-2
-2
-1
-2
-3
-3
-2
-3
0
-4
-4
-2
-3
-2
-1
-2
-2
-1
0
-2
-1
0
-2
-1
0
3
3
3
2
4
3
1
1
1
2
1
2
1
1
1
-1
-1
-1
-2
-1
0
1
2
2
2
3
2
1
1
2
2
0
0
0
1
0
2
3
2
2
2
2
1
1
1
0
0
1
0
0
-1
-1
-2
-3
-3
-6
-5
-5
-4
-3
-4
-3
-2
-2
1
2
2
1
1
1
0
-1
0
2
-1
-1
0
0
-1
-1
-3
-4
-4
-3
-4
-3
-1
0
-2
-1
-1
0
0
2
3
2
4
3
3
3
3
4
4
2
3
3
3
2
2
1
2
3
1
-1
0
0
2
-1
0
-1
0
-1
0
0
0
1
0
0
0
-1
0
0
0
1
1
0
0
0
-1
-1
-1
0
0
0
2
2
1
2
-1
-1
-1
1
-1
-2
-3
-3
-2
-1
-2
-2
0
-1
-2
-1
0
-2
-1
0
-1
-2
-3
-2
-4
-4
-4
-3
-2
-1
-1
0
-1
0
0
0
1
0
0
1
0
0
-1
-1
-1
1
0
0
2
2
2
3
4
5
4
5
5
4
3
3
3
1
2
2
1
1
3
3
1
0
0
1
0
2
2
0
-1
0
1
0
0
0
0
0
0
0
-1
-2
-2
-3
-3
-2
-2
-2
-1
-1
-2
-4
-2
-3
-2
-1
-2
-2
-3
-4
-2
-3
-1
-3
-3
-2
-3
0
1
1
1
1
2
2
1
1
2
1
2
2
2
2
1
2
2
0
0
1
1
1
1
0
1
2
1
2
2
2
2
1
0
0
0
-1
-2
-1
0
0
0
0
0
0
1
1
1
0
2
1
0
1
0
0
0
0
-1
-2
1
-1
-2
0
-1
-2
-3
-2
-3
-3
0
-2
0
-2
-2
-1
0
-1
-1
0
-2
-1
0
0
0
0
-2
-2
-4
-3
-1
0
0
0
2
1
2
3
2
1
2
0
2
3
2
3
2
2
2
2
1
1
3
1
1
1
1
1
1
1
2
0
0
1
-1
-2
-2
-1
0
2
1
0
0
0
1
2
1
1
1
1
0
0
1
0
-1
-1
-3
-3
-2
-3
-4
-4
-4
-4
-2
-3
-2
-2
0
1
0
0
0
0
-1
-1
-1
-2
0
1
1
0
2
2
1
2
1
0
0
-1
1
0
-2
-1
-2
-1
0
-1
1
1
0
0
0
0
0
0
1
2
2
1
2
3
3
2
2
2
3
3
2
1
1
2
3
2
0
1
0
1
3
2
4
1
0
1
-1
-2
-2
-2
-2
-2
-3
-2
-3
-3
-2
0
-1
-2
-1
-1
-1
-2
-1
-2
-2
-1
0
-2
-2
-1
0
0
-1
-1
-3
-1
-1
-1
-1
-2
-3
-2
-2
-1
0
-1
-1
1
0
0
0
1
1
1
3
2
3
2
2
2
2
4
4
4
5
4
3
3
2
3
2
1
1
0
0
0
-3
-4
-4
-2
-1
1
1
0
0
1
0
-1
0
-2
-1
-1
0
0
1
2
1
0
-1
0
-2
-1
-2
-1
-2
-2
-1
-1
-1
-1
-1
-3
-2
-2
-1
0
0
0
1
0
0
0
1
0
0
0
0
1
1
0
-1
-2
-1
1
3
3
2
1
0
0
-1
-2
-1
-1
0
0
-2
0
-1
-1
0
-1
-1
0
0
2
3
4
4
4
4
1
2
1
1
-1
-1
1
-2
-2
-2
-4
-2
-1
-1
-2
-2
-1
-1
0
0
-1
-1
0
0
-1
0
-1
-1
0
-1
-1
0
0
-1
-1
0
1
1
1
2
2
1
2
0
2
2
1
1
1
1
0
3
2
2
3
2
1
0
0
1
1
1
0
0
0
0
-1
-2
-1
-1
-1
-2
-2
-3
-1
-2
-2
-3
-3
-1
-1
1
1
1
3
0
-2
-2
-1
-3
-2
-1
0
-1
-2
-1
-1
0
1
-1
1
-1
0
1
0
1
1
3
1
0
0
0
0
-2
-2
-2
0
0
1
0
0
2
1
1
1
2
3
3
2
3
1
1
0
-1
0
0
-1
-1
-2
-2
-1
0
-1
-1
0
2
2
1
0
0
3
3
2
2
2
2
1
-1
-1
-1
-1
-2
-2
-4
-3
-2
-3
-3
-3
-4
-4
-4
-2
-1
-1
0
-1
0
1
1
3
2
2
-1
-1
0
1
0
-1
-1
-2
-3
-1
0
-1
0
0
-1
-2
-1
-1
0
1
0
1
1
3
1
2
2
3
2
2
2
2
3
3
4
4
4
3
3
3
2
2
2
1
0
0
0
1
0
0
0
-1
-2
-3
-1
-2
-4
-3
-2
-2
-2
-3
0
0
0
1
-1
0
0
0
0
1
1
1
1
1
0
-1
-2
-3
-3
-3
-4
-6
-6
-6
-5
-5
-5
-4
-2
-2
-1
-1
-1
0
0
1
1
2
2
2
2
2
1
3
1
0
0
0
0
1
0
1
0
0
2
3
3
3
2
1
1
2
3
3
4
4
3
3
1
3
2
2
1
1
3
3
1
3
2
1
2
1
2
1
2
1
1
0
-1
-1
-3
-4
-4
-3
-3
-2
-2
-3
-4
-4
-3
-3
-2
-4
-2
-3
-1
-2
-1
-1
0
1
1
0
-2
-2
-3
-1
-1
-3
-3
-4
-5
-2
-1
-2
-1
-3
-1
-2
-1
0
0
1
-1
2
2
2
2
2
2
3
2
3
5
5
4
3
4
4
4
3
1
2
2
2
2
1
-1
1
1
0
-1
-2
-1
-2
0
1
1
0
-1
-1
-2
0
-1
-2
-1
-1
0
-1
-2
1
0
0
0
-1
-1
0
-1
-1
-2
-3
-2
-1
0
1
0
0
0
0
1
1
2
0
-1
-1
1
0
2
0
0
0
-1
-1
-2
0
-3
-4
-4
-5
-2
