0.777963 0.222037 0 0 0 
0 0.718502 0.281498 0 0 
0 0 0.77866 0.22134 0 
0 0 0 0.607845 0.392155 
0 0 0 0 1 

0.0285697 1.71204e-011 1e-030 0.00833333 1e-030 1e-030 1e-030 0.000273907 1e-030 1e-030 1e-030 1e-030 1e-030 1e-030 1e-030 0.113075 0.025 0.00476365 1e-030 1e-030 1e-030 1e-030 1.81457e-008 0.00797535 1e-030 1e-030 1e-030 1e-030 1e-030 1e-030 1e-030 0.812009 
4.27908e-005 0.0166667 1e-030 1e-030 1e-030 1e-030 0.0447422 0.487185 1e-030 1e-030 1e-030 0.0509443 1e-030 1e-030 0.00833333 3.10181e-011 0.0303013 4.84559e-010 1e-030 1e-030 1e-030 1e-030 0.336311 0.0254706 1e-030 1e-030 1e-030 1e-030 1e-030 1e-030 2.41352e-006 3.25311e-007 
1e-030 1e-030 1e-030 1e-030 1e-030 1e-030 0.000172902 2.14667e-009 1e-030 1e-030 1e-030 3.89574e-015 1e-030 1e-030 7.01056e-007 1e-030 4.43962e-014 1e-030 1e-030 1e-030 1e-030 1e-030 0.029929 1e-030 1e-030 1e-030 1e-030 5.97553e-006 1e-030 1e-030 0.969891 1e-030 
8.66947e-013 1e-030 1e-030 1e-030 1e-030 1e-030 1e-030 1e-030 1e-030 1e-030 1e-030 1e-030 1e-030 1e-030 0.102147 0.147897 0.0109093 1e-030 1e-030 0.109341 1e-030 1e-030 1e-030 0.00412111 1e-030 1e-030 1e-030 0.624987 1e-030 1e-030 0.000596859 9.32234e-007 
0.0236106 1e-030 1e-030 0.00668577 1e-030 1e-030 1e-030 0.0128754 1e-030 1e-030 1e-030 1e-030 1e-030 1e-030 1.02596e-014 0.144969 9.01943e-005 1e-030 1e-030 0.0112275 1e-030 1e-030 1e-030 0.00344794 1e-030 1e-030 1e-030 0.00983075 1e-030 1e-030 1e-030 0.787263 
