0.834489 0.165511 0 0 0 
0 0.440132 0.559868 0 0 
0 0 0.766813 0.233187 0 
0 0 0 0.194924 0.805076 
0 0 0 0 1 

1e-030 9.0493e-016 1e-030 1.42798e-025 1e-030 1e-030 1e-030 1e-030 1e-030 1e-030 1e-030 1e-030 1e-030 1e-030 4.14211e-008 1e-030 1e-030 1e-030 1e-030 1e-030 1e-030 1e-030 1e-030 1e-030 1e-030 1e-030 1e-030 1e-030 1e-030 1e-030 3.60641e-023 1 
1e-030 0.5 1e-030 0.0166667 1e-030 1e-030 1e-030 1e-030 1e-030 1e-030 1e-030 1e-030 1e-030 1e-030 0.425469 0.0333333 1e-030 1e-030 1e-030 1e-030 1e-030 1e-030 1e-030 1e-030 1e-030 1e-030 1e-030 1e-030 1e-030 1e-030 0.0166667 0.00786399 
1e-030 8.29193e-016 1e-030 1e-030 1e-030 1e-030 1e-030 1.21985e-025 1e-030 1e-030 1e-030 1e-030 1e-030 1e-030 0.955964 2.04385e-023 1e-030 1e-030 1e-030 0.000121842 1e-030 1e-030 1e-030 1e-030 1e-030 1e-030 1e-030 0.0105808 1e-030 1e-030 0.0333333 4.44611e-011 
1e-030 1e-030 1e-030 1e-030 1e-030 1e-030 1e-030 0.166456 1e-030 1e-030 1e-030 1e-030 1e-030 1e-030 0.149134 0.0833333 1e-030 1e-030 1e-030 0.600183 1e-030 1e-030 1e-030 1e-030 1e-030 1e-030 1e-030 1e-030 1e-030 1e-030 1e-030 0.00089398 
1e-030 1e-030 1e-030 1e-030 1e-030 1e-030 1e-030 0.00687474 1e-030 1e-030 1e-030 1e-030 1e-030 1e-030 2.1207e-007 2.57443e-013 1e-030 1e-030 1e-030 1.71046e-015 1e-030 1e-030 1e-030 1e-030 1e-030 1e-030 1e-030 1e-030 1e-030 1e-030 1e-030 0.993125 
