0.85142 0.14858 0 0 0 
0 0.547558 0.452442 0 0 
0 0 0.703917 0.296083 0 
0 0 0 0.758897 0.241103 
0 0 0 0 1 

1e-030 1e-030 5.30767e-007 1e-030 1e-030 1e-030 1e-030 1e-030 1e-030 1e-030 1e-030 1e-030 6.54028e-019 1e-030 1e-030 2.99388e-005 1e-030 1e-030 1e-030 1.37673e-010 1e-030 1e-030 1e-030 1e-030 1e-030 1e-030 1e-030 1e-030 1e-030 1e-030 1e-030 0.99997 
1e-030 1e-030 0.236619 1e-030 4.84387e-009 1e-030 1e-030 1e-030 1e-030 1e-030 1e-030 1e-030 0.444924 1e-030 1e-030 0.231346 1e-030 1e-030 1e-030 0.0110934 0.051524 1e-030 1e-030 1e-030 1e-030 1e-030 1e-030 1e-030 0.0244878 1e-030 1e-030 6.292e-006 
1e-030 1e-030 3.75074e-005 2.21781e-023 0.404891 1e-030 1e-030 1e-030 1e-030 0.0189901 1e-030 1e-030 0.00876651 0.176395 1e-030 4.24351e-009 2.78601e-011 1.13266e-016 1e-030 1e-030 0.383463 1e-030 1e-030 1e-030 2.79868e-009 1e-030 1e-030 1e-030 0.00745685 1e-030 1e-030 1e-030 
1e-030 1e-030 1e-030 0.346557 0.00262097 1e-030 1e-030 1e-030 1e-030 0.208272 1e-030 1e-030 1e-030 0.12709 1e-030 0.128666 0.101004 0.00764118 1e-030 0.0624914 3.79794e-010 1e-030 1e-030 1e-030 0.0156565 1e-030 1e-030 1e-030 1e-030 1e-030 1e-030 2.04906e-010 
1e-030 1e-030 1e-030 9.98518e-005 1e-030 1e-030 1e-030 1e-030 1e-030 3.5599e-021 1e-030 1e-030 1e-030 1e-030 1e-030 0.0204757 7.44277e-014 1e-030 1e-030 0.00664276 1e-030 1e-030 1e-030 1e-030 1e-030 1e-030 1e-030 1e-030 1e-030 1e-030 1e-030 0.972782 
