0.793206 0.206794 0 0 0 
0 0.682316 0.317684 0 0 
0 0 0.633235 0.366765 0 
0 0 0 0.609702 0.390298 
0 0 0 0 1 

1e-030 1e-030 1e-030 0.0109894 1e-030 1e-030 1.32686e-006 0.0111217 1e-030 0.00558598 1e-030 0.0217429 1e-030 1e-030 1e-030 0.0222222 0.0167579 2.09107e-012 1e-030 1e-030 1e-030 1e-030 1e-030 0.0941751 0.000718993 1e-030 1e-030 1e-030 1e-030 1e-030 1e-030 0.816685 
1e-030 0.00833333 1e-030 0.0114395 1e-030 8.77374e-005 0.070108 0.0349303 2.9951e-017 3.20978e-013 1e-030 0.0111111 1e-030 1e-030 1e-030 1e-030 0.0166447 0.640033 1e-030 1e-030 1e-030 1e-030 1e-030 0.141435 0.0658769 1e-030 1e-030 1e-030 1e-030 3.31402e-010 1e-030 2.08681e-009 
1e-030 1e-030 1e-030 3.03759e-014 1e-030 0.0278313 0.000271142 1e-030 0.0166667 0.124592 1e-030 0.00666667 1e-030 0.0116809 1e-030 1e-030 0.0222262 0.0616683 1e-030 1e-030 1e-030 1e-030 1e-030 1e-030 0.318919 0.034085 1e-030 1e-030 1e-030 0.375393 1e-030 1e-030 
1e-030 1e-030 0.0804009 0.0480696 1e-030 9.07594e-016 1e-030 1e-030 1e-030 0.269493 1e-030 0.0194444 1e-030 0.05305 1e-030 0.24019 0.166229 1e-030 1e-030 0.019661 1e-030 1e-030 1e-030 1e-030 0.0318102 0.0201479 1e-030 0.00956125 1e-030 0.0419427 1e-030 5.00324e-011 
1e-030 1e-030 5.75442e-005 0.0556852 1e-030 1e-030 1e-030 1e-030 1e-030 1e-030 1e-030 1.35614e-008 1e-030 2.50902e-022 1e-030 0.100069 3.44682e-005 1e-030 1e-030 0.0351091 1e-030 1e-030 1e-030 0.00555555 1.28147e-018 0.00640492 1e-030 8.45186e-005 1e-030 1e-030 1e-030 0.797 
