0.832222 0.167778 0 0 0 
0 0.614765 0.385235 0 0 
0 0 0.619976 0.380024 0 
0 0 0 0.625962 0.374038 
0 0 0 0 1 

1e-030 1e-030 1e-030 1e-030 1e-030 1e-030 1e-030 1e-030 1e-030 1e-030 1e-030 1e-030 1e-030 3.68511e-006 1e-030 1e-030 1e-030 1e-030 1e-030 1e-030 1e-030 1e-030 1e-030 0.00555535 1e-030 1e-030 1e-030 1e-030 1e-030 3.32359e-007 1e-030 0.994441 
1e-030 1.38036e-010 1e-030 1e-030 1e-030 1e-030 1e-030 1e-030 1e-030 0.124338 1e-030 1.13527e-013 1e-030 0.0138165 1e-030 1e-030 1e-030 0.00918999 1e-030 1e-030 1e-030 1e-030 4.67275e-010 1.36865e-015 1e-030 1e-030 1e-030 1e-030 1e-030 0.852639 1e-030 1.57475e-005 
1e-030 0.0551034 1e-030 1e-030 1e-030 1e-030 0.0114546 1e-030 4.94329e-005 0.192249 1e-030 0.0183087 1e-030 1.47942e-028 1e-030 1e-030 1e-030 0.690763 1e-030 1e-030 1e-030 1e-030 0.027795 1e-030 0.00414345 1e-030 1e-030 7.21441e-005 1e-030 6.09413e-005 1e-030 1e-030 
1e-030 0.00902055 1e-030 1e-030 1e-030 1e-030 0.00109786 1e-030 0.0144526 1e-030 1e-030 0.724658 1e-030 1e-030 1e-030 0.0249412 1e-030 0.0220723 1e-030 0.048604 1e-030 1e-030 8.32111e-005 1e-030 0.063863 1e-030 1e-030 0.0912071 1e-030 1e-030 1e-030 5.09716e-007 
1e-030 1e-030 1e-030 1e-030 1e-030 1e-030 1e-030 1e-030 4.15275e-029 1e-030 1e-030 0.0012028 1e-030 1e-030 1e-030 0.00559876 1e-030 1e-030 1e-030 0.0039618 1e-030 1e-030 1e-030 1e-030 1e-030 1e-030 1e-030 0.000402635 1e-030 1e-030 1e-030 0.988834 
