0.826403 0.173597 0 0 0 
0 0.379998 0.620002 0 0 
0 0 0.743258 0.256742 0 
0 0 0 0.738506 0.261494 
0 0 0 0 1 

1e-030 1e-030 1e-030 1e-030 1e-030 1e-030 1e-030 2.16464e-018 1.20324e-005 1e-030 1.49361e-007 3.23789e-005 1e-030 1e-030 1e-030 5.81425e-005 2.89086e-022 1e-030 1e-030 1e-030 1e-030 1e-030 1e-030 0.000180669 1.15748e-028 1e-030 1e-030 1e-030 1e-030 1e-030 1e-030 0.999717 
1e-030 1e-030 1e-030 1e-030 1e-030 1e-030 1e-030 0.0166667 0.203464 1e-030 0.69107 0.0110963 1e-030 1e-030 1e-030 0.0166119 0.0333333 1e-030 1e-030 1e-030 1e-030 1e-030 1e-030 0.0109984 0.0166667 1e-030 5.85215e-005 1e-030 1e-030 1e-030 1e-030 3.37263e-005 
1e-030 1e-030 0.00833337 1e-030 1e-030 1e-030 1e-030 1e-030 6.79916e-014 1e-030 0.0259749 1e-030 1e-030 1e-030 1e-030 1e-030 1e-030 1e-030 0.0104682 1e-030 1e-030 0.0325138 1e-030 1e-030 1e-030 1e-030 0.92271 1e-030 1e-030 1e-030 1e-030 1e-030 
1e-030 1e-030 0.0352288 1e-030 1e-030 1e-030 1e-030 1e-030 1e-030 1e-030 2.55526e-012 1e-030 1e-030 1e-030 1e-030 0.058992 1e-030 1e-030 0.671858 0.0291135 1e-030 0.0544917 1e-030 1e-030 1e-030 1e-030 8.78168e-006 0.150308 1e-030 1e-030 1e-030 9.2579e-010 
1e-030 1e-030 5.15432e-022 1e-030 1e-030 1e-030 1e-030 1e-030 1e-030 1e-030 1e-030 1e-030 1e-030 1e-030 1e-030 0.0553987 1e-030 1e-030 1.77455e-006 0.00853548 1e-030 1e-030 1e-030 1e-030 1e-030 1e-030 1e-030 0.0121834 1e-030 1e-030 1e-030 0.923881 
