0.835113 0.164887 0 0 0 
0 0.421026 0.578974 0 0 
0 0 0.676177 0.323823 0 
0 0 0 0.709297 0.290703 
0 0 0 0 1 

1e-030 1e-030 1e-030 2.41519e-022 1e-030 1e-030 1e-030 1e-030 1e-030 2.20696e-017 1e-030 1e-030 1e-030 1e-030 1e-030 0.000175206 6.91192e-017 1e-030 1e-030 5.59378e-029 1e-030 1e-030 1e-030 1e-030 1e-030 1.14456e-010 1e-030 1e-030 1e-030 1e-030 1e-030 0.999825 
1e-030 1.46e-021 1e-030 0.488889 1e-030 1e-030 1e-030 1e-030 1e-030 0.15 1e-030 1e-030 1e-030 0.0233333 1e-030 0.0176361 0.00833333 1e-030 1e-030 0.0166667 1e-030 1e-030 1e-030 1e-030 1e-030 0.295105 1e-030 1e-030 1e-030 1e-030 1e-030 3.708e-005 
1e-030 0.322156 1e-030 0.00010322 1e-030 1e-030 1e-030 1e-030 1e-030 0.0083239 1e-030 1e-030 1e-030 8.58122e-009 1e-030 1e-030 1e-030 0.0111004 1e-030 4.58452e-011 1e-030 1e-030 1e-030 1e-030 1e-030 0.658316 1e-030 1e-030 1e-030 1e-030 1e-030 4.18102e-022 
1e-030 0.467955 1e-030 0.186741 1e-030 1e-030 1e-030 0.0173189 1e-030 0.0111237 1e-030 0.00740296 1e-030 1e-030 1e-030 0.220759 1e-030 0.0068491 1e-030 0.0651832 1e-030 1e-030 1e-030 1e-030 1e-030 8.9711e-008 1e-030 0.0166667 1e-030 1e-030 1e-030 2.71105e-009 
1e-030 2.56036e-012 1e-030 0.00079012 1e-030 1e-030 1e-030 1.37336e-024 1e-030 1e-030 1e-030 0.000781856 1e-030 1e-030 1e-030 0.0239492 1e-030 1e-030 1e-030 6.63388e-015 1e-030 1e-030 1e-030 1e-030 1e-030 1e-030 1e-030 3.05939e-020 1e-030 1e-030 1e-030 0.974479 
