0.757135 0.242865 0 0 0 
0 0.478534 0.521466 0 0 
0 0 0.61716 0.38284 0 
0 0 0 0.223258 0.743409 
0 0 0 0 0.966667 

1e-030 1e-030 1e-030 0.0332543 1e-030 1e-030 0.0096057 0.0150986 1e-030 1e-030 1e-030 1e-030 1e-030 1e-030 1e-030 0.0141953 7.91206e-005 1e-030 1e-030 1e-030 1e-030 1e-030 0.0058511 0.020629 1e-030 1.21573e-025 1e-030 0.0181616 1e-030 1e-030 1e-030 0.883125 
1e-030 1e-030 1e-030 0.0173834 1e-030 1e-030 0.431983 0.0288937 1e-030 1e-030 1e-030 2.84627e-018 1e-030 1e-030 1e-030 0.0111111 0.0133899 1e-030 1e-030 1e-030 1e-030 1e-030 0.048195 0.409163 1e-030 0.0135176 1e-030 0.0103288 1e-030 1e-030 0.0159499 8.46347e-005 
1e-030 3.52635e-020 1e-030 1e-030 1e-030 1e-030 0.0770211 1.88746e-009 3.74493e-005 1e-030 1e-030 0.103447 1e-030 1e-030 1e-030 1e-030 2.59365e-019 1e-030 1e-030 0.000410512 1e-030 1e-030 0.709954 5.17866e-008 0.00058572 9.29203e-007 1e-030 0.091426 1e-030 1e-030 0.0171174 1e-030 
1e-030 0.0837003 1e-030 0.133333 1e-030 1e-030 2.94422e-020 0.167061 0.0478491 1e-030 1e-030 0.16694 1e-030 1e-030 1e-030 1e-030 0.265662 1e-030 1e-030 0.0200086 1e-030 1e-030 1.88126e-006 0.000324339 0.0328424 1e-030 1e-030 0.0822775 1e-030 1e-030 1e-030 2.23678e-008 
0.00104167 0.00104167 0.00104167 0.00104167 0.00104167 0.00104167 0.00104167 0.0171646 0.00104167 0.00104167 0.00104167 0.00104167 0.00104167 0.00104167 0.00104167 0.00104167 0.0400032 0.00104167 0.00104167 0.00104167 0.00104167 0.00104167 0.00104167 0.517909 0.00104167 0.00104167 0.00104167 0.00104167 0.00104167 0.00104167 0.00104167 0.395757 
