0.808635 0.191365 0 0 0 
0 0.496162 0.503838 0 0 
0 0 0.629908 0.370092 0 
0 0 0 0.724738 0.275262 
0 0 0 0 1 

1e-030 1e-030 1e-030 1e-030 1e-030 1e-030 3.87565e-016 1e-030 1e-030 1e-030 1e-030 0.000404225 1e-030 1e-030 1e-030 0.055148 1e-030 1e-030 1e-030 1.94028e-007 1e-030 1e-030 1e-030 0.0126868 1e-030 1e-030 1e-030 1e-030 1e-030 1e-030 1e-030 0.931761 
1e-030 1e-030 1e-030 0.0166667 1e-030 3.80319e-028 0.203114 0.0221816 4.31912e-006 1e-030 1e-030 0.094036 1e-030 1e-030 1e-030 0.389753 1e-030 1e-030 1e-030 0.0441166 1e-030 1e-030 0.0777437 0.141599 1.29282e-008 1e-030 1e-030 1e-030 1e-030 1e-030 4.51428e-025 0.0107855 
1e-030 1e-030 6.72721e-023 0.0166667 1e-030 0.112933 0.388961 4.12785e-005 0.138523 1e-030 1e-030 0.0197626 1e-030 1e-030 1e-030 4.33256e-009 1e-030 0.0327762 1e-030 0.000324067 3.25033e-013 0.00554495 0.17399 4.23994e-010 0.0544041 1e-030 0.0392874 1e-030 1.41325e-020 1e-030 0.016787 1e-030 
1e-030 1e-030 0.280044 0.00827396 1e-030 0.143966 0.000294607 1e-030 0.0288609 1e-030 1e-030 0.00793659 0.00689918 1e-030 1e-030 0.0240257 1e-030 0.000414433 1e-030 0.00180368 0.0217041 0.390805 2.56524e-014 1e-030 0.0346709 1e-030 0.0216157 1e-030 0.0286852 1e-030 1e-030 1.08162e-009 
1e-030 1e-030 0.0278695 5.04275e-008 1e-030 0.00344745 1e-030 1e-030 1e-030 1e-030 1e-030 1e-030 1e-030 1e-030 1e-030 0.0275964 1e-030 1e-030 1e-030 0.00440298 7.02574e-007 8.09156e-014 1e-030 1e-030 1e-030 1e-030 1e-030 1e-030 3.23244e-017 1e-030 1e-030 0.936683 
