0.816171 0.183829 0 0 0 
0 0.564982 0.435018 0 0 
0 0 0.538478 0.461522 0 
0 0 0 0.658804 0.341196 
0 0 0 0 1 

1e-030 1e-030 1.41366e-010 1e-030 1e-030 1e-030 1e-030 1e-030 1e-030 1e-030 1e-030 1e-030 0.000256236 1e-030 1e-030 4.30216e-005 1e-030 1e-030 1e-030 1e-030 1e-030 1.20159e-007 1e-030 0.0177778 1e-030 1e-030 1e-030 1e-030 4.93432e-010 1e-030 1e-030 0.981923 
1e-030 1e-030 0.0416667 1e-030 1e-030 1.0426e-007 1e-030 1e-030 1e-030 1e-030 1e-030 1e-030 0.239783 1e-030 1e-030 0.0259515 1e-030 1e-030 1e-030 1e-030 0.000375349 0.119456 1e-030 1.0769e-023 1e-030 1e-030 1e-030 1e-030 0.572767 1e-030 1e-030 1.89863e-007 
1e-030 1e-030 7.3687e-021 0.00729874 1e-030 0.710193 1e-030 1e-030 4.7295e-005 1e-030 1e-030 7.51495e-013 1e-030 1e-030 1e-030 1e-030 0.00372018 1e-030 1e-030 1e-030 0.0108551 0.00835484 1e-030 1e-030 0.0268316 1e-030 1e-030 1e-030 0.2327 1e-030 1e-030 1e-030 
1e-030 0.0101601 0.0108836 0.0413053 1e-030 0.0554088 1e-030 1e-030 0.368348 1e-030 1e-030 0.01251 1e-030 1e-030 1e-030 0.0361009 0.0606338 1e-030 1e-030 0.19943 1e-030 4.68392e-006 1e-030 0.00268855 0.202526 1e-030 1e-030 1e-030 2.18838e-013 1e-030 1e-030 1.10931e-008 
1e-030 1e-030 1e-030 1.03983e-018 1e-030 1e-030 1e-030 1e-030 0.000173264 1e-030 1e-030 3.62556e-020 1e-030 1e-030 1e-030 0.031782 0.00227467 1e-030 1e-030 0.0094977 1e-030 1e-030 1e-030 0.00382995 5.2466e-013 1e-030 1e-030 1e-030 1e-030 1e-030 1e-030 0.952442 
