0.208863 0.189900 0.013184 0.065745 -0.014665 -0.008155 0.188039 0.111541 0.091157 0.000775 -0.020996 0.053170 
0.337282 0.227603 0.185942 0.014323 -0.042129 -0.036167 0.103006 -0.059655 0.021565 0.113999 -0.224178 0.108858 
0.215967 0.165791 0.069435 0.059822 0.101391 -0.051946 -0.039185 0.044581 0.022972 -0.094462 0.206465 0.064669 
0.264242 0.109571 0.137872 0.150979 0.111926 -0.013758 -0.024490 0.105155 -0.108058 0.055582 0.159063 -0.017036 
0.318730 0.438487 0.288861 0.046834 0.045169 -0.106927 -0.126882 -0.094766 0.051542 0.208292 -0.030182 -0.067456 
0.505858 0.290625 0.107870 0.142976 -0.036666 -0.030165 0.029927 -0.064905 -0.088302 0.021158 0.060470 0.002428 
0.597624 0.491824 0.230741 0.139215 0.061000 0.001769 0.075867 -0.027292 -0.054392 -0.091972 0.134987 -0.036139 
0.551643 0.472693 0.294402 0.110503 0.053651 -0.009156 -0.058196 -0.002209 0.111112 0.052734 -0.005112 0.010941 
0.547401 0.390709 0.076285 0.128753 0.042023 -0.032885 -0.004127 0.012995 0.070147 0.010430 -0.072864 0.049744 
0.588163 0.268214 0.269894 0.204698 -0.064319 0.030260 -0.000321 -0.075303 -0.021357 -0.077464 0.048088 0.026927 
0.334526 0.304422 0.275601 0.087040 -0.123689 -0.021785 0.008526 0.033730 0.091838 0.064061 -0.009318 -0.023826 
0.421244 0.270628 0.112858 0.019885 0.170766 0.121586 0.114800 -0.010938 0.148342 0.011645 0.085939 0.076781 
0.528142 0.401174 0.216019 0.029882 0.062205 0.100374 -0.080747 0.026510 0.019788 0.198962 0.183036 0.001650 
0.338901 0.245005 0.143271 0.130853 0.036038 -0.053353 -0.019820 -0.109348 -0.005523 -0.017840 -0.013958 0.145671 
0.292528 0.153528 0.185482 0.104844 0.028363 -0.066584 -0.035995 -0.022381 -0.074322 0.125507 -0.052777 0.121361 
0.366211 0.139229 0.161018 0.133676 -0.099753 -0.011301 -0.023918 -0.069847 0.068696 -0.145704 0.000445 -0.032766 
0.297818 0.198712 0.263572 0.055100 0.014885 0.042154 -0.061501 -0.048693 -0.054630 -0.003772 -0.011903 -0.018570 
0.494193 0.330985 0.198656 0.204698 0.105082 0.143401 0.052704 0.031306 0.199437 0.159940 0.039371 -0.043846 
0.456379 0.247751 0.191247 0.113889 0.067908 0.083601 0.165743 0.092783 -0.003680 0.043122 0.050554 0.004813 
0.312717 0.341639 0.060133 0.054202 0.009612 0.169660 0.053957 0.062894 0.048851 -0.005539 0.028571 0.035025 
0.415373 0.148361 0.191927 0.036847 0.127232 0.083382 0.064744 0.103646 0.204984 -0.073413 -0.051533 0.072427 
0.407077 0.268242 -0.026267 0.230444 0.197487 0.087372 0.046750 -0.049798 0.066395 0.006574 -0.070727 0.005295 
0.877017 0.544752 0.265722 0.155084 -0.033792 0.204992 0.014607 0.102441 0.164841 0.101505 0.174967 0.002953 
0.813478 0.577950 0.231642 0.154927 0.018887 -0.092674 0.077030 0.072131 0.106061 -0.067202 0.052050 0.027373 
0.949581 0.474280 0.269178 0.071425 -0.028776 0.038709 -0.012888 -0.080286 0.005395 0.142489 0.076080 0.038321 
0.636110 0.466392 0.287984 0.122902 0.135607 0.121379 -0.036663 -0.051868 0.015417 0.248001 0.032610 0.038886 
0.677327 0.435336 0.311349 0.006986 -0.110342 -0.134512 -0.082696 -0.056048 -0.070719 -0.013519 0.094269 0.046874 
0.610057 0.417710 0.172852 -0.084792 -0.029862 -0.072419 0.002072 0.059237 -0.072256 0.018877 0.078686 0.129200 
0.578012 0.421060 0.212235 0.034560 -0.009083 -0.028017 0.049959 0.016845 0.029145 0.140106 0.059482 -0.052485 
0.512270 0.228375 0.363571 0.122448 0.023359 0.075108 0.050530 0.092312 0.032965 0.067583 0.080405 0.003312 
0.582653 0.375125 0.296149 0.124268 0.107152 0.012198 0.134629 0.072817 0.024608 0.086187 0.040890 0.020164 
0.306860 0.113675 0.167774 0.027578 -0.067770 -0.015978 -0.046745 0.065336 0.207711 0.060843 0.063019 0.017750 
0.387505 0.271050 0.037215 -0.076395 -0.036764 0.022438 -0.023767 -0.074669 -0.008798 0.041512 0.015601 -0.016307 
0.543436 0.423789 0.211871 0.057814 0.072796 0.026061 -0.045213 0.035490 0.034214 -0.068505 0.059381 0.080079 
0.557905 0.364583 0.163005 0.149759 0.250572 0.069622 0.079426 0.171662 0.209683 0.024325 0.061682 -0.002924 
0.510714 0.391676 0.310745 0.103325 0.050632 0.240213 -0.011322 -0.023270 0.053344 0.072264 0.026087 0.003649 
0.348549 0.507019 0.101762 0.249360 0.137549 0.116885 0.090969 0.096667 0.083256 0.046255 0.007985 0.041868 
0.472096 0.481344 0.302964 0.200843 0.036143 -0.013942 -0.040855 -0.002546 -0.013958 0.029965 0.147207 0.012834 
0.509325 0.271713 0.147450 0.059199 0.070216 0.076598 -0.007830 0.063603 -0.060444 0.054558 -0.013348 0.084648 
0.370628 0.181687 0.103052 0.093587 0.075377 -0.006294 0.145665 0.056553 0.160458 -0.018885 -0.028322 0.044833 
0.305926 0.256344 0.260953 0.011716 -0.051332 -0.029722 0.018080 0.051959 0.124911 0.016060 0.024722 0.094749 
0.428408 0.391568 0.116087 0.103489 0.001628 0.048429 0.036388 0.039273 0.083121 -0.007398 0.037928 0.068808 
0.389088 0.127483 0.077282 -0.157198 -0.006029 -0.047822 0.001563 0.020840 -0.100302 0.034862 0.060193 -0.018388 
0.358144 0.294438 0.195684 0.161387 0.107813 -0.047963 0.033846 0.129292 -0.017583 0.067227 0.096634 -0.001311 
0.392161 0.199231 0.217765 0.192882 0.056756 0.045608 0.052067 0.056283 0.072012 0.059622 0.063298 -0.055258 
0.368454 0.319050 0.245283 0.167464 0.081970 0.113255 0.099747 0.084346 0.041552 0.133785 0.134084 -0.087442 
0.269138 0.176341 0.180234 0.000180 0.026242 -0.020979 0.070434 -0.018270 0.066617 -0.003390 0.014616 -0.003682 
0.319257 0.261711 0.017783 0.109195 0.105772 -0.023181 0.162745 -0.025031 0.048611 0.128409 0.134407 -0.025416 
0.337790 0.174714 0.221295 0.153081 0.120142 0.041527 -0.016059 0.078590 0.126065 0.021073 -0.030302 0.001500 
0.352981 0.523112 0.113333 0.195693 0.164114 0.052122 0.010865 0.180178 0.067841 0.009261 -0.038201 0.043462 
0.390679 0.184569 0.089915 0.140664 0.004469 0.018192 0.067812 0.013760 0.036384 0.054964 0.063583 0.049565 
0.312322 0.219387 0.166909 0.221030 0.038517 0.042413 0.091372 0.071369 -0.014217 0.018337 0.038744 0.099011 
0.034939 0.167940 0.288386 0.072112 0.009813 0.021100 -0.038985 -0.121175 -0.040476 0.053676 -0.171311 0.075606 
0.246806 0.205445 0.118369 0.110617 0.043718 -0.032148 0.044271 0.050732 0.084419 -0.008281 0.058530 0.019236 
0.255708 0.183185 0.027442 -0.002737 0.092050 -0.094290 0.029385 0.104253 0.055133 0.057706 0.179530 0.018392 
0.300652 0.170234 0.002256 0.054466 0.069650 0.036232 0.023386 0.056706 -0.022364 0.104951 0.070384 0.130581 
0.146053 0.097053 -0.019355 0.137851 0.037968 -0.149785 0.085156 0.020558 -0.113210 0.039438 0.050486 -0.169977 
0.226635 0.307047 0.238175 0.137170 0.058915 0.049769 0.005295 -0.024537 0.028283 0.092951 0.128435 -0.068147 
0.342794 0.318461 0.279456 0.230620 0.090249 0.096654 0.020662 0.172144 -0.044162 0.142778 0.063352 0.023077 
0.351402 0.327018 0.086070 0.120096 0.087182 0.054445 0.068072 0.094059 0.035879 -0.047761 0.012288 0.078679 
0.426740 0.072943 0.053906 0.053583 -0.075780 0.095573 0.146489 -0.045488 0.120045 -0.010561 0.026112 0.065058 
0.349297 0.298506 0.227536 0.016576 -0.012223 0.024725 -0.001678 0.136122 0.075066 0.013198 -0.038063 0.035667 
0.334569 0.436859 0.141044 0.252488 0.109083 0.133839 0.109292 -0.045687 0.135714 0.040160 -0.030651 0.019472 
1.132697 0.795897 0.314109 0.092123 -0.074144 -0.090212 0.018738 0.069550 -0.087458 0.087225 0.135880 0.025838 
0.874531 0.662938 0.104634 -0.145438 -0.110773 -0.077556 0.021691 -0.011275 0.078667 0.055817 0.129264 -0.005349 
0.838253 0.591668 0.302069 0.036852 -0.061419 -0.115018 0.098394 -0.038308 -0.044894 0.081379 -0.193406 -0.003286 
0.829984 0.492495 0.267419 0.033773 -0.073394 -0.015746 -0.044510 0.074842 0.091562 0.001056 0.066591 0.052782 
0.821938 0.603359 0.378758 0.089537 0.081608 -0.037105 -0.040298 0.006442 -0.084736 0.046482 0.031476 0.021110 
