1.053511 0.583589 0.430669 0.330849 0.305882 0.268544 0.244304 0.245312 0.222405 0.225955 0.219983 0.130719 
1.059085 0.576307 0.429626 0.347011 0.294052 0.267788 0.254897 0.232099 0.228997 0.229045 0.214662 0.131198 
1.056131 0.583433 0.431916 0.343239 0.289393 0.276701 0.249260 0.236337 0.225515 0.224552 0.218580 0.131332 
1.066046 0.588649 0.428327 0.344747 0.298388 0.267839 0.252114 0.233017 0.226890 0.216994 0.222594 0.132136 
1.064596 0.583103 0.423446 0.346817 0.295275 0.274534 0.247815 0.238986 0.226487 0.222812 0.217213 0.131894 
1.260830 0.718509 0.532421 0.376376 0.278272 0.253126 0.227055 0.198597 0.185091 0.170379 0.170426 0.131136 
1.487803 0.768548 0.531252 0.330838 0.198498 0.235154 0.324295 0.246762 0.116926 0.102357 0.113150 0.083284 
1.432190 0.833298 0.600761 0.414162 0.278720 0.226876 0.187637 0.131567 0.086365 0.128900 0.131578 0.100496 
2.183336 1.218696 0.543303 0.036603 -0.445982 -0.272365 0.276715 -0.168486 0.060292 0.126363 0.023768 -0.144375 
1.692197 1.176655 -0.084119 -0.152361 -0.679855 -0.269853 0.262956 -0.156768 0.132586 0.151028 0.010269 -0.116902 
1.837130 0.981420 -0.310493 -0.221288 -0.696517 -0.078223 0.258743 0.059921 0.079608 0.094437 -0.012708 -0.111901 
1.805654 0.700110 -0.438748 -0.241901 -0.447997 -0.027248 0.272623 0.114320 0.186410 -0.091530 0.073460 -0.071387 
2.030701 0.312572 -0.581288 -0.038712 -0.148150 -0.038586 0.305253 -0.065085 0.060489 -0.128351 0.232180 0.124520 
2.149398 -0.016125 -0.167314 0.209524 0.101784 -0.166345 -0.032038 -0.209798 0.056248 0.072765 0.083236 0.019296 
2.305100 -0.018302 0.188963 0.437263 0.016268 0.054470 0.223136 0.036655 0.066333 0.014853 0.029040 0.066664 
2.579617 0.205607 0.453298 0.361028 0.104813 0.213987 0.329604 0.064994 -0.029496 0.105211 0.071598 -0.036715 
1.849536 0.641864 0.303984 0.387131 0.338014 0.271460 0.228337 0.145710 0.061194 0.027520 0.067105 0.083790 
1.156984 0.641153 0.468357 0.364029 0.311006 0.276811 0.244999 0.217152 0.194676 0.191810 0.198514 0.136617 
1.094491 0.603487 0.437429 0.354276 0.313433 0.282677 0.244532 0.227731 0.225603 0.218244 0.195744 0.135939 
1.070744 0.579080 0.429359 0.340520 0.296761 0.268986 0.241885 0.235667 0.229003 0.227120 0.220200 0.131645 
1.062769 0.590195 0.428500 0.336368 0.298287 0.275688 0.251434 0.232693 0.226626 0.230211 0.209745 0.132237 
1.057069 0.589984 0.430495 0.339799 0.302447 0.269457 0.252499 0.230809 0.231119 0.220510 0.215952 0.131890 
1.059640 0.591492 0.422909 0.342727 0.298601 0.266429 0.257424 0.234798 0.227828 0.223217 0.214686 0.131842 
