1.077183 0.582671 0.420022 0.343029 0.298457 0.270946 0.251652 0.238623 0.229260 0.222275 0.217823 0.132759 
1.077153 0.581460 0.420420 0.343190 0.299199 0.270829 0.252010 0.237982 0.228444 0.221732 0.219084 0.132722 
1.077847 0.581974 0.421249 0.342724 0.298674 0.269593 0.252489 0.237867 0.228930 0.222896 0.217984 0.132780 
1.077049 0.581980 0.420891 0.342787 0.298820 0.270258 0.252389 0.238208 0.228287 0.222498 0.218279 0.132717 
1.101980 0.597823 0.435374 0.349167 0.299209 0.266935 0.240504 0.230182 0.223910 0.217430 0.220142 0.135217 
1.156757 0.586082 0.465488 0.355059 0.305896 0.270132 0.199392 0.209607 0.208050 0.197595 0.245096 0.137643 
1.600962 -0.096309 -0.105903 0.061183 0.461712 -0.020048 -0.185836 0.014306 0.033798 0.278277 0.279881 0.116288 
1.276312 -0.027825 -0.241635 -0.258385 0.313454 0.204812 -0.202222 0.004101 0.103162 0.282474 0.296978 0.113040 
1.195237 -0.247336 -0.119003 -0.337702 0.398385 0.119358 -0.030741 -0.064999 0.149078 0.269328 0.230435 0.186500 
1.146211 -0.439031 -0.034896 -0.229449 0.398665 0.090483 -0.065564 -0.111958 0.232417 0.284138 0.194290 0.197376 
1.225905 -0.513710 0.346224 0.082398 0.108632 -0.110915 -0.147565 -0.080534 0.262016 0.265358 0.167489 0.213279 
1.129356 -0.340364 0.634928 0.137827 -0.018034 -0.274028 -0.019859 0.122355 0.135982 0.102288 0.014953 0.261646 
1.131884 -0.152074 0.824852 0.235362 -0.096802 -0.221541 0.091239 -0.045162 0.127466 0.113797 0.115740 0.275552 
1.378634 0.183340 0.917155 0.430295 0.034005 0.023166 0.023093 -0.010108 0.065904 0.117045 0.108811 0.097561 
1.562307 0.549678 0.733206 0.541286 0.135825 0.067695 0.191600 0.150202 0.093194 0.087851 0.113537 0.097428 
1.344855 0.697931 0.629908 0.545003 0.310210 0.159296 0.184647 0.175830 0.104135 0.099034 0.187379 0.118796 
1.082112 0.586549 0.425362 0.344391 0.299539 0.271430 0.248689 0.235931 0.227756 0.222582 0.216331 0.133496 
1.079196 0.580212 0.420762 0.344133 0.299597 0.268747 0.247753 0.237144 0.229463 0.223609 0.219884 0.132611 
1.076948 0.581080 0.421718 0.344181 0.299169 0.269792 0.250567 0.237121 0.227945 0.223285 0.219168 0.132667 
1.076551 0.582093 0.420838 0.342993 0.297951 0.271123 0.251377 0.237747 0.228890 0.222835 0.218471 0.132664 
1.076851 0.582343 0.421311 0.343007 0.298904 0.270007 0.251314 0.237823 0.228787 0.223054 0.218319 0.132736 
1.077229 0.582903 0.420639 0.343457 0.298059 0.269579 0.252237 0.237966 0.228616 0.222874 0.218524 0.132765 
