1.045500 0.572222 0.422881 0.343434 0.297115 0.262571 0.247990 0.238069 0.241648 0.215950 0.223697 0.129131 
1.037821 0.588481 0.446775 0.332367 0.293264 0.277492 0.245973 0.244354 0.221640 0.220995 0.215975 0.130413 
1.049257 0.595712 0.424867 0.337875 0.301434 0.273286 0.243322 0.242162 0.231303 0.223587 0.211072 0.131471 
1.060056 0.567247 0.428868 0.335240 0.309287 0.268811 0.252197 0.239048 0.232769 0.215400 0.217059 0.130760 
1.043721 0.589602 0.532892 0.462765 0.250845 0.108066 0.040750 0.301993 0.133675 0.210838 -0.079134 0.123595 
0.417246 0.567661 0.396093 0.509614 0.369924 0.024752 0.215656 0.262360 0.348275 0.150692 0.145832 0.112902 
0.285506 0.390280 0.435917 0.624796 0.128306 0.110297 0.430028 0.072872 0.393148 0.325436 0.087858 0.019062 
1.918503 0.074197 0.676841 0.957381 -0.067716 -0.036097 -0.180368 -0.156589 -0.040098 -0.028997 -0.303248 -0.147742 
0.648166 0.606311 0.790253 0.785241 0.111676 -0.243255 -0.034149 -0.031844 -0.163456 -0.238465 -0.094774 -0.091611 
0.543028 0.666210 0.924022 0.711352 0.122685 -0.111395 -0.069219 -0.053823 -0.119198 -0.291922 0.012032 -0.196785 
0.779258 0.684440 0.983877 0.722505 0.039308 0.049232 -0.087811 -0.001979 -0.177733 -0.278989 0.074081 -0.189938 
1.836740 -0.011208 1.812746 0.573801 0.133299 0.029688 -0.036124 0.104330 -0.293570 -0.263880 0.041812 -0.215037 
2.075363 0.372042 1.407843 0.832678 -0.186673 -0.180679 -0.078242 0.154387 -0.318536 -0.204872 0.097238 -0.052476 
2.185949 1.154714 1.305937 1.009998 0.036081 -0.042549 0.225489 0.035392 -0.152607 -0.121389 0.057857 -0.030897 
1.635234 0.943168 1.024395 0.802402 0.306765 0.075167 0.285850 0.067028 -0.162186 -0.082510 0.091728 -0.070571 
1.218744 0.695112 0.563028 0.445126 0.320418 0.269270 0.255248 0.178557 0.139631 0.148675 0.164194 0.117952 
1.073969 0.597703 0.440488 0.346467 0.299172 0.278245 0.251647 0.233815 0.211727 0.202746 0.223816 0.132881 
1.054615 0.578050 0.436339 0.342488 0.317530 0.250240 0.245998 0.252262 0.221534 0.229483 0.203608 0.131481 
1.050446 0.582449 0.424920 0.343734 0.305184 0.275031 0.231747 0.246722 0.221140 0.230631 0.214748 0.130581 
1.063003 0.593964 0.415273 0.345496 0.294655 0.267399 0.252450 0.228712 0.239782 0.215498 0.219913 0.131219 
1.066807 0.568641 0.424659 0.356831 0.287071 0.258235 0.253481 0.255215 0.220290 0.211991 0.226356 0.131147 
