1.070646 0.581969 0.425862 0.338805 0.300847 0.268439 0.249385 0.236880 0.232686 0.218966 0.220984 0.132203 
1.067370 0.582180 0.424765 0.340573 0.302644 0.266840 0.247736 0.241067 0.228030 0.222958 0.218976 0.131981 
1.048392 0.581659 0.427046 0.341852 0.295352 0.274652 0.252590 0.231145 0.230701 0.236661 0.207263 0.131035 
1.088512 0.521804 0.305052 0.282899 0.387611 0.332696 0.280427 0.184549 0.158487 0.240830 0.268863 0.137717 
1.022776 0.489567 0.303853 0.336333 0.392323 0.329385 0.223677 0.200447 0.170844 0.313483 0.214088 0.116400 
1.018315 0.415884 0.352632 0.324325 0.392420 0.348905 0.249028 0.211518 0.176634 0.262751 0.211028 0.117186 
1.757268 -0.189988 0.806255 0.552513 -0.050988 0.106018 -0.155599 -0.145348 0.098358 0.046405 -0.164740 -0.010415 
1.463718 -0.321185 0.668718 0.495196 -0.119042 -0.047550 -0.149522 -0.172332 0.077014 0.077217 -0.084180 0.013560 
2.158292 -0.336692 0.161066 0.473282 0.139342 0.000086 -0.020459 -0.135198 -0.095267 0.021447 0.148307 0.139144 
2.427960 -0.123220 0.385501 0.564709 0.105295 0.051263 0.106212 0.000498 0.044293 0.115038 0.041827 -0.005183 
2.718212 -0.335027 0.000886 0.139149 -0.135323 0.072822 0.180137 -0.051217 -0.123127 0.128533 0.317762 0.250927 
2.303119 -0.268023 0.160240 0.026325 0.010580 0.062619 -0.016728 -0.002113 0.170168 0.272728 0.270075 0.167505 
2.822157 -0.141839 0.072840 0.544827 0.224740 -0.135345 0.011509 0.153172 0.172714 0.223341 0.223605 0.072988 
2.548034 0.266919 0.128503 0.502245 0.122518 -0.128169 0.067920 0.046644 0.048611 0.180158 0.158471 -0.030681 
1.811579 0.693669 0.236708 0.216925 0.396269 0.331501 0.144848 0.077992 0.099609 0.198414 0.156334 0.108455 
1.077318 0.580227 0.428743 0.341285 0.297943 0.271927 0.251111 0.237712 0.224213 0.221295 0.218165 0.132581 
1.073012 0.584693 0.423786 0.341401 0.300876 0.269275 0.252555 0.237962 0.227534 0.220828 0.217612 0.132576 
1.072286 0.582470 0.419766 0.346762 0.295326 0.268923 0.255501 0.240460 0.223998 0.222465 0.218538 0.132308 
1.070117 0.581168 0.420899 0.346342 0.296323 0.267554 0.252292 0.237377 0.233477 0.219049 0.219325 0.132070 
1.072011 0.580989 0.424406 0.339640 0.295168 0.274095 0.250095 0.239975 0.225066 0.220433 0.222753 0.132093 
1.070029 0.586069 0.422288 0.340432 0.300337 0.269143 0.252303 0.233038 0.234160 0.219443 0.219230 0.132300 
