1.084120 0.586607 0.422398 0.338515 0.293346 0.262469 0.246848 0.235075 0.230145 0.225062 0.225331 0.132626 
1.074103 0.584180 0.423072 0.341272 0.299868 0.268671 0.248314 0.237899 0.227987 0.224286 0.219219 0.132481 
1.077591 0.583196 0.421660 0.345641 0.298105 0.268690 0.251524 0.236747 0.229861 0.222355 0.217721 0.132857 
1.106634 0.597950 0.419403 0.333047 0.290276 0.262153 0.248095 0.232937 0.222623 0.224324 0.226590 0.134110 
1.095519 0.574357 0.418732 0.349214 0.290156 0.248125 0.256880 0.240717 0.225696 0.207193 0.235630 0.132535 
1.073717 0.484899 0.425407 0.365737 0.233853 0.202277 0.347656 0.254076 0.178033 0.217569 0.276237 0.119841 
2.583581 -0.051528 -0.250148 0.262696 -0.298328 -0.010813 0.220248 0.139044 -0.097483 0.117816 0.296524 0.224238 
2.440557 -0.303335 -0.053380 0.185485 -0.199382 -0.028124 0.108405 -0.063895 -0.123040 0.171491 0.323924 0.196821 
2.129577 -0.356243 0.213553 0.356397 0.030863 -0.277908 -0.018434 -0.174223 0.037032 0.234004 0.125196 0.056685 
2.146879 -0.347065 0.662840 0.343101 -0.036942 -0.275760 -0.134488 -0.123456 -0.004435 0.091269 -0.064207 0.035730 
1.751708 -0.162670 0.892602 0.577268 0.080791 -0.225093 -0.106552 -0.133106 0.027154 -0.035441 -0.173072 0.073349 
2.044022 -0.044584 0.593408 0.633778 0.349715 -0.184186 0.054210 -0.251626 0.001558 0.168924 -0.011256 -0.010961 
2.102818 0.093235 0.498625 0.786776 0.206840 0.044242 0.076173 -0.155082 -0.051348 -0.030868 0.028870 0.027578 
2.022298 0.980467 0.709765 0.723848 0.431496 -0.013923 -0.110460 0.052621 0.096069 0.055045 -0.027168 0.058998 
1.577581 0.864657 0.690543 0.588818 0.447045 0.059995 -0.124942 -0.024539 0.071153 0.042551 0.027072 0.030194 
1.081838 0.587811 0.425016 0.345627 0.299234 0.270474 0.249156 0.236840 0.226681 0.219439 0.218749 0.133503 
1.076437 0.586100 0.424245 0.344000 0.299640 0.271034 0.249625 0.236611 0.228693 0.221524 0.217360 0.133051 
1.075814 0.580647 0.420931 0.340851 0.299351 0.272996 0.250869 0.239327 0.227349 0.220079 0.220405 0.132479 
1.075803 0.583901 0.422336 0.343491 0.297218 0.269940 0.251526 0.236003 0.228855 0.224278 0.217794 0.132690 
1.072600 0.582992 0.421546 0.345679 0.294966 0.271137 0.250447 0.239075 0.227025 0.223766 0.218955 0.132437 
