1.074775 0.582567 0.421185 0.343095 0.297943 0.270807 0.250848 0.237821 0.230394 0.222296 0.218282 0.132592 
1.076118 0.583146 0.421283 0.342927 0.298627 0.270093 0.251026 0.238306 0.230136 0.223450 0.216493 0.132737 
1.074379 0.583262 0.421190 0.343750 0.298716 0.269963 0.250924 0.238104 0.230284 0.223078 0.217044 0.132661 
1.076405 0.582885 0.422333 0.342697 0.299364 0.268864 0.252059 0.237320 0.229423 0.222722 0.217225 0.132713 
1.131999 0.611634 0.452569 0.367741 0.304929 0.257767 0.231117 0.231814 0.220927 0.202364 0.209488 0.137181 
1.515897 0.175557 0.296783 0.565386 0.340578 0.176644 0.036841 0.162220 0.159815 0.063672 0.254421 0.197379 
1.509171 0.130813 -0.174803 0.140406 0.297010 0.055999 -0.341996 0.235802 0.091562 0.230583 0.310915 0.147035 
1.446930 -0.040904 -0.056249 -0.266338 0.345830 0.106063 -0.271232 0.072030 0.143023 0.281523 0.389752 0.048530 
1.300217 -0.193084 0.172211 -0.006803 0.151522 0.145376 -0.318520 0.005800 0.294798 0.219155 0.364191 0.089761 
1.604970 -0.408276 0.262078 0.066537 0.237701 -0.093271 -0.328994 0.056240 0.364021 0.260553 0.163757 0.060764 
1.547875 -0.463736 0.558173 0.263934 0.157866 -0.337659 -0.143117 0.122414 0.296973 0.233688 0.076576 0.196651 
1.604020 -0.321682 0.629068 0.400561 0.016930 -0.284499 -0.151335 0.177856 0.113932 0.088113 0.201605 0.190067 
1.749500 -0.071037 0.870426 0.354419 0.151898 -0.155496 0.079483 -0.017329 0.115845 0.063084 -0.021854 0.261088 
1.566803 0.145176 0.916118 0.463062 0.066146 0.089831 -0.204159 0.087624 0.035321 0.054113 0.091189 0.037988 
1.706752 0.730675 0.914178 0.684432 0.144172 0.071020 0.197374 0.088916 -0.032616 0.043981 0.077677 0.023077 
1.091992 0.591807 0.431506 0.351355 0.299994 0.266451 0.248559 0.234592 0.223244 0.216125 0.216079 0.134300 
1.077102 0.580246 0.421159 0.344848 0.299229 0.268702 0.249381 0.237123 0.230075 0.222424 0.218886 0.132515 
1.078268 0.584205 0.422704 0.344057 0.298090 0.270153 0.249857 0.236603 0.228769 0.222382 0.219066 0.132941 
1.076339 0.582364 0.420344 0.344638 0.297618 0.269317 0.250867 0.238972 0.229504 0.222024 0.218720 0.132649 
1.074789 0.583692 0.421565 0.341661 0.298240 0.271118 0.249233 0.238881 0.228605 0.223864 0.218448 0.132593 
1.075419 0.582001 0.422094 0.342562 0.297758 0.270166 0.251869 0.237188 0.228803 0.224302 0.217975 0.132598 
