1.072055 0.587590 0.423165 0.344449 0.298087 0.273469 0.249286 0.237925 0.227593 0.221079 0.217341 0.132793 
1.068024 0.583443 0.425610 0.339783 0.300129 0.269780 0.247649 0.240322 0.229416 0.226493 0.214840 0.132243 
1.022617 0.631013 0.379006 0.385506 0.258891 0.311293 0.214993 0.273312 0.200552 0.246955 0.198816 0.137171 
0.995435 0.620012 0.403735 0.351158 0.296059 0.271003 0.255578 0.231472 0.230410 0.226021 0.216895 0.128276 
0.982772 0.594290 0.365468 0.338727 0.347530 0.288195 0.272352 0.180466 0.235303 0.216533 0.236496 0.123928 
1.023883 0.542868 0.484938 0.356237 0.288577 0.277415 0.175019 0.152009 0.269256 0.240155 0.157541 0.121804 
0.964923 -0.016875 0.795104 0.588990 0.200834 0.086185 -0.274873 -0.218711 0.141777 -0.088041 -0.309515 -0.064445 
1.366216 -0.090359 0.623538 0.919879 -0.132830 0.010756 -0.260305 -0.068623 -0.061117 -0.067923 -0.349433 -0.027026 
1.717842 0.216531 0.697844 1.227208 0.042929 0.296818 -0.178876 -0.087725 0.090350 0.096384 -0.299418 -0.011456 
1.840469 0.220575 0.893941 1.112733 0.242740 0.072235 0.020996 -0.128786 0.166871 -0.012580 -0.156075 -0.037789 
1.562260 0.907645 0.947712 0.812215 0.454787 0.042739 -0.091712 0.039502 0.064707 -0.084168 -0.110671 -0.016890 
1.558165 0.066139 0.151170 0.391009 0.332935 0.191868 0.130132 -0.006663 0.037411 0.208881 0.167849 0.047157 
0.893553 0.481996 0.427930 0.360475 0.386908 0.242339 0.288722 0.179877 0.280963 0.262189 0.108397 0.130801 
0.937254 0.515971 0.475012 0.309986 0.292827 0.401636 0.161287 0.221942 0.278634 0.215315 0.182724 0.136165 
0.981422 0.421641 0.574616 0.393881 0.118993 0.340378 0.376361 0.082731 0.178519 0.406623 0.150294 0.067628 
1.062202 0.567125 0.426000 0.360897 0.294673 0.263929 0.246574 0.235573 0.237741 0.226802 0.211322 0.131243 
1.070598 0.580849 0.426574 0.347650 0.292241 0.274879 0.248715 0.234986 0.228170 0.226798 0.215115 0.132345 
