1.076509 0.582304 0.423154 0.341481 0.299351 0.268480 0.251738 0.237237 0.228916 0.224144 0.217526 0.132665 
1.074846 0.582793 0.424157 0.341598 0.298154 0.271209 0.249182 0.237320 0.230771 0.220864 0.219319 0.132614 
1.077293 0.582509 0.422143 0.344236 0.300148 0.268756 0.250411 0.237870 0.228280 0.223717 0.217058 0.132804 
1.055575 0.583923 0.414050 0.353268 0.292033 0.269998 0.262015 0.225603 0.237803 0.217777 0.219990 0.130761 
0.939502 0.665456 0.286332 0.437039 0.217977 0.369081 0.168461 0.319431 0.201683 0.260747 0.156612 0.149518 
0.999451 0.536248 0.379649 0.431507 0.251117 0.354239 0.231780 0.135738 0.202151 0.305865 0.209965 0.115232 
1.933299 -0.300203 1.427946 1.008052 -0.205273 0.136046 0.082755 -0.103577 0.036885 0.041849 -0.203343 -0.056761 
0.975389 0.208494 0.717168 1.023117 -0.043866 0.036031 -0.085552 -0.014068 0.082708 -0.138305 -0.164964 -0.014871 
0.949323 0.154383 0.575588 1.055333 -0.012709 -0.023659 -0.018990 -0.066443 0.045752 -0.135940 -0.162771 -0.093606 
1.495770 -0.000434 0.708070 0.748290 0.231602 0.007447 0.100252 -0.432693 -0.024720 0.033690 -0.058578 -0.175029 
2.635202 -0.586140 0.773100 0.104686 -0.010450 0.342789 0.045079 -0.109805 -0.150544 -0.142628 0.108624 0.069665 
3.212447 0.150614 0.110544 0.233207 -0.341919 -0.047024 0.303084 0.012281 -0.309587 -0.098573 0.072125 -0.021361 
3.227060 1.008393 0.214043 -0.119515 -0.472805 -0.165382 0.323610 0.106199 0.021085 0.083219 0.027459 -0.103104 
2.939183 1.306243 0.138338 -0.405916 -0.363911 -0.061609 0.134623 0.116178 0.065108 0.063193 -0.030712 0.003984 
2.480447 1.354448 0.531387 -0.033905 -0.126487 -0.050184 0.086639 0.153999 0.115166 0.128442 0.074728 0.043606 
1.360753 0.747959 0.456715 0.279363 0.195808 0.191158 0.223638 0.247044 0.235960 0.197510 0.169604 0.128571 
1.081649 0.586526 0.424317 0.346212 0.295108 0.271895 0.250680 0.235539 0.229784 0.220991 0.215727 0.133311 
1.079256 0.584035 0.424373 0.343453 0.296720 0.269794 0.251014 0.236259 0.226878 0.223241 0.219021 0.132929 
1.076649 0.578506 0.425160 0.342788 0.295289 0.270388 0.250930 0.237855 0.231735 0.222399 0.217396 0.132527 
1.078058 0.582531 0.422776 0.343757 0.298274 0.269465 0.250531 0.236292 0.230669 0.222317 0.218291 0.132843 
1.075643 0.580121 0.422288 0.345756 0.298606 0.267016 0.251373 0.239763 0.228193 0.220224 0.220577 0.132562 
1.075412 0.580874 0.421257 0.346795 0.298669 0.267561 0.250962 0.238610 0.230453 0.222309 0.217177 0.132615 
