0.950507 0.587052 0.469427 0.312393 0.313186 0.286407 0.226816 0.223926 0.255032 0.194894 0.227031 0.123955 
0.981407 0.593247 0.498071 0.309830 0.292704 0.325401 0.182655 0.250443 0.245412 0.170691 0.238628 0.127882 
0.964200 0.570153 0.496357 0.268401 0.359769 0.244426 0.210942 0.263645 0.257520 0.161140 0.254971 0.119333 
0.946211 0.574266 0.485167 0.309469 0.292550 0.292792 0.208299 0.246286 0.255215 0.191157 0.238886 0.122471 
0.955134 0.581437 0.463417 0.345699 0.295340 0.264059 0.269461 0.194555 0.262001 0.195857 0.224473 0.124484 
1.009542 0.577531 0.452585 0.344450 0.313759 0.248811 0.246669 0.217621 0.247478 0.208650 0.219307 0.127872 
0.972872 0.361059 0.344880 0.350382 -0.030562 0.173228 0.081232 -0.109204 0.094228 0.127823 0.017864 0.071166 
2.272282 0.178961 0.144193 -0.237654 0.091984 -0.349394 0.190584 0.245391 -0.189326 -0.172374 -0.219657 -0.029224 
2.224189 0.426288 0.442913 -0.257450 -0.046900 -0.547878 0.134891 0.337883 -0.265204 -0.120162 -0.066872 -0.016816 
2.301032 0.506812 0.642775 -0.168180 -0.216821 -0.554732 0.221253 0.035299 -0.023856 -0.254171 -0.227211 0.116437 
2.215842 0.643552 0.657662 -0.208699 -0.130843 -0.619826 0.176745 0.123544 -0.103720 -0.076114 -0.093490 0.075079 
2.193745 0.660035 0.573084 -0.254082 -0.286940 -0.610472 0.307997 0.177635 -0.138588 0.037766 -0.010296 -0.052257 
2.265656 0.884272 0.661123 -0.113159 -0.156544 -0.584515 0.183930 0.254260 -0.189223 0.062691 -0.006071 -0.107235 
2.547638 1.164040 0.698932 0.089922 -0.213595 -0.426015 0.228813 0.225735 -0.230110 -0.046697 -0.074923 -0.244461 
2.869067 1.355547 0.685633 0.147466 -0.166328 -0.238203 0.222219 0.305280 -0.221135 0.021834 -0.105629 -0.246263 
2.384045 1.460263 0.784490 0.223118 0.094293 0.034168 0.140192 0.173348 0.039004 -0.062967 -0.054740 -0.128705 
1.817505 1.029130 0.676412 0.343021 0.112889 0.064112 0.299446 0.386487 0.232925 0.038734 0.071218 -0.024091 
0.995827 0.645173 0.459261 0.321106 0.321453 0.249899 0.251192 0.228053 0.209705 0.210048 0.220182 0.128118 
1.009893 0.598612 0.448817 0.365035 0.316796 0.265176 0.242609 0.196267 0.259422 0.189295 0.217851 0.128579 
1.020187 0.584378 0.448904 0.349830 0.320000 0.261714 0.236782 0.254847 0.223602 0.200342 0.207113 0.129520 
0.949701 0.567100 0.461099 0.342228 0.284384 0.258887 0.276787 0.224040 0.226432 0.240574 0.203382 0.123573 
0.985837 0.579957 0.475060 0.313269 0.330878 0.242336 0.272548 0.201292 0.255370 0.226470 0.190150 0.132326 
0.988222 0.567934 0.461803 0.358177 0.268430 0.278823 0.266134 0.244044 0.174650 0.256256 0.209843 0.123710 
