1.077575 0.582247 0.422053 0.343020 0.298408 0.270340 0.250743 0.237553 0.229629 0.222653 0.218183 0.132795 
1.077425 0.582528 0.421464 0.343495 0.297883 0.269801 0.251073 0.238287 0.229135 0.223229 0.217933 0.132781 
1.077499 0.582521 0.421913 0.343351 0.298296 0.269551 0.250556 0.238770 0.228954 0.222505 0.218561 0.132799 
1.077728 0.582211 0.421761 0.343378 0.297810 0.269944 0.250904 0.238479 0.229272 0.222721 0.218168 0.132791 
1.077458 0.582131 0.421328 0.342584 0.298099 0.270113 0.251395 0.237903 0.229705 0.222964 0.218033 0.132733 
1.078203 0.583222 0.421566 0.343171 0.297995 0.270231 0.251213 0.238470 0.228448 0.222408 0.218304 0.132866 
1.108240 0.415229 0.945314 0.457374 0.066810 0.250190 0.110597 0.058570 0.213390 0.103558 0.263770 0.166523 
0.519601 -0.060989 0.934021 0.589129 -0.182751 -0.166777 -0.031196 -0.069513 0.028345 -0.118390 0.056611 0.205650 
0.474385 -0.069462 0.988841 0.649962 -0.218652 -0.193216 0.079978 -0.073186 -0.016680 -0.168248 0.086545 0.163983 
0.531624 0.005518 1.169368 0.644894 -0.081104 -0.150697 0.216063 -0.193799 -0.042222 -0.147180 -0.070093 0.058373 
0.670024 0.206288 1.150221 0.704270 -0.073107 -0.099488 0.279347 -0.154915 -0.092810 -0.132750 0.034889 -0.035478 
0.744537 0.261096 1.345165 0.643448 -0.011764 -0.010799 0.121161 -0.026693 -0.001776 -0.148837 0.030343 0.092660 
0.915007 0.503866 1.290665 0.848995 0.097178 -0.125626 0.316214 -0.051038 -0.031337 -0.156667 0.002989 0.050966 
1.073325 0.411996 1.081579 0.885739 0.021239 -0.170617 0.392317 0.021808 -0.073322 -0.095823 0.093907 0.041375 
1.106023 0.428223 0.857685 0.748696 0.137940 0.030471 0.494859 0.185437 0.050056 0.019958 0.237968 0.095267 
1.322988 0.049407 0.627737 0.442605 0.132281 0.108329 -0.001463 0.240554 0.416288 0.341216 0.105235 0.093350 
1.077119 0.582544 0.422899 0.343307 0.298173 0.269155 0.251344 0.238234 0.228893 0.222229 0.218332 0.132783 
1.078184 0.583158 0.421891 0.342869 0.297524 0.270726 0.250609 0.238113 0.228843 0.222628 0.218405 0.132840 
1.077499 0.583497 0.421808 0.343860 0.297724 0.270417 0.250990 0.237778 0.228749 0.222965 0.218039 0.132875 
1.077218 0.583230 0.421543 0.343792 0.297774 0.270183 0.251221 0.238379 0.228708 0.223166 0.217764 0.132846 
1.077824 0.583519 0.422046 0.343204 0.298413 0.270024 0.250357 0.238088 0.228987 0.222485 0.218393 0.132874 
1.078992 0.583607 0.422769 0.343477 0.298372 0.270265 0.251367 0.236974 0.228639 0.222440 0.217998 0.133011 
