1.021090 0.565839 0.447598 0.315097 0.317548 0.269040 0.250522 0.227861 0.235518 0.218610 0.223474 0.127791 
1.037890 0.581877 0.463015 0.323417 0.303576 0.287460 0.225216 0.240817 0.221077 0.212106 0.226355 0.129628 
1.024133 0.576692 0.462994 0.302128 0.321318 0.260870 0.252556 0.243379 0.198546 0.237820 0.224084 0.126838 
1.037182 0.582348 0.452426 0.334187 0.301699 0.264226 0.245854 0.233987 0.211548 0.237094 0.216863 0.129364 
1.015441 0.580776 0.434408 0.335770 0.309262 0.268413 0.245863 0.231459 0.241103 0.210815 0.224310 0.127874 
1.460772 0.632310 0.352909 0.026992 0.407747 -0.069786 0.295911 0.158358 -0.188135 -0.154122 -0.121260 0.072993 
2.032105 0.581440 0.588367 -0.294225 0.049369 -0.551446 0.101350 0.332626 0.009190 -0.229098 -0.166508 0.049128 
1.992063 0.643315 0.966505 -0.351869 0.008975 -0.457202 -0.024569 0.295564 -0.269140 -0.100191 0.067616 -0.091205 
2.247262 0.681484 1.069926 -0.195980 -0.111404 -0.499104 0.045410 0.223859 -0.195736 -0.150785 0.005979 -0.015045 
2.201298 0.886220 0.865222 0.010533 -0.135794 -0.507196 -0.028038 0.243360 -0.243951 0.015246 0.115108 -0.094620 
2.220771 1.370441 0.773845 -0.029027 -0.022956 -0.221024 -0.048450 0.274003 -0.022166 0.027146 0.024781 -0.178047 
2.396454 1.347158 0.860132 0.283792 -0.193971 -0.088952 0.172667 0.083961 -0.012537 0.072718 0.031846 -0.109502 
2.479730 1.570318 0.945771 0.215759 -0.031740 -0.009566 0.138973 0.085785 0.103597 0.058189 0.036944 -0.038339 
1.417748 0.902701 0.807605 0.543405 0.465936 0.326867 0.142015 0.185686 0.160320 0.037385 0.070145 0.040963 
1.043186 0.585402 0.440324 0.339815 0.309887 0.280846 0.229622 0.227896 0.237065 0.210497 0.215118 0.130191 
1.041179 0.568404 0.463748 0.318790 0.311131 0.280666 0.237226 0.238072 0.224213 0.216790 0.219388 0.129775 
1.034678 0.597098 0.443891 0.335570 0.281528 0.290467 0.227412 0.238302 0.230405 0.220083 0.220469 0.130561 
1.016640 0.575171 0.455130 0.290750 0.316996 0.290599 0.248882 0.247684 0.220208 0.201258 0.232970 0.126659 
1.062815 0.593203 0.417026 0.284918 0.335939 0.308418 0.283650 0.258170 0.154480 0.204729 0.222462 0.131892 
1.022366 0.568463 0.453297 0.306844 0.304448 0.304638 0.235706 0.258130 0.222198 0.213101 0.212726 0.128628 
