1.076411 0.582493 0.421570 0.342721 0.298528 0.270088 0.251544 0.238836 0.228336 0.222463 0.218622 0.132727 
1.077763 0.582743 0.420125 0.342478 0.298051 0.270766 0.252129 0.238682 0.228338 0.222584 0.218322 0.132759 
1.075367 0.582878 0.422226 0.342687 0.297938 0.269766 0.251023 0.238154 0.229141 0.224066 0.217698 0.132670 
1.077620 0.583837 0.421858 0.342802 0.298284 0.269450 0.251065 0.238667 0.227446 0.222699 0.219057 0.132824 
1.082736 0.582494 0.418652 0.339854 0.296209 0.271701 0.252051 0.237017 0.228978 0.223526 0.218528 0.132727 
1.079927 0.577466 0.416654 0.336952 0.291688 0.267394 0.267988 0.232236 0.223841 0.220682 0.226005 0.131741 
2.810184 -0.142384 0.137355 0.062612 -0.466602 0.141974 0.280956 0.058044 -0.108448 0.154435 0.246135 0.175558 
2.144632 -0.227433 -0.033412 -0.036765 -0.315673 0.104349 0.202260 -0.038102 -0.133199 0.226162 0.305588 0.175135 
1.890386 -0.376038 0.032198 0.077721 -0.209173 0.052674 0.144820 -0.142159 -0.139024 0.292058 0.387002 0.186685 
1.822923 -0.437070 0.331253 0.316302 -0.025969 -0.225105 -0.007464 -0.172582 0.076765 0.302542 0.171942 0.114117 
1.768563 -0.197365 0.721441 0.427096 0.012514 -0.288889 -0.075705 -0.058255 -0.001141 0.022765 -0.117647 0.065402 
1.628547 -0.104300 0.826746 0.641865 0.146415 -0.246183 0.039258 -0.189530 0.038047 0.041936 -0.098147 0.086964 
2.035764 0.090517 0.701448 0.650341 0.334055 -0.141075 0.020919 -0.137148 -0.077624 0.123222 0.063331 -0.017193 
1.641744 0.410046 0.703727 0.863457 0.255087 -0.025498 0.086381 -0.007797 -0.029635 0.100015 0.131797 0.006674 
1.507944 0.657863 0.543197 0.637076 0.425847 0.020178 -0.126487 0.056279 0.199577 0.099165 0.061011 0.071142 
1.078353 0.583214 0.422366 0.344109 0.298050 0.270085 0.250620 0.238533 0.228938 0.221088 0.218631 0.132934 
1.077452 0.583325 0.421929 0.342615 0.298238 0.269969 0.249849 0.237428 0.228649 0.223865 0.218777 0.132762 
1.077432 0.582678 0.421779 0.342668 0.298349 0.269804 0.250692 0.238910 0.228748 0.222234 0.218824 0.132767 
1.078351 0.583447 0.422033 0.342636 0.298462 0.269145 0.250856 0.238027 0.229180 0.222656 0.218477 0.132866 
1.075359 0.582915 0.421516 0.342100 0.297675 0.270229 0.251022 0.239343 0.229845 0.221793 0.218613 0.132621 
