1.062670 0.570435 0.428863 0.341955 0.291973 0.271481 0.253017 0.242675 0.225355 0.225790 0.215192 0.130810 
1.059268 0.569217 0.432317 0.334656 0.296867 0.269351 0.256253 0.242581 0.224701 0.223070 0.217968 0.130472 
1.052115 0.589418 0.426118 0.341177 0.284402 0.270743 0.253161 0.227056 0.232708 0.223452 0.224472 0.130240 
1.067211 0.581542 0.419326 0.347477 0.297152 0.272010 0.239969 0.228266 0.237118 0.227794 0.216511 0.131214 
1.010780 0.242845 0.446930 0.400229 0.305189 0.273744 0.172564 0.345749 0.292996 0.260966 -0.076078 0.098287 
0.713489 0.165990 0.488574 0.519321 0.158494 0.346257 0.227778 0.250743 0.337852 0.290365 -0.019553 0.121110 
2.329776 -0.351874 0.912838 0.682456 0.024025 -0.127768 0.012795 -0.074071 -0.085996 -0.091684 -0.143270 -0.021429 
1.451886 -0.184756 1.063706 0.793177 -0.028813 -0.290921 -0.144403 0.035436 -0.117252 -0.310001 -0.148813 0.047448 
1.220862 -0.056678 0.974959 0.839676 -0.146445 -0.167004 -0.123874 0.090392 -0.198898 -0.282491 -0.034111 0.043508 
1.055862 0.049441 1.163874 0.709835 -0.071606 -0.071976 -0.175052 0.101709 -0.164648 -0.309831 -0.073076 0.021199 
2.231467 -0.256396 1.556849 0.736585 0.020805 -0.059299 -0.089936 0.106727 -0.141659 -0.382377 -0.032654 0.004429 
2.344201 0.161876 1.298195 0.985914 -0.285971 -0.365752 -0.081802 0.184554 -0.283005 -0.247556 0.110729 0.079708 
2.377535 0.651005 1.369537 1.230791 -0.087664 -0.269497 0.178635 0.111206 -0.314837 -0.187066 0.058647 0.008239 
1.706692 1.096691 0.882152 0.596959 0.365346 0.196520 0.106044 0.065579 0.037908 0.015308 0.034479 0.024159 
1.131865 0.624971 0.499480 0.390565 0.321580 0.254098 0.254416 0.240588 0.190284 0.178081 0.199581 0.137461 
1.060054 0.590769 0.425410 0.348484 0.294681 0.262965 0.255193 0.236032 0.228943 0.221671 0.213961 0.131705 
1.058606 0.593389 0.422971 0.345855 0.312562 0.252339 0.253990 0.225352 0.236978 0.211715 0.224727 0.131569 
1.066216 0.587699 0.425966 0.345275 0.295988 0.268252 0.255135 0.228122 0.235546 0.220548 0.214084 0.132070 
1.064913 0.571585 0.424481 0.350278 0.295505 0.264493 0.264963 0.231198 0.226452 0.221869 0.218625 0.131201 
1.066426 0.588249 0.426375 0.344609 0.299055 0.266757 0.246735 0.245541 0.226428 0.214093 0.220950 0.132138 
