1.015332 0.581573 0.412281 0.361887 0.277833 0.257801 0.275837 0.232837 0.230159 0.215011 0.224836 0.125999 
1.022003 0.613755 0.399089 0.367451 0.304309 0.284756 0.234179 0.226821 0.235756 0.230733 0.195076 0.130821 
1.026764 0.565072 0.447372 0.320519 0.299381 0.282445 0.236662 0.241530 0.230629 0.232362 0.203110 0.127748 
0.698411 0.828332 0.261151 0.474905 0.216167 0.296793 0.267791 0.175889 0.290386 0.187157 0.238102 0.087479 
0.704370 0.637865 0.232602 0.482157 0.213852 0.355962 0.305491 0.150508 0.150777 0.345593 0.181444 0.109163 
0.605554 0.201301 0.301798 0.375662 0.309181 0.558938 0.262253 0.052481 0.272809 0.234220 0.163442 0.100263 
1.307556 -0.217187 0.803119 0.493016 0.184731 -0.088422 -0.170343 -0.337883 0.060534 -0.048999 -0.302240 -0.085636 
1.003203 -0.186395 0.948440 0.991199 -0.166533 -0.454720 0.171854 -0.153283 -0.144094 -0.247382 -0.097518 -0.048898 
1.264969 -0.159638 0.919646 1.481527 -0.109343 -0.181293 0.082849 0.027553 0.103161 -0.214900 -0.109636 0.035592 
1.483605 -0.177766 1.379031 1.412866 -0.051519 -0.141460 0.318629 0.016607 -0.053056 -0.082506 -0.070495 -0.006827 
2.211855 -0.728280 0.335632 -0.059210 0.412772 0.279410 -0.012367 0.307163 0.094760 0.022009 0.150411 -0.075079 
0.886769 0.016731 0.480107 0.350308 0.460342 0.301187 0.247502 0.063317 0.231760 0.196025 0.218018 0.101033 
0.639752 0.269439 0.415527 0.361153 0.382268 0.278710 0.343305 0.147898 0.207656 0.409174 0.029117 0.084025 
0.609387 0.222642 0.617437 0.430860 0.225418 0.384690 0.319289 0.023973 0.385193 0.289395 0.019874 0.129317 
0.964727 0.405262 0.519832 0.457624 0.177646 0.289689 0.337697 0.175446 0.167507 0.318793 0.158836 0.087572 
0.981997 0.597378 0.449933 0.377098 0.255709 0.269120 0.291097 0.170327 0.244880 0.263681 0.171572 0.127646 
1.011354 0.584668 0.443640 0.324519 0.298727 0.293176 0.207898 0.243235 0.218781 0.234733 0.224491 0.126434 
