0.924046 0.576377 0.444430 0.361493 0.257303 0.318180 0.231831 0.210579 0.253707 0.193784 0.209381 0.121047 
0.978108 0.571258 0.409643 0.396316 0.279049 0.301853 0.259063 0.225831 0.181372 0.198253 0.226247 0.121648 
0.989481 0.564717 0.454549 0.329762 0.318464 0.321899 0.218582 0.211172 0.219320 0.168010 0.238922 0.122554 
0.961709 0.586663 0.395647 0.357676 0.269823 0.256626 0.310030 0.215977 0.177993 0.252778 0.208537 0.119079 
0.595541 0.907376 0.144331 0.422970 0.301830 0.361863 0.159016 0.270765 0.170729 0.230936 0.202678 0.105427 
0.546683 0.476822 0.203087 0.400114 0.100085 0.503149 0.382673 -0.036388 0.278704 0.429575 0.053734 0.047758 
1.000714 0.686889 0.663714 0.594622 0.214536 0.352878 0.115686 -0.070762 0.241725 0.062010 0.028340 0.046940 
1.482957 0.250922 0.971230 0.678141 -0.104860 0.188353 -0.119281 -0.112446 0.125420 -0.062593 -0.288938 0.037868 
1.449629 0.170620 0.875829 0.857254 -0.092970 0.075729 -0.021496 -0.123519 -0.004559 -0.134307 -0.213755 -0.034979 
1.430329 0.073299 1.015540 0.899541 -0.027618 -0.002090 -0.014945 -0.225066 0.031769 -0.082958 -0.292674 -0.113878 
1.395777 0.113018 1.027162 0.410056 0.140276 0.193355 -0.079746 -0.202929 0.087952 0.002373 -0.140487 -0.043526 
2.817190 -0.409991 0.726955 -0.067552 0.096139 0.037897 -0.088605 -0.028226 -0.420866 -0.235869 0.073592 -0.049386 
3.417033 0.192210 0.246907 -0.086406 -0.091184 -0.378786 0.205717 -0.001928 -0.301098 -0.000902 -0.009400 -0.076836 
3.496424 0.377204 0.284766 0.368678 -0.393799 -0.181603 0.231831 0.124790 -0.104407 0.014148 0.054073 -0.104458 
2.673177 0.649677 0.436311 0.220954 -0.379499 -0.212108 0.333175 0.049175 -0.068721 0.032673 0.067018 -0.117287 
1.667922 0.536605 0.126413 0.113579 0.137605 0.165070 0.203469 0.147919 0.112028 0.304525 0.241109 0.144745 
1.264188 0.665105 0.397478 0.139327 0.184073 0.268025 0.186270 0.146494 0.225241 0.341123 0.208085 0.152495 
1.161489 0.506516 0.283000 0.161489 0.248131 0.298895 0.189536 0.296152 0.282341 0.243065 0.279260 0.099740 
1.122689 0.538559 0.392472 0.341753 0.259553 0.248219 0.217133 0.161515 0.217795 0.281397 0.220386 0.118371 
1.095757 0.453648 0.351384 0.295950 0.269229 0.308016 0.209490 0.180274 0.211995 0.289868 0.274075 0.108772 
1.040508 0.324570 0.409473 0.234590 0.356494 0.448866 0.238418 0.136843 0.230721 0.089668 0.341610 0.158945 
