1.070761 0.585844 0.425974 0.347310 0.297783 0.270207 0.249576 0.237216 0.224882 0.221887 0.219078 0.132629 
1.072850 0.580591 0.422734 0.339472 0.300730 0.275622 0.250294 0.235528 0.228400 0.223128 0.217379 0.132356 
1.036471 0.470366 0.473299 0.401890 0.269663 0.279815 0.238550 0.222022 0.293336 0.227429 0.161123 0.131327 
1.014599 0.528610 0.328407 0.322027 0.387326 0.254221 0.306569 0.212576 0.190079 0.226805 0.242739 0.127675 
1.023979 0.416613 0.252387 0.373054 0.425963 0.398588 0.209852 0.218975 0.170703 0.201063 0.252077 0.130360 
0.908621 0.413362 0.582619 0.316882 0.256490 0.444788 0.173994 0.153076 0.414072 0.188599 0.068017 0.187413 
1.729144 -0.282804 0.734305 0.477318 -0.107380 0.071948 -0.282027 -0.119271 0.195739 -0.031486 -0.174322 0.105380 
1.471982 -0.506511 0.556930 0.515935 -0.105859 -0.042374 -0.308604 -0.111746 0.132326 -0.012120 -0.033233 0.157175 
2.062532 -0.398693 0.168371 0.348728 0.076896 0.019545 -0.075622 -0.281923 -0.062068 0.045893 0.077247 0.145421 
2.412163 -0.475352 0.651516 0.487368 0.205784 0.201862 -0.082441 -0.091902 0.127445 0.062186 -0.021882 0.047475 
2.884549 -0.097184 -0.070474 0.097973 -0.210880 0.064389 0.234883 -0.051051 -0.207580 0.046127 0.202306 0.132306 
2.566210 -0.036609 -0.219772 0.164348 -0.006760 -0.044771 0.190124 -0.051172 0.027073 0.240031 0.371451 0.182832 
2.661776 0.094631 -0.014558 0.449034 0.073128 -0.051866 0.201880 0.084760 0.092208 0.195826 0.290056 0.124670 
2.225319 0.732766 0.089726 0.133667 0.279364 0.200572 0.025249 -0.036254 0.051991 0.152643 0.122893 0.057840 
1.786554 0.825982 0.332943 0.141935 0.267691 0.251349 0.111036 0.046187 0.081270 0.278091 0.239167 0.204974 
1.082772 0.590970 0.429306 0.346179 0.303290 0.270408 0.251117 0.232142 0.221104 0.222197 0.213863 0.133668 
1.069922 0.588630 0.425667 0.336268 0.301154 0.269946 0.249501 0.237351 0.232120 0.216313 0.219967 0.132299 
1.062116 0.581175 0.429114 0.342279 0.294835 0.276711 0.247753 0.241955 0.229478 0.221746 0.214239 0.132006 
1.074695 0.578505 0.420394 0.349013 0.297932 0.267820 0.251181 0.238201 0.230904 0.221287 0.216917 0.132351 
1.071591 0.578822 0.423231 0.342998 0.298400 0.269186 0.252115 0.237876 0.227647 0.225317 0.217338 0.132120 
