1.072652 0.582111 0.425542 0.343183 0.298227 0.269035 0.252792 0.234867 0.229490 0.222604 0.218692 0.132529 
1.069581 0.581427 0.421967 0.343129 0.297819 0.270177 0.252468 0.235724 0.226909 0.224160 0.220797 0.132057 
1.074939 0.579815 0.423700 0.340281 0.297692 0.271559 0.252637 0.233792 0.232988 0.222971 0.216989 0.132395 
0.989761 0.637441 0.386449 0.357640 0.291352 0.261292 0.269488 0.205428 0.258568 0.178867 0.262556 0.120301 
0.830727 0.698284 0.274776 0.457440 0.227914 0.344141 0.208198 0.226367 0.246580 0.216241 0.241276 0.107052 
0.888080 0.520425 0.433936 0.286193 0.346743 0.360019 0.277619 0.107440 0.336309 0.231063 0.141137 0.141124 
1.203617 -0.199045 0.965327 0.607397 0.138062 0.152279 -0.253095 -0.223643 0.183264 -0.077029 -0.336947 -0.019770 
0.946168 -0.104580 0.815005 1.129414 -0.064835 -0.292935 0.018790 0.020530 -0.137275 -0.200368 -0.094946 -0.050228 
1.640932 -0.059999 0.844426 1.282942 0.212530 -0.020981 0.074249 -0.129803 0.218244 -0.074522 -0.126564 -0.012430 
1.627078 0.174695 0.964338 1.212803 0.231575 -0.112685 0.081030 0.057883 0.064689 -0.129168 -0.076772 0.007640 
2.090321 -0.003971 0.344757 0.394596 0.349689 0.169634 0.050170 0.145818 -0.212428 -0.091255 0.086118 0.008994 
0.983746 0.170141 0.433745 0.365200 0.425673 0.330777 0.193973 0.244455 0.255437 0.194170 0.188167 0.109784 
0.981972 0.294604 0.492242 0.324190 0.262864 0.343589 0.261266 0.165085 0.277424 0.313735 0.141483 0.092926 
0.991891 0.343748 0.405008 0.272580 0.412367 0.364225 0.190764 0.179743 0.226414 0.318268 0.197516 0.090192 
0.953100 0.375963 0.603356 0.352422 0.163907 0.390601 0.266318 0.143973 0.298961 0.310788 0.091152 0.128343 
1.041354 0.525134 0.456803 0.377706 0.265722 0.279442 0.252326 0.222882 0.238178 0.258440 0.183910 0.127665 
1.066617 0.583937 0.424300 0.342955 0.299458 0.272145 0.246348 0.238603 0.232896 0.225885 0.212391 0.132321 
