1.074105 0.581925 0.423218 0.340442 0.300064 0.269319 0.251179 0.239645 0.228178 0.221942 0.219458 0.132534 
1.073065 0.581400 0.422527 0.342563 0.298048 0.269240 0.251176 0.240444 0.228319 0.223330 0.218130 0.132438 
1.076585 0.580553 0.422713 0.342961 0.297276 0.271490 0.250062 0.237230 0.227904 0.223556 0.219195 0.132543 
1.075119 0.561978 0.413190 0.349301 0.307211 0.265413 0.251729 0.242396 0.233108 0.215738 0.218942 0.131414 
1.096839 0.498414 0.366395 0.344777 0.344440 0.279414 0.236405 0.237222 0.250242 0.234387 0.197344 0.123932 
1.054072 0.471504 0.409441 0.335070 0.335352 0.292910 0.222239 0.231628 0.251064 0.240691 0.202047 0.120684 
2.100762 -0.370631 0.471808 0.709209 -0.208027 0.151760 -0.199931 -0.137863 0.082424 0.178245 -0.168175 0.052855 
1.941327 -0.603103 0.545208 0.512552 0.026617 -0.204334 -0.181270 -0.110279 0.060298 0.072383 0.001852 0.095495 
2.327319 -0.412112 0.176291 0.455384 0.124848 -0.013519 0.029292 -0.122521 -0.112357 0.043101 0.150880 0.140896 
2.634591 -0.176087 0.258152 0.789725 0.126917 -0.113791 -0.030377 -0.026084 -0.005061 0.092972 0.114783 0.067679 
2.735586 -0.293444 -0.121909 0.062308 -0.004859 -0.018764 0.291926 -0.022881 -0.149704 0.116644 0.302440 0.234012 
2.634054 -0.148083 -0.049923 0.215816 0.042522 0.046047 0.079556 -0.096940 0.107820 0.351525 0.318681 0.128315 
2.394843 -0.066941 0.056551 0.647048 0.177759 -0.128674 0.071655 0.143228 0.225642 0.267419 0.220002 0.040703 
1.896108 0.562149 0.256547 0.418157 0.388490 0.179539 0.039038 -0.024292 0.011411 0.147487 0.156132 0.093907 
1.171945 0.631370 0.446979 0.345643 0.301055 0.253032 0.227824 0.226345 0.216279 0.212987 0.202226 0.137568 
1.078010 0.582156 0.420618 0.343042 0.298453 0.270882 0.248670 0.239411 0.227168 0.223308 0.217933 0.132563 
1.074965 0.581750 0.420161 0.341470 0.301286 0.270241 0.250571 0.237728 0.228307 0.223752 0.218328 0.132466 
1.076174 0.581042 0.420660 0.343556 0.298213 0.271601 0.252899 0.237290 0.229351 0.222110 0.217412 0.132631 
1.075242 0.582975 0.421430 0.341435 0.299801 0.270293 0.250110 0.239028 0.227920 0.223612 0.218264 0.132596 
1.075499 0.584375 0.418572 0.344630 0.298900 0.269895 0.252043 0.237431 0.228600 0.223051 0.217941 0.132677 
