1.063848 0.581506 0.427582 0.343087 0.293918 0.276692 0.252454 0.232043 0.235045 0.221794 0.214821 0.132121 
1.062736 0.587363 0.423048 0.340540 0.302614 0.265316 0.256320 0.237793 0.229387 0.227292 0.211119 0.132250 
1.070104 0.583328 0.422348 0.341774 0.297466 0.272578 0.253640 0.234351 0.229065 0.223101 0.217601 0.132222 
1.069824 0.583509 0.426309 0.337723 0.305646 0.264028 0.250942 0.240132 0.227811 0.222569 0.217799 0.132292 
1.066302 0.582827 0.423391 0.348378 0.294008 0.272678 0.248724 0.236539 0.233717 0.220581 0.217332 0.132168 
1.062754 0.577748 0.426342 0.344855 0.296643 0.272326 0.252838 0.235803 0.231116 0.221324 0.217993 0.131756 
2.309357 0.413287 0.328924 -0.112072 0.154733 -0.219887 0.096550 0.225129 -0.097638 -0.139439 -0.119294 -0.002951 
2.252103 0.710836 0.938379 -0.235120 -0.068282 -0.641345 -0.034537 0.181362 0.014784 -0.069325 -0.016221 0.225549 
2.384632 0.577352 0.971001 -0.232708 -0.129062 -0.562515 -0.076315 0.224242 -0.063586 -0.036642 0.027570 0.117290 
2.070331 0.727746 0.971854 -0.323106 -0.109276 -0.548597 0.070704 0.345321 -0.165144 0.071035 0.203097 0.012638 
2.309773 0.745904 1.053940 -0.286466 -0.013572 -0.502989 0.020202 0.431696 -0.126466 0.022180 0.093420 -0.060905 
2.526603 0.882478 1.150964 -0.087181 -0.173150 -0.367280 -0.059153 0.384553 -0.116658 -0.085332 0.235438 -0.142741 
2.465845 1.158767 1.114919 0.069281 -0.062244 -0.220501 0.125153 0.427017 -0.157001 -0.018922 0.134606 -0.271006 
2.411661 1.367216 0.733303 0.137153 -0.046078 -0.012578 0.114422 0.257457 0.078385 -0.004917 -0.038585 -0.155952 
2.248439 1.350594 0.684620 0.187352 -0.048695 -0.031262 0.109284 0.193414 0.104751 -0.048548 -0.003222 -0.111865 
1.654923 1.001279 0.662763 0.382725 0.250005 0.219783 0.252892 0.289848 0.259414 0.170417 0.002750 0.027775 
1.070803 0.588046 0.436541 0.341237 0.301624 0.271262 0.251656 0.234817 0.233463 0.217425 0.210672 0.133413 
1.071848 0.589253 0.425851 0.345795 0.299664 0.267828 0.246673 0.240007 0.224537 0.219926 0.220224 0.132700 
1.075795 0.585672 0.424376 0.347030 0.298180 0.267452 0.247789 0.237569 0.227234 0.222178 0.218647 0.132762 
1.073231 0.580340 0.425655 0.345064 0.300468 0.270739 0.246463 0.237978 0.230218 0.224728 0.214548 0.132575 
1.063047 0.584589 0.423276 0.341934 0.299982 0.267232 0.256191 0.237136 0.231187 0.222326 0.215778 0.132050 
1.065073 0.583086 0.425504 0.336937 0.303212 0.268783 0.245593 0.243334 0.224572 0.222556 0.223432 0.131747 
