1.076629 0.583907 0.421712 0.343250 0.297425 0.269750 0.251494 0.238639 0.228504 0.223360 0.217546 0.132782 
1.074705 0.581679 0.422292 0.343238 0.299061 0.271815 0.250128 0.239114 0.228230 0.223203 0.217119 0.132655 
1.075821 0.582985 0.422163 0.343810 0.298269 0.269573 0.250841 0.238909 0.228880 0.221669 0.218490 0.132715 
1.077686 0.578509 0.419917 0.341018 0.291699 0.264220 0.246701 0.232131 0.237070 0.231881 0.220305 0.131738 
1.077312 0.560046 0.429875 0.348008 0.279554 0.257215 0.264600 0.243768 0.215726 0.221271 0.233500 0.130583 
1.081403 0.562263 0.407950 0.338040 0.283525 0.261431 0.279089 0.246577 0.221608 0.207128 0.233735 0.130215 
2.833135 0.210002 -0.342826 0.253639 -0.372526 -0.008483 0.247992 0.145823 -0.127469 0.090304 0.271067 0.194424 
2.729502 -0.302325 -0.072592 0.212874 -0.236299 0.072880 0.118853 -0.042264 -0.157605 0.132607 0.330064 0.291635 
2.308273 -0.454598 0.250628 0.354495 0.021893 -0.238306 -0.056248 -0.097977 0.022834 0.262689 0.200147 0.054940 
1.976618 -0.310204 0.681651 0.458182 0.151487 -0.278544 -0.091920 -0.075565 -0.078836 0.025437 -0.055905 0.037257 
2.041835 -0.156119 0.876049 0.582757 0.338493 -0.265709 -0.077017 -0.109465 -0.021846 0.108642 -0.132443 0.016680 
2.299416 0.199251 0.438227 0.608851 0.426765 -0.182738 0.152914 -0.229676 0.008581 0.043824 0.017842 0.103805 
2.026660 0.664788 0.511878 0.797116 0.529210 -0.012826 -0.155427 -0.002587 0.064014 0.044773 -0.008898 0.020325 
1.581574 0.893785 0.644534 0.536917 0.370067 0.107812 -0.072100 -0.048541 0.080505 0.127831 0.106688 0.097243 
1.078914 0.581074 0.420854 0.344306 0.298683 0.268878 0.253137 0.239683 0.228204 0.221616 0.217135 0.132818 
1.076527 0.582113 0.421765 0.344090 0.297178 0.270297 0.250796 0.238372 0.228140 0.224204 0.217292 0.132659 
1.074805 0.582884 0.422312 0.342853 0.298057 0.270340 0.250635 0.237042 0.230457 0.221084 0.219393 0.132577 
1.076849 0.582803 0.422376 0.343500 0.296697 0.271643 0.251823 0.238399 0.228714 0.221924 0.217522 0.132793 
1.076286 0.582210 0.423480 0.343683 0.297264 0.270265 0.250675 0.237314 0.229333 0.221990 0.219178 0.132732 
