1.060924 0.571508 0.430019 0.337247 0.297311 0.271288 0.256174 0.249229 0.222927 0.209469 0.221130 0.130676 
1.057019 0.577143 0.418813 0.351278 0.295148 0.273522 0.252601 0.241220 0.219909 0.225987 0.214803 0.130815 
1.056578 0.587377 0.428831 0.336651 0.301151 0.274556 0.250506 0.233179 0.235543 0.201231 0.226200 0.130908 
1.065777 0.585102 0.409230 0.348705 0.285329 0.275203 0.236740 0.249694 0.228105 0.237298 0.205195 0.131044 
1.205391 0.499705 0.337024 0.325486 0.283638 0.227248 0.228383 0.223546 0.235176 0.261179 0.252203 0.126976 
1.177631 0.547502 0.392927 0.243736 0.222640 0.205840 0.240884 0.217103 0.333118 0.265203 0.224857 0.124320 
2.951410 1.161821 0.653002 -0.168926 -0.500247 -0.370069 0.214923 0.016385 -0.075189 0.256264 0.078488 -0.117268 
2.528825 0.655130 0.635835 -0.038045 -0.607893 -0.614874 0.320169 -0.207698 -0.048860 0.158226 0.050094 -0.115242 
2.156287 0.502171 0.366413 -0.161203 -0.511523 -0.481834 0.338706 -0.168193 -0.098410 0.131185 -0.000646 -0.127886 
2.186451 0.266143 0.222919 -0.113669 -0.337178 -0.343158 0.365247 -0.217960 -0.106540 -0.037728 -0.149679 -0.099100 
2.696580 -0.076258 0.241812 0.059125 -0.153367 -0.056935 0.293955 -0.206881 -0.417231 -0.083677 0.015442 -0.056170 
2.583307 0.109361 0.121585 0.117934 0.042730 0.118013 0.159215 -0.315052 -0.312884 -0.021589 0.072946 0.041091 
1.776932 -0.041899 0.828772 0.096301 0.209918 -0.169251 0.121715 -0.094618 0.086844 0.025373 -0.326288 0.276172 
2.217301 0.262641 0.364353 0.366310 0.099343 0.039579 0.128259 0.019554 -0.333890 -0.159216 0.178191 0.187360 
1.336572 0.713658 0.524922 0.400198 0.321152 0.290835 0.211183 0.118795 0.082994 0.117731 0.198563 0.118186 
1.100349 0.590345 0.423140 0.338065 0.318293 0.279499 0.249371 0.221846 0.221010 0.202818 0.214547 0.133372 
1.072448 0.580659 0.429370 0.329228 0.288269 0.265278 0.229933 0.232240 0.228756 0.243480 0.218691 0.130009 
1.077709 0.569155 0.418733 0.329412 0.296185 0.274617 0.262499 0.242575 0.226343 0.220290 0.209892 0.130692 
1.073227 0.568349 0.424127 0.336483 0.296266 0.263509 0.241119 0.242746 0.227898 0.214256 0.233120 0.130071 
