1.066266 0.580375 0.431491 0.343468 0.288306 0.274614 0.254027 0.229612 0.233772 0.230116 0.209727 0.132038 
1.065331 0.582389 0.427936 0.339353 0.298067 0.269982 0.251870 0.236280 0.224985 0.223729 0.221429 0.131788 
1.071019 0.581334 0.424336 0.340500 0.301152 0.268304 0.244258 0.237271 0.233287 0.226757 0.214129 0.131965 
1.062254 0.585409 0.425934 0.343820 0.298145 0.265666 0.254309 0.235324 0.229963 0.223015 0.216711 0.131848 
1.063454 0.594133 0.419276 0.348635 0.291639 0.269302 0.250341 0.228740 0.234427 0.221562 0.220850 0.131828 
1.067806 0.585717 0.422618 0.341805 0.300929 0.267032 0.251730 0.230743 0.224398 0.231813 0.217300 0.131944 
0.943603 0.606555 0.435722 0.406254 0.288183 0.273310 0.216883 0.239089 0.218171 0.265935 0.191273 0.131626 
2.462937 0.358468 -0.048121 0.037609 0.050200 -0.365539 0.171822 -0.026838 0.134202 -0.289827 -0.284285 0.001144 
2.387584 0.354925 0.502943 -0.303300 0.013551 -0.413024 -0.045744 0.174942 -0.034490 -0.181682 -0.201993 0.076956 
2.535683 0.347613 0.636327 -0.257379 -0.072560 -0.412971 0.031959 0.092933 -0.038892 0.023703 -0.165151 0.035897 
2.306261 0.726542 0.587229 -0.030822 -0.139274 -0.662321 0.132432 0.170970 -0.024946 -0.004087 0.042795 0.123235 
2.358272 0.889524 0.804083 -0.075471 -0.242454 -0.499881 0.128446 0.129721 -0.179298 -0.018452 0.058830 -0.064925 
2.399057 1.102682 0.755927 0.155947 -0.344815 -0.406927 0.067040 0.275230 -0.132240 -0.019698 0.129149 -0.118020 
2.239663 1.170617 0.675062 0.253310 -0.180857 -0.213682 0.105174 0.186182 -0.006850 -0.069179 0.008514 -0.122475 
2.938832 1.392986 0.688148 0.310852 -0.136078 -0.228066 0.149110 0.243948 -0.084245 0.025574 0.005321 -0.083742 
2.515495 1.566700 0.810563 0.207743 -0.045750 -0.027322 0.088814 0.172299 0.146533 0.010610 0.030758 -0.088895 
2.016993 1.302344 0.804790 0.444439 0.204842 0.121448 0.124320 0.105565 0.079630 0.031999 0.055365 0.032823 
1.081919 0.594795 0.433929 0.345251 0.295219 0.268173 0.244272 0.233509 0.226416 0.214487 0.221262 0.133313 
1.064424 0.596351 0.430749 0.336257 0.299291 0.280076 0.239808 0.242842 0.226449 0.219402 0.215003 0.132685 
1.062340 0.584436 0.430814 0.341808 0.298093 0.273053 0.246375 0.239762 0.228888 0.220044 0.216432 0.131985 
1.061302 0.585481 0.422192 0.342166 0.297125 0.273049 0.247084 0.242031 0.232820 0.218615 0.217529 0.131720 
1.054429 0.586531 0.424086 0.343396 0.295102 0.274443 0.248437 0.240291 0.230686 0.223455 0.214170 0.131478 
