1.074429 0.582909 0.423543 0.342637 0.298103 0.273042 0.250037 0.237496 0.229122 0.222975 0.215559 0.132617 
1.070507 0.587015 0.423147 0.343696 0.298272 0.268837 0.250191 0.237790 0.226185 0.225129 0.216778 0.132415 
1.072088 0.580248 0.419050 0.345722 0.295873 0.269569 0.251922 0.235211 0.231594 0.220403 0.221939 0.131997 
1.083170 0.570647 0.422180 0.335554 0.297927 0.269753 0.246558 0.234948 0.229796 0.227476 0.220986 0.131570 
1.124728 0.575814 0.419434 0.307722 0.276567 0.269105 0.246505 0.239370 0.237629 0.223047 0.222081 0.131937 
2.316223 1.010672 0.513282 0.057480 -0.295928 -0.269505 0.220489 0.228486 -0.014182 0.150759 0.131129 -0.006960 
2.869412 0.793086 0.318673 0.361985 -0.696452 -0.315432 0.105283 0.102114 -0.047636 0.131036 0.142364 -0.066915 
2.229860 0.683969 0.570968 -0.045303 -0.539325 -0.443266 0.219036 -0.020630 -0.001076 0.189588 0.146141 -0.047473 
2.168623 0.707969 0.385169 0.021381 -0.593872 -0.346736 0.189337 0.028795 -0.073912 0.201408 0.140370 -0.096113 
2.665702 0.559645 0.434006 0.065754 -0.655369 -0.275482 0.146098 0.039781 -0.052166 0.157175 0.105701 -0.110786 
2.716075 0.675779 0.513042 0.038355 -0.702741 -0.182013 0.084697 -0.016649 -0.017375 0.173170 0.024135 -0.120333 
2.739290 0.583430 0.365754 0.073151 -0.416430 -0.143417 0.305947 -0.056234 -0.170620 0.022259 -0.000426 -0.152845 
2.445709 0.535965 0.196802 0.027780 -0.128923 -0.174559 0.360825 -0.054473 -0.233081 -0.000589 0.042331 -0.012837 
2.489025 0.473882 0.113008 0.164825 0.205067 -0.032470 0.248656 -0.169066 -0.264443 -0.017517 0.114334 0.120747 
2.018222 -0.202670 0.296904 0.105362 0.549236 0.038371 -0.234361 0.218000 0.092062 0.087442 0.166546 0.030751 
1.560036 0.445393 0.228014 0.337711 0.452364 0.378129 0.237620 0.091227 0.002274 0.122381 0.238785 0.182979 
1.114641 0.594596 0.400600 0.329661 0.314212 0.298633 0.265542 0.218237 0.191464 0.203632 0.238644 0.136663 
1.092312 0.572794 0.403733 0.334559 0.305806 0.300423 0.258401 0.225243 0.213618 0.217466 0.223970 0.133544 
1.085918 0.591344 0.427236 0.345368 0.297065 0.271314 0.249582 0.238001 0.226998 0.218027 0.214272 0.133832 
1.080920 0.584820 0.427831 0.347029 0.297276 0.270040 0.249185 0.237105 0.225581 0.220028 0.218132 0.133262 
1.070936 0.583782 0.427080 0.343188 0.298266 0.269568 0.253524 0.238351 0.226550 0.222716 0.216486 0.132655 
