1.061685 0.589646 0.422297 0.347603 0.296191 0.275020 0.244725 0.222469 0.233975 0.226942 0.216855 0.131552 
1.060510 0.583515 0.430661 0.343087 0.297232 0.277185 0.247194 0.244911 0.230443 0.208339 0.218055 0.131951 
1.054996 0.584133 0.419724 0.340004 0.306525 0.272563 0.246670 0.239570 0.228336 0.216982 0.219245 0.130746 
1.058990 0.579469 0.430168 0.348148 0.291696 0.267542 0.260089 0.226099 0.230682 0.223410 0.216655 0.131096 
1.063506 0.542778 0.449400 0.364502 0.258728 0.288724 0.285140 0.214356 0.248857 0.245033 0.159689 0.129389 
0.728471 0.287675 0.446612 0.587638 0.180582 0.187879 0.180051 0.394597 0.329800 0.172033 0.009444 0.187892 
0.584426 -0.031564 0.486390 0.651739 0.238387 0.207694 0.338144 0.211702 0.300122 0.305617 -0.011063 0.063432 
1.959351 -0.114651 0.591714 1.000642 -0.011279 -0.176787 -0.093656 -0.117317 -0.058663 -0.130385 -0.215514 -0.092347 
1.296369 -0.215249 0.811487 0.977956 -0.165777 -0.168219 -0.168232 -0.087556 -0.099130 -0.230952 -0.217294 -0.002196 
0.901415 -0.042231 0.881691 0.815199 -0.231129 -0.018701 -0.216562 0.001522 -0.108304 -0.327858 -0.163901 0.133406 
0.866183 0.220916 1.052263 0.892565 -0.207693 0.015843 -0.177062 0.073673 -0.204944 -0.261832 -0.101063 0.033372 
1.081120 0.332760 1.223938 0.836765 -0.150640 0.168103 -0.182695 0.068525 -0.166169 -0.257164 -0.103482 0.016000 
1.717504 0.232901 1.432231 0.615566 -0.258126 0.088859 -0.063191 0.079587 -0.108797 -0.256677 -0.003596 0.031046 
1.990729 1.187874 1.123325 0.500829 0.131228 0.045307 -0.076408 0.136875 -0.021890 -0.184800 0.035910 -0.016788 
1.872640 1.227840 0.949993 0.618756 0.336507 0.204569 0.068088 0.019229 -0.001630 -0.032225 -0.038919 -0.030766 
1.367893 0.842453 0.641705 0.490862 0.351482 0.245364 0.144038 0.081574 0.045972 0.039803 0.076328 0.034948 
1.065570 0.582500 0.447503 0.342771 0.294682 0.270510 0.235886 0.245356 0.216835 0.218128 0.223854 0.131743 
1.066268 0.575381 0.425988 0.352093 0.292172 0.265250 0.259325 0.244537 0.229021 0.219667 0.207868 0.131790 
1.064767 0.588793 0.428978 0.342996 0.310403 0.261817 0.243266 0.229884 0.230506 0.229052 0.211419 0.132039 
1.063300 0.585225 0.419885 0.343905 0.288868 0.281136 0.251250 0.237943 0.226434 0.223355 0.215359 0.131599 
1.070567 0.581539 0.423441 0.353865 0.302712 0.272247 0.247162 0.234254 0.226524 0.222216 0.213169 0.132442 
