1.034809 0.547217 0.443858 0.310420 0.282127 0.297483 0.267911 0.249594 0.224108 0.211620 0.199217 0.126535 
1.034343 0.556816 0.440878 0.367603 0.311079 0.260052 0.243096 0.250942 0.252010 0.196235 0.185736 0.131460 
1.041546 0.573586 0.444407 0.336017 0.282856 0.274781 0.285090 0.208884 0.245243 0.252984 0.161951 0.131118 
1.034723 0.538120 0.448236 0.353589 0.275902 0.308936 0.261535 0.220211 0.237617 0.216992 0.193245 0.129600 
1.173520 0.257927 0.259918 0.417061 0.110247 0.294794 0.081624 0.422148 0.427507 0.107367 -0.016394 0.119504 
0.859733 0.138830 0.443522 0.504299 0.364367 0.207702 0.328109 0.229880 0.245122 0.241372 0.025002 0.118290 
0.656714 -0.230210 0.702756 0.594886 0.189391 0.245038 0.203441 0.178412 0.494445 0.104463 0.021516 0.186792 
2.048565 -0.486579 0.970306 0.815732 -0.070175 -0.132165 -0.126915 -0.105027 -0.037933 -0.186251 -0.239333 -0.025092 
0.940218 -0.054342 0.940333 0.867449 -0.142821 -0.027050 -0.164563 -0.027663 -0.106386 -0.223953 -0.197309 -0.005183 
0.881190 0.178097 0.985906 0.897684 -0.089295 -0.112417 -0.077159 0.013925 -0.213010 -0.269691 -0.013622 -0.094363 
1.070251 0.313616 1.069238 0.803335 -0.054005 -0.037066 -0.017488 -0.015701 -0.229470 -0.164230 -0.059477 -0.134173 
1.308138 0.356867 0.937981 0.663709 -0.155297 0.103271 0.042233 -0.032312 -0.263687 -0.177447 -0.015129 -0.112573 
1.384215 0.844403 1.016789 0.861544 -0.414954 -0.138718 0.248432 -0.145406 -0.196565 -0.076742 0.036236 -0.170643 
2.418239 0.906310 1.157766 0.855149 -0.499523 -0.070887 0.369004 -0.098746 -0.156200 0.075120 0.146511 -0.152588 
1.806637 1.163829 0.909320 0.585991 0.257694 0.120472 0.029837 0.000145 -0.055992 0.001382 -0.012672 0.015066 
1.238227 0.727065 0.588960 0.445131 0.326605 0.255352 0.210261 0.165733 0.110481 0.133896 0.141623 0.101051 
1.061895 0.592537 0.447707 0.356602 0.301883 0.231665 0.287434 0.223878 0.222854 0.201188 0.207805 0.132029 
1.045560 0.600592 0.444736 0.347510 0.345941 0.242961 0.231814 0.250101 0.194991 0.209094 0.217792 0.129570 
1.068491 0.627588 0.464916 0.367932 0.322139 0.240614 0.239472 0.169447 0.218364 0.225113 0.213331 0.131859 
1.027581 0.587122 0.449892 0.362704 0.287159 0.277292 0.257618 0.211274 0.201441 0.226198 0.226799 0.127811 
1.048778 0.590248 0.445873 0.324346 0.327066 0.270133 0.246948 0.213798 0.233741 0.217979 0.205295 0.131386 
1.040023 0.566828 0.464056 0.322536 0.299246 0.243149 0.288484 0.230231 0.217691 0.230867 0.199760 0.129373 
