1.076615 0.582252 0.420940 0.342952 0.298015 0.270760 0.251029 0.238692 0.229310 0.222423 0.218415 0.132708 
1.077055 0.582558 0.421350 0.343266 0.298339 0.269865 0.251202 0.238320 0.229117 0.222860 0.218214 0.132772 
1.077257 0.582535 0.421030 0.342635 0.298385 0.269876 0.251403 0.238525 0.229274 0.222652 0.218309 0.132747 
1.077161 0.582669 0.421390 0.342983 0.298342 0.270004 0.250825 0.238686 0.228889 0.222958 0.218381 0.132782 
1.076531 0.582282 0.421082 0.343144 0.297863 0.269803 0.251333 0.238210 0.229407 0.223000 0.218338 0.132671 
1.084309 0.582139 0.427938 0.347502 0.297194 0.269596 0.248110 0.236115 0.229658 0.219929 0.217737 0.133472 
1.094069 0.565266 0.443505 0.361134 0.288537 0.267678 0.251463 0.231499 0.220214 0.216252 0.223174 0.133579 
1.469361 0.220023 0.831738 0.419609 0.135781 0.313151 0.114878 0.126351 0.119603 -0.126928 0.190057 0.216828 
1.578824 -0.065588 0.101952 0.151331 0.163237 0.063685 -0.205846 0.174061 -0.006940 0.315915 0.362732 0.074879 
1.383855 -0.290290 -0.061559 -0.349546 0.148316 0.211012 -0.148837 0.011832 0.294973 0.215894 0.249342 0.207070 
1.091326 -0.180408 0.033981 -0.379434 0.253908 0.135537 -0.081405 -0.057086 0.189999 0.361880 0.313043 0.160451 
1.104185 -0.402327 0.252629 0.036219 0.046462 -0.008042 -0.138766 -0.100424 0.382608 0.322658 0.225658 0.151838 
0.926110 -0.423590 0.678424 0.157643 -0.061227 -0.230162 0.059388 0.061356 0.213803 0.185913 0.089201 0.236174 
0.858354 -0.158783 0.936125 0.261849 -0.098544 -0.091729 0.168399 0.036420 0.086848 0.076720 0.108585 0.182629 
0.815826 0.230803 0.859616 0.501818 -0.237390 0.200430 0.029432 -0.144222 0.107154 0.046976 0.011355 0.118982 
1.275964 0.215304 0.940891 0.498542 -0.039988 0.109012 0.020378 0.067413 0.170943 0.050290 0.024137 0.164820 
1.178805 0.535555 0.591542 0.423298 0.222794 0.229401 0.244362 0.162426 0.187517 0.177537 0.225014 0.129682 
1.095044 0.582885 0.442744 0.359465 0.291243 0.263647 0.252309 0.235836 0.222573 0.214117 0.213250 0.134361 
1.078780 0.582964 0.422216 0.344183 0.298494 0.269929 0.250928 0.238003 0.228741 0.222677 0.217450 0.132966 
1.078466 0.582160 0.421216 0.343773 0.298965 0.270055 0.250399 0.237493 0.228714 0.222633 0.219016 0.132832 
1.076939 0.582707 0.421310 0.343101 0.298495 0.269847 0.250851 0.238308 0.228957 0.223169 0.218400 0.132764 
1.076649 0.582554 0.421114 0.343613 0.297995 0.270500 0.251232 0.238150 0.229453 0.222605 0.218169 0.132764 
1.077123 0.582327 0.421304 0.343062 0.298399 0.269799 0.251928 0.238309 0.229190 0.222795 0.217932 0.132776 
