1.076547 0.581346 0.420905 0.343599 0.297885 0.269994 0.251453 0.238681 0.228675 0.222918 0.218321 0.132617 
1.074817 0.582762 0.420805 0.342275 0.298361 0.269602 0.251511 0.238543 0.230680 0.222306 0.217893 0.132552 
1.076243 0.583834 0.422095 0.342730 0.298123 0.270318 0.250786 0.239004 0.228854 0.223068 0.217248 0.132793 
1.030799 0.603581 0.403290 0.363105 0.285206 0.274568 0.249376 0.242861 0.231695 0.219063 0.218102 0.130194 
0.979644 0.628300 0.343941 0.375679 0.301007 0.289011 0.247052 0.239820 0.218101 0.243022 0.203452 0.128903 
0.904674 0.547141 0.381094 0.381979 0.316396 0.282221 0.286809 0.120456 0.277046 0.299922 0.168623 0.115559 
1.580305 -0.126991 0.805264 0.481542 0.074175 0.012142 -0.130876 -0.190625 0.095005 0.086036 -0.116139 0.005243 
0.952148 -0.262061 0.644248 0.518915 0.074360 -0.288691 -0.079833 -0.225563 0.053918 0.019015 -0.002969 0.104148 
1.388770 -0.367670 0.268109 0.447718 0.157730 -0.314980 -0.014920 -0.177335 -0.005479 0.078787 0.014692 0.119694 
1.917138 -0.077493 0.334397 0.330998 0.170504 -0.232462 0.296557 -0.140691 -0.120723 -0.008477 -0.020533 0.128606 
2.956266 -0.232258 0.038683 0.244732 -0.062642 -0.119497 0.181360 0.043619 -0.079313 0.005672 0.104689 0.130139 
3.214751 -0.622006 -0.083409 0.424965 -0.115161 -0.007938 0.030316 -0.065188 -0.054828 0.172728 0.261951 0.231505 
2.958631 0.000931 -0.164991 0.368677 0.113814 -0.121598 -0.020379 0.030189 0.169406 0.240605 0.221438 0.102627 
2.190750 0.470828 0.040973 0.299349 0.307108 0.103263 0.025669 0.049375 0.107201 0.147096 0.176608 0.152968 
1.521075 0.747551 0.375681 0.243101 0.233380 0.212609 0.179851 0.193173 0.239316 0.241067 0.172230 0.132758 
1.085190 0.588177 0.422899 0.340434 0.294961 0.265775 0.245348 0.236624 0.231185 0.224609 0.221408 0.133173 
1.076517 0.581502 0.418895 0.344099 0.297819 0.268694 0.251662 0.239811 0.228879 0.222629 0.219104 0.132549 
1.076782 0.581475 0.421191 0.342829 0.299178 0.269176 0.249942 0.238516 0.228626 0.222890 0.219516 0.132589 
1.076067 0.582253 0.421769 0.343253 0.298152 0.271314 0.250262 0.238213 0.230037 0.222614 0.217106 0.132690 
1.075885 0.582887 0.421523 0.343704 0.297892 0.268917 0.251326 0.237179 0.229977 0.223834 0.217709 0.132660 
1.075268 0.582716 0.422044 0.343308 0.297885 0.270282 0.251272 0.237397 0.229232 0.222935 0.217909 0.132616 
