1.077118 0.582208 0.421890 0.343335 0.297736 0.270022 0.251417 0.237841 0.229350 0.223187 0.217827 0.132755 
1.077800 0.582158 0.421158 0.343706 0.297586 0.269033 0.251398 0.238020 0.229999 0.222987 0.217978 0.132741 
1.076706 0.583307 0.421797 0.341987 0.299015 0.269650 0.251038 0.238817 0.228662 0.222914 0.218107 0.132760 
1.076472 0.582469 0.420950 0.343611 0.298663 0.269633 0.252240 0.237914 0.229060 0.222864 0.217953 0.132749 
1.077511 0.583283 0.422455 0.343196 0.298091 0.270139 0.251651 0.237653 0.228677 0.222224 0.218513 0.132880 
1.084297 0.586713 0.427492 0.349310 0.298327 0.268794 0.249622 0.235347 0.226575 0.220957 0.216827 0.133777 
1.255988 0.068735 0.952883 0.564849 -0.043825 -0.192102 0.004292 -0.112621 0.034784 -0.178568 -0.096619 0.213577 
0.545957 -0.088986 0.883233 0.690897 -0.100769 -0.283189 0.069221 -0.062475 -0.026987 -0.237019 0.085496 0.119661 
0.537568 0.028999 0.960301 0.694504 -0.115171 -0.130700 0.229963 -0.186508 -0.109858 -0.214038 -0.023666 -0.003395 
0.514528 0.237919 1.125765 0.868268 -0.178326 -0.055569 0.201615 -0.139494 -0.135258 -0.189459 0.014324 -0.090541 
0.682975 0.328753 1.329660 0.674154 -0.025174 0.031070 0.141362 -0.150958 -0.007873 -0.171510 0.043647 -0.040689 
0.748751 0.662528 1.105892 0.972462 -0.050927 -0.054012 0.220321 -0.004843 -0.052560 -0.269636 0.167226 -0.023354 
0.990309 0.717889 1.266598 0.994767 0.020220 -0.014265 0.300337 -0.057343 -0.085115 -0.134213 0.069179 -0.064863 
1.185000 0.734396 1.103890 0.821442 0.192588 -0.010772 0.349301 -0.044774 0.066099 -0.197754 0.167282 0.001770 
1.085702 -0.209799 0.748387 0.715044 0.114012 -0.034226 0.149683 0.077955 0.521343 0.202516 0.017826 0.173709 
1.074247 0.584046 0.425545 0.341909 0.296342 0.269739 0.252334 0.237844 0.224087 0.222736 0.222468 0.132649 
1.076409 0.582334 0.421760 0.343904 0.299098 0.269707 0.250540 0.239297 0.228805 0.222711 0.217637 0.132785 
1.076268 0.582283 0.422265 0.342898 0.297373 0.270490 0.250951 0.238626 0.228461 0.222540 0.219069 0.132689 
1.076383 0.583083 0.420983 0.343755 0.298020 0.269416 0.251441 0.238507 0.228580 0.222287 0.219130 0.132721 
1.077124 0.582818 0.421761 0.344154 0.297435 0.270765 0.250751 0.238518 0.229436 0.222122 0.217902 0.132833 
1.076131 0.583188 0.421532 0.342517 0.299017 0.270715 0.251346 0.237798 0.229071 0.223605 0.217144 0.132774 
