1.076612 0.582422 0.421576 0.342274 0.298192 0.270255 0.250938 0.238573 0.229257 0.222050 0.218936 0.132678 
1.076512 0.581533 0.422365 0.343847 0.297484 0.270403 0.252703 0.237736 0.228833 0.223614 0.216740 0.132748 
1.075363 0.583179 0.421915 0.342300 0.297390 0.269819 0.249907 0.238016 0.231861 0.222675 0.217799 0.132609 
1.076809 0.582444 0.420864 0.342377 0.296954 0.270217 0.251768 0.238882 0.230327 0.221326 0.218635 0.132637 
1.075885 0.582073 0.422137 0.342215 0.297465 0.270014 0.251348 0.238432 0.229103 0.223043 0.218479 0.132602 
1.077466 0.583227 0.421548 0.342568 0.297951 0.269373 0.251324 0.238233 0.229162 0.222823 0.218434 0.132766 
1.102922 0.600232 0.430626 0.344829 0.296939 0.264518 0.248878 0.234786 0.225689 0.218442 0.214320 0.135127 
1.903236 0.974305 0.541704 0.114816 0.067229 -0.075546 0.388746 0.014454 0.034307 0.297991 -0.094621 -0.033983 
1.696975 1.400262 0.470087 0.009867 -0.290287 -0.126032 0.352847 -0.085565 0.013335 0.259164 -0.175316 -0.016723 
1.708168 1.626834 0.288304 -0.123390 -0.550110 -0.225247 0.291300 -0.139135 0.201267 0.196206 -0.037122 -0.030449 
1.577910 1.153353 -0.179408 -0.276669 -0.509098 -0.007323 0.283220 0.007853 0.253615 0.040656 0.033659 -0.038221 
1.695166 0.998423 -0.371064 -0.190282 -0.287288 0.162778 0.259190 0.233644 0.104615 -0.008733 0.105907 0.067743 
1.987649 0.690095 -0.428063 0.016802 -0.250381 0.226244 0.172639 0.021601 -0.027373 0.150649 0.248804 0.207312 
1.792618 0.442296 -0.356469 0.177005 -0.080691 0.187445 0.053035 -0.095581 0.073618 0.239697 0.291684 0.108189 
1.767476 0.120130 -0.051349 0.566555 -0.075658 0.066784 -0.163753 -0.050074 0.184334 0.386807 0.172202 0.036097 
1.894738 0.173402 0.526788 0.302419 -0.055301 0.263135 0.099633 0.200797 0.013207 0.010565 0.042378 0.050514 
1.844468 0.336458 0.520052 0.405955 0.131147 0.317750 0.178929 0.062287 0.081551 0.163809 0.042132 0.023031 
1.599169 0.497046 0.419972 0.537009 0.396125 0.246843 0.155287 0.073583 0.086181 0.163000 0.172859 0.098719 
1.079552 0.584913 0.425326 0.347555 0.296736 0.271181 0.252751 0.236259 0.228569 0.222881 0.216734 0.133642 
1.079535 0.583096 0.422481 0.341589 0.297632 0.270746 0.251332 0.239073 0.229262 0.223031 0.216445 0.132949 
1.076393 0.583029 0.421770 0.342957 0.297697 0.270304 0.251176 0.237696 0.229659 0.222665 0.218238 0.132725 
1.076721 0.580627 0.422003 0.342223 0.297827 0.270155 0.252500 0.237954 0.229265 0.222730 0.218387 0.132621 
1.077890 0.581391 0.422920 0.342653 0.297364 0.270950 0.251380 0.236227 0.230221 0.223166 0.217901 0.132767 
1.075836 0.581130 0.420790 0.343154 0.296578 0.270710 0.251963 0.239739 0.229360 0.222799 0.217506 0.132554 
