1.061521 0.587600 0.414790 0.348691 0.292041 0.269196 0.255374 0.229195 0.237655 0.217083 0.221505 0.131057 
1.240289 0.368752 0.424453 0.261437 0.223340 0.298501 0.289701 0.181779 0.191514 0.224304 0.268478 0.126809 
1.312647 0.567673 0.312676 0.123168 0.040798 0.030133 0.167733 0.150361 0.144908 0.159081 0.128452 0.091115 
3.119723 1.325345 0.375875 -0.169583 -0.565606 -0.376777 0.132151 0.170512 -0.065362 0.150638 0.018197 -0.122360 
3.342199 0.549096 0.690879 0.044058 -0.948408 -0.089614 0.183793 -0.030341 -0.056010 0.260624 0.004277 -0.213385 
3.618552 0.311155 0.588761 0.029002 -0.786031 0.003596 0.275616 -0.083343 -0.222513 0.038228 -0.014239 -0.117495 
3.036635 0.811691 0.163567 -0.191402 -0.553656 -0.020995 0.395341 -0.080655 -0.142059 0.032316 -0.038972 -0.095208 
3.038520 0.992983 -0.180348 -0.302364 0.095856 0.275000 -0.002821 -0.253771 -0.183938 -0.140562 0.094701 0.133090 
3.220974 1.091140 0.064401 -0.131027 0.239755 0.350648 0.062636 -0.096592 -0.098494 -0.001804 0.143508 0.122081 
1.684395 0.809719 0.670020 0.486812 0.236179 0.073545 0.019774 -0.010723 -0.091571 -0.099536 0.203039 0.133514 
1.221089 0.680649 0.490123 0.420526 0.347977 0.285786 0.255745 0.225577 0.169212 0.168118 0.163090 0.134184 
1.098463 0.606453 0.430842 0.348399 0.307485 0.267785 0.251697 0.213675 0.218688 0.210382 0.224888 0.134735 
