1.076456 0.582914 0.421798 0.343617 0.298642 0.270095 0.250730 0.238405 0.229007 0.223167 0.217673 0.132807 
1.076473 0.582332 0.421445 0.343291 0.297947 0.270154 0.251570 0.238228 0.228945 0.223002 0.218239 0.132728 
1.076350 0.582964 0.421181 0.343030 0.298257 0.270410 0.251354 0.238573 0.229350 0.222100 0.218267 0.132748 
1.076619 0.582333 0.421427 0.342535 0.298545 0.270223 0.251571 0.237832 0.229506 0.222944 0.218054 0.132725 
1.082701 0.587098 0.425138 0.345351 0.299356 0.271348 0.249838 0.236685 0.227839 0.221400 0.216240 0.133687 
1.112634 0.580674 0.445856 0.357602 0.292132 0.261841 0.238259 0.227312 0.215815 0.210862 0.233156 0.135054 
1.534670 0.086110 0.299556 0.347935 0.388713 0.054547 0.029225 -0.018011 -0.068490 0.203240 0.266987 0.085290 
1.022411 -0.117805 0.020880 0.134719 0.169119 0.000780 -0.291284 0.062359 0.213592 0.195680 0.325598 0.147734 
0.841797 -0.205490 0.026754 0.037828 0.141467 0.060248 -0.171295 -0.045244 0.218698 0.311546 0.201288 0.121499 
0.908239 -0.416514 0.087406 0.056797 0.100889 0.197643 -0.128479 -0.036307 0.244249 0.249404 0.138208 0.114517 
0.910944 -0.421528 0.369043 0.231063 0.055364 -0.118815 -0.045802 -0.071713 0.321153 0.180954 0.046020 0.188658 
0.840341 -0.199522 0.717343 0.300056 -0.052503 -0.333368 0.085469 0.014907 0.216307 0.122997 -0.007564 0.291822 
0.840056 -0.100061 0.792639 0.225298 -0.088305 -0.215823 0.087656 -0.101502 0.114982 0.160394 0.045263 0.227352 
0.919629 0.338534 0.921920 0.191083 -0.056879 -0.165199 0.196251 0.091338 0.080509 0.166097 0.095918 0.166953 
1.345029 0.463491 0.742670 0.368381 0.139448 -0.004693 0.033185 0.135320 0.156175 0.063759 0.163613 0.164432 
1.434284 0.801360 0.642938 0.457040 0.295335 0.159060 0.129752 0.071755 0.139277 0.113152 0.100785 0.094087 
1.076611 0.581090 0.423447 0.346468 0.299966 0.268717 0.250243 0.241115 0.229477 0.221837 0.216412 0.133079 
1.077508 0.583087 0.421799 0.343322 0.298148 0.269641 0.250705 0.237605 0.228727 0.222977 0.219002 0.132799 
1.077483 0.581692 0.421160 0.344381 0.299079 0.269487 0.251079 0.237008 0.229457 0.222974 0.218199 0.132759 
1.077413 0.582287 0.421485 0.344053 0.298261 0.269691 0.251131 0.238513 0.228686 0.222906 0.218160 0.132811 
1.076548 0.582097 0.421487 0.342957 0.298536 0.269292 0.251878 0.238574 0.229025 0.222941 0.218181 0.132718 
1.076984 0.582435 0.421630 0.343397 0.298236 0.269370 0.251820 0.237656 0.229299 0.222957 0.218247 0.132762 
1.077249 0.581918 0.421681 0.343258 0.298221 0.269545 0.251655 0.237731 0.229569 0.222477 0.218649 0.132753 
