1.071515 0.580690 0.424412 0.342199 0.299201 0.269438 0.247570 0.238894 0.228496 0.223176 0.219291 0.132139 
1.071126 0.581813 0.425556 0.342317 0.297897 0.269546 0.252445 0.236613 0.232243 0.220314 0.217295 0.132392 
1.072492 0.587527 0.421907 0.345366 0.293352 0.272670 0.248622 0.240081 0.224534 0.226243 0.216674 0.132599 
1.069646 0.579865 0.425990 0.344909 0.294518 0.268736 0.253034 0.236019 0.233592 0.220903 0.217011 0.132141 
1.074143 0.579657 0.422805 0.337477 0.301745 0.273700 0.252772 0.238557 0.227907 0.217020 0.220448 0.132308 
1.072457 0.579652 0.427272 0.341465 0.296431 0.272023 0.248816 0.237436 0.230013 0.222349 0.218614 0.132312 
2.210240 -0.310050 0.426786 0.424146 0.639482 -0.292594 0.123417 -0.145331 -0.251419 0.058336 -0.181305 0.167968 
1.239428 0.345029 0.269185 -0.090414 0.758742 -0.285807 -0.014048 -0.095371 -0.362883 -0.223863 -0.010425 0.181786 
1.622806 0.565496 0.636684 -0.380100 0.374208 -0.432984 0.165186 0.333533 -0.418017 -0.338246 -0.179474 0.002553 
1.785889 0.833972 0.924617 -0.327966 0.217141 -0.561865 0.066324 0.402131 -0.214530 -0.058537 -0.026341 -0.088866 
2.216346 0.955831 1.198092 -0.219438 0.164105 -0.587521 -0.129863 0.398680 -0.270435 -0.046019 0.087838 -0.085751 
2.535030 1.184463 0.720296 0.352878 -0.178551 -0.271251 0.171441 0.282929 -0.039148 -0.109058 0.005915 -0.132325 
2.191763 1.262411 0.625787 0.170837 -0.053875 -0.075255 0.029410 0.128286 0.134135 0.060819 0.004267 -0.079687 
2.198167 1.361297 0.801368 0.358358 0.117682 0.054924 0.094501 0.105760 0.036499 -0.057134 0.016275 -0.028929 
1.554109 0.985814 0.719992 0.507469 0.347243 0.209652 0.114422 0.045616 0.007804 0.005577 0.057112 0.019077 
1.152587 0.652254 0.479135 0.380012 0.319021 0.274313 0.240582 0.215761 0.199252 0.192130 0.185122 0.136363 
1.072951 0.587684 0.425208 0.345216 0.297819 0.270865 0.253190 0.234313 0.230198 0.221697 0.214123 0.132922 
1.077838 0.583535 0.427444 0.342221 0.300514 0.266629 0.247434 0.236813 0.229096 0.220158 0.221580 0.132861 
1.068738 0.583537 0.425377 0.344264 0.294938 0.269452 0.251994 0.239460 0.227435 0.225054 0.216024 0.132304 
1.071324 0.579946 0.425210 0.342175 0.297341 0.270457 0.245636 0.238597 0.230338 0.222355 0.220612 0.132061 
1.071400 0.581655 0.425241 0.343784 0.301119 0.268466 0.251412 0.237496 0.227713 0.219992 0.220236 0.132465 
1.072553 0.583697 0.425443 0.342643 0.297684 0.270556 0.251069 0.236830 0.229709 0.220524 0.219028 0.132577 
