1.077224 0.582768 0.421642 0.343481 0.298272 0.269859 0.251375 0.238462 0.228627 0.222997 0.217993 0.132821 
1.077159 0.582785 0.421168 0.343137 0.298121 0.269932 0.251435 0.238026 0.229120 0.222929 0.218277 0.132766 
1.077100 0.582904 0.421243 0.342973 0.298537 0.270188 0.250860 0.238752 0.229199 0.222579 0.218003 0.132790 
1.077914 0.582595 0.421293 0.343238 0.298230 0.269956 0.250989 0.238061 0.229496 0.222590 0.218419 0.132824 
1.077590 0.583130 0.421602 0.342892 0.298027 0.270245 0.250951 0.238015 0.229515 0.223258 0.217589 0.132830 
1.076820 0.582912 0.421570 0.342811 0.298540 0.269708 0.251491 0.238251 0.229516 0.222377 0.218225 0.132780 
1.392276 -0.254166 1.045238 0.763036 -0.046363 -0.135254 -0.222580 -0.046307 0.225399 -0.045311 -0.098602 0.242917 
1.132944 -0.751953 1.425916 0.361250 0.014212 -0.232392 -0.306207 0.086818 0.097680 -0.069146 -0.009734 0.234059 
1.185334 -0.726987 1.668679 0.387879 -0.018318 -0.186703 -0.233257 0.094937 -0.002015 -0.069169 -0.001903 0.186700 
1.655127 -0.548748 1.544865 0.940649 -0.292387 -0.005156 0.088837 -0.034817 -0.048810 -0.162628 -0.090449 0.101707 
1.557362 0.434789 1.372809 0.943650 -0.198893 -0.061795 0.341283 -0.062630 -0.263363 -0.008232 0.037252 -0.127278 
1.287558 0.742802 0.622034 0.481744 0.328471 0.257293 0.227007 0.141019 0.109715 0.109664 0.137216 0.091513 
1.090372 0.592374 0.440359 0.353956 0.297964 0.268741 0.250278 0.231860 0.221113 0.219495 0.212606 0.134781 
1.076334 0.581254 0.428079 0.347630 0.295348 0.268500 0.255200 0.236211 0.226237 0.221008 0.218513 0.132940 
1.071529 0.581790 0.425073 0.344400 0.297399 0.269496 0.251876 0.237965 0.227415 0.222947 0.218990 0.132490 
1.076001 0.576889 0.422274 0.349435 0.299849 0.264499 0.247985 0.241759 0.230872 0.222603 0.216593 0.132535 
1.077070 0.581869 0.422122 0.343913 0.297833 0.269891 0.250505 0.238066 0.229367 0.223284 0.217980 0.132751 
1.076880 0.582494 0.421420 0.343577 0.298491 0.270091 0.251134 0.238110 0.229031 0.223002 0.217939 0.132777 
