1.077647 0.574994 0.420037 0.345435 0.299326 0.268367 0.251935 0.239680 0.229724 0.221373 0.217766 0.132297 
1.071351 0.581997 0.420827 0.343881 0.299206 0.263840 0.253808 0.240223 0.229753 0.220330 0.219488 0.132156 
1.073774 0.580333 0.422981 0.338684 0.297857 0.273628 0.251166 0.237010 0.229965 0.223457 0.217220 0.132276 
1.070792 0.579080 0.422030 0.344931 0.297640 0.269976 0.249654 0.240029 0.232431 0.219385 0.218059 0.132114 
1.074287 0.578175 0.419482 0.341889 0.299269 0.268855 0.250794 0.241643 0.230438 0.224707 0.214683 0.132102 
1.067835 0.575800 0.427360 0.340109 0.296233 0.267587 0.258217 0.237894 0.229831 0.226656 0.212939 0.131819 
0.802198 -0.277967 0.956648 1.180210 -0.231368 -0.271699 0.217713 -0.021614 -0.023859 -0.131149 0.084413 0.035486 
0.244502 -0.151056 0.697823 0.820197 -0.198940 -0.347984 0.160467 -0.079630 -0.139277 -0.170272 0.071480 -0.009985 
0.118577 -0.105527 0.882321 0.666892 -0.261422 -0.273001 0.172164 -0.122625 -0.200418 -0.130685 -0.044420 -0.040725 
0.274747 -0.035868 0.962466 0.745790 -0.291273 -0.198018 0.226570 -0.218753 -0.146510 -0.259388 0.034926 -0.130633 
0.369481 0.171330 1.409585 0.830474 -0.115974 -0.220201 0.324756 -0.203433 -0.122643 -0.257323 0.035561 -0.099661 
0.653088 0.287350 1.438627 0.880829 -0.185008 -0.089091 0.415481 -0.321992 0.029723 -0.161625 0.027833 -0.008325 
1.479912 0.037201 1.321117 1.158660 -0.195082 -0.116945 0.329440 0.035924 -0.251346 -0.049088 0.061342 -0.057766 
1.440527 0.206829 1.237544 1.082152 -0.232718 -0.059053 0.459571 -0.059324 -0.243520 -0.006311 0.114648 -0.133035 
1.063152 0.547196 0.455801 0.370914 0.270699 0.260024 0.285631 0.231178 0.206002 0.228609 0.217289 0.129404 
1.074154 0.507522 0.416708 0.381949 0.326126 0.249835 0.237381 0.204222 0.232295 0.262968 0.210927 0.123892 
1.071226 0.548517 0.432111 0.369838 0.275645 0.250123 0.273031 0.247221 0.193428 0.220965 0.246301 0.129958 
1.071650 0.574852 0.425226 0.346633 0.297358 0.265479 0.253536 0.238131 0.227098 0.223986 0.218699 0.131953 
1.072226 0.576119 0.422490 0.347661 0.295976 0.268602 0.249434 0.239685 0.227651 0.222720 0.219687 0.131929 
1.070309 0.576593 0.423292 0.345022 0.296656 0.272085 0.249606 0.240013 0.231134 0.221814 0.216463 0.132043 
