0.966595 0.517423 0.410521 0.373544 0.298709 0.256355 0.259638 0.226646 0.261397 0.201996 0.220550 0.118773 
0.905623 0.586315 0.454519 0.303058 0.299893 0.344541 0.174664 0.257435 0.227523 0.259531 0.173800 0.128083 
0.974151 0.612243 0.421257 0.375953 0.237187 0.290276 0.311377 0.244026 0.169219 0.248808 0.171478 0.126928 
0.883276 0.633257 0.445974 0.360502 0.269885 0.295548 0.206388 0.254600 0.253345 0.194917 0.201604 0.124254 
0.937219 0.544680 0.447671 0.372034 0.270143 0.294427 0.219279 0.241443 0.239838 0.195324 0.222470 0.119695 
1.187336 0.267976 0.214411 0.104263 0.296096 0.336352 0.030791 -0.108959 0.027777 0.156082 0.176753 0.097135 
1.837068 0.341855 0.173621 -0.161704 0.392339 -0.351513 0.122075 0.233313 -0.353518 -0.273366 -0.250362 0.103715 
1.973653 0.546398 0.692943 -0.443671 -0.093922 -0.520246 0.203792 0.325414 -0.287760 0.063724 -0.105875 -0.196698 
2.206622 0.730024 0.696071 -0.240995 -0.124622 -0.551806 0.135375 0.314032 -0.364585 0.006008 -0.001119 -0.176204 
2.134580 0.881677 0.774129 -0.164180 -0.130423 -0.486684 0.186861 0.218652 -0.267429 0.106359 -0.015233 -0.178380 
2.160965 1.082414 0.801834 -0.068195 -0.195911 -0.546229 0.064253 0.176276 -0.309283 0.141325 0.041467 -0.151469 
2.512739 1.669082 0.848510 -0.217161 0.191432 -0.280386 0.099454 0.216709 -0.170548 0.110546 -0.242127 -0.247114 
3.476860 1.501328 0.347974 -0.214453 -0.177673 0.050165 0.090191 0.089145 0.076743 -0.024358 -0.082941 -0.113035 
2.758574 1.639051 0.882357 0.239860 -0.033236 -0.082227 0.081538 0.132920 0.081018 0.008515 -0.023647 -0.132429 
2.305288 1.488579 0.927405 0.337564 0.093139 0.080578 0.056374 0.172628 0.111111 0.035367 0.084358 -0.002690 
1.150248 0.644249 0.543107 0.387472 0.285533 0.255432 0.181831 0.215185 0.158793 0.121576 0.183209 0.116465 
1.045023 0.675991 0.493546 0.380356 0.321063 0.246352 0.226849 0.219599 0.161390 0.199793 0.191384 0.126815 
0.991486 0.620002 0.494346 0.374729 0.346400 0.233421 0.197773 0.235211 0.165085 0.222111 0.209545 0.121491 
1.022365 0.666071 0.495090 0.333162 0.378375 0.237097 0.208099 0.230660 0.147774 0.202880 0.212808 0.121048 
0.995411 0.612395 0.492355 0.341188 0.342259 0.268308 0.218979 0.212842 0.215205 0.188411 0.203242 0.125611 
