1.076607 0.581652 0.422322 0.344158 0.295949 0.270502 0.250706 0.238420 0.230567 0.223319 0.216798 0.132682 
1.075012 0.581636 0.424411 0.342361 0.298511 0.269466 0.251104 0.236514 0.229112 0.223981 0.218090 0.132608 
1.074483 0.579820 0.424546 0.340540 0.298957 0.268610 0.249667 0.240389 0.227659 0.222714 0.220373 0.132368 
1.075367 0.586394 0.421537 0.340473 0.295191 0.265817 0.250178 0.239349 0.227813 0.224997 0.220772 0.132386 
1.076387 0.580618 0.421412 0.343121 0.299059 0.265537 0.251093 0.238644 0.229804 0.221172 0.220331 0.132349 
1.268800 0.715132 0.484197 0.345819 0.267769 0.226794 0.214060 0.203849 0.196469 0.193197 0.190996 0.138271 
1.768962 0.918115 0.518974 0.215588 0.023094 0.066364 0.234948 0.202479 0.142047 0.211610 0.013565 -0.002786 
2.073980 0.984707 0.280778 0.362842 -0.261214 -0.142937 0.326068 0.039347 0.026545 0.102592 0.059017 -0.160661 
1.717868 1.300636 0.063850 0.073827 -0.599939 -0.143849 0.316398 -0.094718 0.028559 0.143311 -0.053812 -0.167812 
1.803719 1.037240 -0.214138 -0.106050 -0.641743 -0.050046 0.420233 -0.105164 0.089453 0.012881 0.025607 -0.187701 
1.744871 0.798199 -0.381867 0.018958 -0.543041 0.095489 0.385120 0.172547 0.077175 -0.030778 0.135214 -0.066688 
1.972371 0.416753 -0.496336 0.174912 -0.296019 0.201035 0.246510 0.055998 0.041868 0.013814 0.207180 0.045706 
1.958266 0.162738 -0.379839 0.444399 -0.220469 0.118636 -0.044696 -0.056736 0.065332 0.205687 0.179385 0.060913 
2.039376 0.048282 0.177709 0.549965 0.004807 -0.036146 -0.001153 0.070927 -0.075898 0.043618 0.064930 0.038021 
2.092712 0.185658 0.417910 0.403116 -0.027941 0.317368 0.165662 0.121130 -0.083018 0.016299 0.040749 0.056659 
2.064100 0.388235 0.453781 0.441624 0.013072 0.371689 0.202693 0.037928 0.090031 -0.039172 0.007770 0.165350 
1.626472 0.516340 0.685375 0.526478 0.235999 0.240523 0.132002 0.030524 0.078309 0.020349 0.099365 0.085193 
1.104427 0.593870 0.431400 0.348425 0.296997 0.260447 0.243019 0.233596 0.224085 0.217497 0.219785 0.134581 
1.078525 0.580539 0.419102 0.346535 0.298056 0.268630 0.249525 0.230128 0.230070 0.225896 0.220397 0.132309 
1.077311 0.581632 0.420511 0.341564 0.297632 0.267772 0.250331 0.236568 0.227825 0.225266 0.220850 0.132328 
1.076754 0.584071 0.421954 0.339786 0.298472 0.265331 0.250353 0.237477 0.226603 0.228069 0.219142 0.132409 
1.077661 0.582344 0.418892 0.338992 0.298672 0.263566 0.247241 0.238290 0.229668 0.228034 0.221502 0.132100 
1.077988 0.580789 0.420498 0.341909 0.296496 0.270860 0.249677 0.236192 0.230501 0.223132 0.220408 0.132438 
