1.074191 0.583714 0.421050 0.342932 0.299286 0.268526 0.251546 0.237425 0.229844 0.223506 0.218112 0.132602 
1.076852 0.582454 0.420582 0.343640 0.298488 0.270342 0.250946 0.238373 0.229596 0.221846 0.218360 0.132718 
1.077020 0.582037 0.421235 0.342516 0.297142 0.270074 0.250956 0.238054 0.229839 0.222594 0.219000 0.132621 
1.075879 0.582755 0.422392 0.341937 0.297832 0.270698 0.250934 0.238404 0.228517 0.223820 0.217740 0.132668 
1.076927 0.582463 0.421838 0.343944 0.297724 0.270205 0.251499 0.238429 0.229947 0.221882 0.217502 0.132799 
1.077027 0.582586 0.421993 0.342717 0.298807 0.269142 0.250311 0.236835 0.228458 0.223439 0.218773 0.132594 
1.140137 0.621207 0.447459 0.360276 0.296292 0.263722 0.248337 0.231482 0.215865 0.206118 0.203332 0.137552 
1.180363 0.657612 0.469507 0.368871 0.304586 0.268696 0.250663 0.233220 0.211415 0.190054 0.175536 0.137242 
1.714116 1.062808 0.606978 0.330739 -0.033691 0.052885 0.176306 0.128106 0.047477 0.120479 0.001356 -0.011453 
1.761139 1.416034 0.185744 0.078496 -0.545488 -0.267293 0.352315 -0.035575 0.115174 0.114187 0.101971 -0.127811 
1.707188 1.127125 -0.414493 0.020018 -0.561885 -0.001793 0.285720 0.103047 0.101862 0.044731 0.064959 -0.059455 
1.779466 0.955995 -0.497244 -0.014507 -0.397501 0.081486 0.249871 0.243378 0.107050 -0.006931 0.098094 0.038924 
1.955185 0.640202 -0.577336 0.061157 -0.164320 0.213160 0.228598 0.069984 -0.022457 -0.013355 0.129727 0.110236 
2.021673 0.301206 -0.356947 0.103531 0.128682 -0.068438 0.153543 0.027049 0.154035 0.137301 0.185132 0.103387 
2.152530 0.066911 -0.155809 0.471250 0.076657 0.038994 -0.051140 0.074258 0.087457 0.268361 0.123213 -0.028392 
1.869913 0.339408 0.353009 0.376674 0.029095 0.166874 0.046691 0.109493 -0.033497 -0.045913 0.024988 0.094973 
1.922616 0.173480 0.564067 0.454158 0.175529 0.295073 0.083849 0.108213 -0.020259 0.070028 0.142154 0.074101 
1.548962 0.655271 0.517995 0.392957 0.191013 0.209692 0.257659 0.194634 0.095449 0.101335 0.136706 0.100609 
1.087648 0.587219 0.428622 0.347780 0.299214 0.267917 0.247835 0.235229 0.229459 0.215604 0.216498 0.133675 
1.079779 0.581975 0.421656 0.342930 0.299260 0.268904 0.248112 0.236445 0.229389 0.223829 0.218295 0.132630 
1.079952 0.582754 0.421253 0.343485 0.298609 0.269839 0.250612 0.238120 0.229786 0.221939 0.216881 0.132870 
1.076271 0.583453 0.420572 0.342558 0.297877 0.268522 0.251377 0.237817 0.228205 0.223136 0.220119 0.132567 
1.074589 0.582569 0.422772 0.342684 0.298204 0.269208 0.252013 0.238738 0.229051 0.222608 0.217683 0.132608 
1.076217 0.581213 0.422238 0.341919 0.297438 0.271618 0.250813 0.237298 0.230024 0.222885 0.218456 0.132600 
1.077088 0.581499 0.422676 0.344427 0.296800 0.269178 0.251116 0.238998 0.228935 0.222164 0.218553 0.132714 
