1.048860 0.586860 0.418860 0.345315 0.309356 0.257304 0.268510 0.232283 0.234763 0.216405 0.211751 0.131422 
1.062363 0.581534 0.423473 0.348066 0.302165 0.269162 0.243661 0.235503 0.233136 0.221566 0.216577 0.131529 
1.055547 0.580196 0.442034 0.325160 0.309905 0.276216 0.239099 0.245169 0.231188 0.212219 0.218706 0.131223 
1.207711 0.320761 0.332503 0.112655 0.282895 0.502908 0.306450 0.274547 0.262840 0.086709 0.126255 0.136355 
0.738851 0.120066 0.572413 0.444669 0.384840 0.080566 0.361113 0.311686 0.212468 0.302899 0.005968 0.130823 
0.532749 0.002187 0.644407 0.580888 0.299686 0.044574 0.445109 0.276724 0.221376 0.267260 -0.071359 0.194627 
1.601445 0.417043 0.590887 0.958174 0.182034 -0.275464 0.085767 0.122895 0.006181 -0.172131 -0.056672 0.061738 
1.494671 -0.060546 1.026550 0.856430 -0.002966 -0.177671 -0.109970 -0.049504 -0.096819 -0.326948 -0.127328 0.047637 
0.906526 0.142075 1.104197 0.720805 -0.142778 -0.074744 -0.124169 0.056926 -0.108649 -0.303236 -0.138349 0.107379 
0.919711 0.268036 1.090265 0.820215 -0.080281 -0.083131 -0.177685 0.109520 -0.210473 -0.301673 -0.043652 -0.003019 
0.994963 0.538075 1.329216 0.670496 -0.084087 -0.013092 -0.096214 0.077470 -0.188932 -0.275176 -0.056630 0.024689 
1.208658 0.451281 1.368547 0.729868 -0.195549 0.116851 -0.028292 0.066839 -0.141007 -0.229835 -0.086167 0.055957 
1.737864 0.868290 1.370415 0.347970 -0.020513 0.101437 -0.142581 0.138797 -0.015229 -0.244457 0.101238 0.005161 
1.943785 1.343874 1.213054 0.504743 0.320599 0.243926 -0.180527 0.050007 0.052167 -0.190082 -0.026906 -0.021258 
1.471249 0.952513 0.733966 0.518854 0.324541 0.220151 0.092314 0.001229 -0.016443 -0.048567 0.010247 -0.032034 
1.094288 0.605102 0.461491 0.359718 0.306953 0.267269 0.259621 0.212003 0.225638 0.213937 0.196948 0.136029 
1.065971 0.590157 0.415884 0.361542 0.292845 0.273301 0.246468 0.244925 0.212268 0.224915 0.215851 0.132453 
1.071872 0.587253 0.434812 0.340298 0.306220 0.266155 0.246244 0.241568 0.221248 0.216888 0.219564 0.132639 
1.058718 0.572798 0.432016 0.341145 0.301077 0.263957 0.258291 0.225506 0.239922 0.224524 0.213118 0.131273 
1.056488 0.583665 0.428044 0.332895 0.301806 0.279810 0.253915 0.239464 0.223928 0.217251 0.216889 0.131347 
1.056411 0.588842 0.416380 0.355844 0.294073 0.275440 0.243171 0.238478 0.226693 0.233055 0.208433 0.131867 
