0.979353 0.631080 0.535030 0.288341 0.369534 0.190135 0.181001 0.275367 0.142574 0.183245 0.265833 0.103876 
0.965589 0.589243 0.457669 0.373140 0.349909 0.191018 0.169961 0.300116 0.194466 0.232696 0.180943 0.123819 
0.944047 0.589358 0.537845 0.292981 0.343364 0.256725 0.194860 0.246012 0.219855 0.131434 0.280583 0.110641 
0.979187 0.644055 0.492845 0.313276 0.313625 0.255890 0.152325 0.218282 0.234258 0.186158 0.240181 0.118465 
0.934895 0.578682 0.530261 0.299383 0.301836 0.211498 0.285322 0.163844 0.271100 0.183734 0.244686 0.125234 
0.945213 0.459262 0.461440 0.332643 0.297872 0.183627 0.257044 0.249320 0.248264 0.302936 0.144476 0.110745 
1.886880 0.529341 -0.021898 0.172869 0.157293 -0.355298 0.179382 -0.021862 -0.195891 -0.331589 -0.108242 0.124259 
1.774444 0.978665 0.270402 -0.188659 -0.256564 -0.624250 0.211576 0.148156 0.010367 -0.148628 0.015225 -0.085006 
2.017305 0.818524 0.335396 -0.187468 -0.212572 -0.598667 0.227182 0.130265 -0.031159 -0.079670 -0.006813 0.008815 
1.945728 0.898778 0.300503 -0.150345 -0.237727 -0.660563 0.347363 0.087422 -0.059435 -0.032847 0.015657 0.026812 
1.950951 1.024631 0.408472 -0.168519 -0.138805 -0.753620 0.216040 0.204450 -0.097542 -0.039379 -0.084089 -0.006340 
2.563095 0.746743 0.714351 0.037892 -0.121652 -0.657859 0.195118 0.124552 -0.240825 -0.070106 -0.081025 -0.034881 
2.897558 0.961121 0.472921 0.275686 -0.314170 -0.445194 0.205471 0.164890 -0.107560 -0.089736 0.039705 -0.135999 
2.498726 1.429793 0.593102 0.013359 -0.192160 -0.107608 0.058990 0.140783 0.084446 -0.038245 -0.106094 -0.224249 
2.391596 1.451969 0.743085 0.151730 -0.081785 -0.048377 0.116971 0.223603 0.106104 -0.082883 -0.030323 -0.178589 
1.780417 1.341015 0.802682 0.326727 0.194778 0.155978 0.095761 0.110703 0.049146 -0.036749 0.006918 -0.046920 
1.060784 0.693153 0.593347 0.362083 0.347065 0.261121 0.221626 0.188237 0.151250 0.168081 0.140786 0.115362 
0.973557 0.637115 0.504085 0.294350 0.352667 0.226622 0.269738 0.166211 0.224611 0.192456 0.218358 0.128163 
0.956855 0.598872 0.517041 0.372601 0.269588 0.259045 0.216368 0.246536 0.206483 0.219053 0.184075 0.127564 
0.908465 0.530692 0.527981 0.362139 0.259828 0.266250 0.268865 0.222634 0.237065 0.245967 0.150191 0.128273 
0.974254 0.568413 0.529287 0.338050 0.261082 0.274091 0.174125 0.229848 0.194883 0.295678 0.170729 0.123572 
0.881040 0.563399 0.507402 0.257205 0.309090 0.303584 0.224695 0.201085 0.254561 0.219652 0.217776 0.118605 
