0.939900 0.589034 0.457584 0.359937 0.330178 0.266714 0.220757 0.218411 0.246781 0.152137 0.236092 0.117659 
0.975122 0.602891 0.510093 0.305506 0.261769 0.276650 0.234089 0.266131 0.181244 0.215911 0.201282 0.119324 
0.892456 0.518171 0.528288 0.369322 0.270417 0.279543 0.268349 0.227780 0.223835 0.231701 0.162066 0.125982 
0.997494 0.514196 0.499290 0.318984 0.306165 0.264563 0.306976 0.215705 0.176904 0.184707 0.242435 0.119761 
0.889199 0.606289 0.430871 0.305476 0.345920 0.226092 0.268304 0.219037 0.230967 0.231247 0.210311 0.119159 
1.021183 0.650495 0.469860 0.413001 0.295633 0.219819 0.183558 0.255028 0.230482 0.184188 0.158277 0.131636 
1.769967 0.226581 0.185390 -0.066175 0.355856 -0.254528 0.060940 0.020799 -0.285899 -0.436441 -0.177317 0.189899 
2.024825 0.593552 0.427390 -0.303853 0.062483 -0.621077 0.018382 0.265181 0.022119 -0.192443 -0.227340 0.025558 
2.305152 0.543165 0.448041 -0.163801 0.079139 -0.517557 0.018342 0.299713 -0.270903 -0.111657 -0.125179 -0.046749 
2.204116 0.750196 0.536586 -0.116163 -0.098944 -0.579358 0.067714 0.308651 -0.141195 -0.138193 -0.057498 -0.049428 
2.529507 0.654575 0.526321 0.125083 -0.129816 -0.432046 0.059875 0.350264 -0.037288 -0.076026 0.013369 -0.060923 
2.705191 0.844466 0.533199 0.434033 -0.230361 -0.423986 0.015299 0.094558 -0.112181 -0.270516 -0.072115 -0.049382 
2.757094 1.437664 0.463166 -0.063366 -0.141703 -0.024027 0.088696 0.090304 0.024306 -0.052388 -0.169810 -0.215484 
2.351356 1.347966 0.605191 0.081019 -0.116343 -0.049555 0.103893 0.204139 0.103834 -0.081307 -0.089348 -0.213897 
2.356987 1.406010 0.682407 0.146058 -0.064878 -0.023839 0.122812 0.221448 0.106193 -0.099940 -0.057274 -0.187431 
2.080661 1.238736 0.752326 0.139821 0.065387 0.074740 0.196908 0.151619 0.090369 -0.066247 -0.023971 -0.092424 
1.139078 0.671435 0.574434 0.384322 0.321945 0.234316 0.139777 0.167974 0.190421 0.203334 0.122305 0.119582 
1.020967 0.710455 0.447986 0.479874 0.296487 0.236153 0.233455 0.177091 0.163756 0.237624 0.148652 0.129857 
1.009684 0.624402 0.499849 0.353157 0.324226 0.235498 0.216658 0.150648 0.236461 0.193605 0.204954 0.123763 
0.961336 0.573415 0.448150 0.356900 0.293190 0.280921 0.256948 0.186247 0.287205 0.167644 0.195711 0.124610 
1.032592 0.646985 0.443383 0.287028 0.251163 0.259830 0.150647 0.264138 0.232114 0.214034 0.245964 0.123438 
0.946668 0.658493 0.438106 0.333589 0.292097 0.183796 0.215823 0.239001 0.183499 0.266736 0.216627 0.123280 
