1.057750 0.588991 0.421051 0.345501 0.293979 0.273003 0.249483 0.233544 0.234922 0.226941 0.212181 0.131694 
1.058683 0.579613 0.427788 0.346914 0.292010 0.266761 0.253189 0.237182 0.225627 0.225599 0.220033 0.131089 
1.047638 0.581958 0.420358 0.350895 0.287805 0.268200 0.258173 0.231300 0.232086 0.222601 0.222062 0.130011 
1.055284 0.581883 0.438810 0.330803 0.299929 0.274802 0.245021 0.239329 0.224659 0.218485 0.225830 0.131028 
1.056337 0.584168 0.424950 0.348925 0.294809 0.272698 0.240438 0.246345 0.231661 0.217154 0.219043 0.131545 
1.062722 0.577015 0.431780 0.336360 0.300364 0.271428 0.243190 0.241805 0.231664 0.214294 0.225473 0.131315 
1.859947 0.716063 0.034766 0.148182 0.136962 -0.343998 0.388036 0.061338 -0.250416 -0.306891 -0.135005 0.136706 
2.003745 0.982532 0.327839 -0.029087 -0.194374 -0.673068 0.450703 0.111794 -0.091463 -0.028700 -0.068672 -0.013674 
2.018082 0.967343 0.509947 -0.198151 -0.103660 -0.642426 0.366496 0.144396 -0.143072 0.124341 -0.148738 -0.016452 
2.181380 1.030188 0.718765 -0.150045 -0.167407 -0.556631 0.337907 0.176488 -0.203225 0.172048 -0.064234 -0.139902 
2.474807 0.993924 0.807920 -0.029934 -0.124872 -0.604770 0.441737 0.163905 -0.127414 0.220765 -0.018199 -0.055258 
2.333132 1.247334 0.891212 0.134893 -0.194746 -0.494187 0.223312 -0.001350 -0.227545 0.150965 0.053721 -0.077795 
2.361512 1.307830 0.882193 0.339862 -0.232706 -0.143185 0.240938 0.165188 -0.023434 0.019284 0.057516 -0.180027 
2.429656 1.478026 0.755663 0.214026 -0.019815 0.002461 0.158453 0.229587 0.122291 -0.014364 -0.028267 -0.152838 
2.117288 1.275614 0.770856 0.328420 0.073765 0.051255 0.137864 0.194437 0.127491 0.009728 0.049930 -0.031383 
1.489810 0.970015 0.732587 0.513494 0.387365 0.234372 0.158092 0.093169 0.042519 0.042491 0.064350 0.028303 
1.073044 0.581482 0.435379 0.341615 0.299732 0.273448 0.243288 0.243277 0.230825 0.219644 0.210272 0.132887 
1.064199 0.579682 0.429459 0.343775 0.303474 0.267009 0.253662 0.232204 0.230687 0.221743 0.215910 0.132001 
1.066554 0.583641 0.420712 0.340995 0.298707 0.267957 0.247144 0.241751 0.227525 0.226418 0.217655 0.131651 
1.049363 0.577854 0.431933 0.340891 0.291509 0.269927 0.257473 0.233243 0.234044 0.223490 0.216501 0.130639 
1.062894 0.581594 0.429029 0.345985 0.291957 0.266981 0.257654 0.230605 0.230426 0.228710 0.213748 0.131738 
1.048806 0.588131 0.419842 0.344544 0.297265 0.267499 0.251624 0.249735 0.215980 0.224325 0.221631 0.130777 
