1.076567 0.582725 0.421403 0.342940 0.298433 0.270067 0.250873 0.238779 0.229093 0.222625 0.218252 0.132739 
1.077248 0.582355 0.421444 0.343438 0.298472 0.269593 0.251455 0.238404 0.228688 0.223007 0.218117 0.132779 
1.076464 0.582556 0.421074 0.343390 0.298828 0.270447 0.250488 0.238281 0.229800 0.222314 0.218186 0.132747 
1.076449 0.583014 0.421567 0.342921 0.298000 0.270567 0.251333 0.237697 0.229043 0.222930 0.218413 0.132754 
1.086542 0.588307 0.426505 0.344435 0.296912 0.268866 0.248862 0.236050 0.228682 0.221180 0.217606 0.133763 
1.110599 0.590376 0.463107 0.347462 0.275829 0.274613 0.239363 0.215101 0.232331 0.219735 0.216096 0.135849 
1.736734 0.169008 0.816202 0.360251 -0.099608 0.248498 0.146704 -0.007229 0.101133 0.051775 0.079049 0.155619 
1.101277 0.044569 -0.271889 0.155772 0.143452 -0.002251 -0.116464 0.067358 0.185258 0.206300 0.329220 0.159384 
1.171676 -0.058491 -0.268893 -0.148782 0.060609 0.214200 0.108233 -0.021565 0.198815 0.228578 0.220650 0.127379 
1.093032 -0.258296 -0.256524 -0.254802 0.178719 0.300241 0.190236 -0.130764 0.235175 0.259571 0.180744 0.117321 
1.155328 -0.343156 -0.158244 -0.191440 0.159417 0.316220 0.124234 -0.130000 0.365288 0.192368 0.094782 0.115927 
1.006732 -0.411322 0.225063 0.281153 0.054072 -0.044745 -0.136585 0.028161 0.292544 0.191352 0.122218 0.126869 
1.056193 -0.397145 0.548956 0.252015 0.042889 -0.031377 0.011306 0.002044 0.227186 0.097571 0.047296 0.189253 
1.093062 -0.192294 0.767184 0.419122 -0.035589 0.089576 0.029813 -0.260752 0.062543 0.197586 0.062781 0.031315 
1.173594 -0.147731 0.791626 0.285633 -0.188642 0.032920 0.180052 -0.265413 0.121820 0.189716 0.067532 0.163036 
1.404633 0.207139 0.811792 0.354405 -0.180131 0.420443 0.163855 0.023287 0.153157 0.108882 0.022511 0.142987 
1.375705 0.559489 0.547632 0.501205 0.256145 0.209665 0.166502 0.124750 0.276545 0.203272 0.082373 0.107564 
1.087950 0.589683 0.427654 0.347444 0.298844 0.267529 0.248858 0.233422 0.226950 0.221720 0.219926 0.134259 
1.077908 0.583152 0.423099 0.343991 0.297197 0.270730 0.250648 0.237636 0.229657 0.222494 0.217291 0.132922 
1.077297 0.582687 0.421371 0.343605 0.298958 0.270179 0.250517 0.238260 0.229058 0.222722 0.218012 0.132819 
1.077196 0.582972 0.420838 0.343398 0.298258 0.270181 0.250631 0.238107 0.229476 0.223188 0.217967 0.132777 
1.077032 0.582076 0.421017 0.343582 0.297997 0.270730 0.250848 0.238222 0.228762 0.223154 0.218248 0.132731 
1.076667 0.582544 0.421776 0.343177 0.298061 0.270602 0.250891 0.238678 0.229202 0.222947 0.217606 0.132777 
