0.969486 0.669829 0.406478 0.378040 0.266143 0.332166 0.215158 0.212296 0.227281 0.172683 0.243405 0.122561 
0.622333 0.831849 0.066762 0.441132 0.160922 0.398842 0.241050 0.335706 0.080090 0.338550 0.141323 0.163456 
0.826983 0.646855 0.277071 0.482564 0.179258 0.457372 0.274228 -0.063026 0.223756 0.301602 0.173623 0.084604 
1.417066 0.397453 1.052756 0.564487 0.093493 0.165162 -0.046100 0.049364 0.177043 -0.068299 -0.133526 0.108484 
1.491249 0.166537 0.735264 0.945181 -0.099079 0.168111 -0.147464 -0.048079 0.000725 -0.076948 -0.228026 0.027247 
1.512905 0.087676 1.046287 0.902317 -0.008406 -0.013398 -0.010727 -0.077263 -0.021455 -0.138763 -0.182080 -0.046427 
1.513545 0.055574 0.939119 0.720681 0.108243 -0.148481 0.025844 -0.305211 0.080896 -0.086956 -0.354627 -0.076846 
1.891416 -0.256877 1.073617 0.068541 0.141910 0.170612 -0.160785 -0.090826 -0.217513 -0.044845 0.111913 -0.181840 
2.723895 0.142158 0.432229 -0.239759 0.047293 -0.108433 0.076373 -0.049233 -0.315746 -0.077295 -0.085481 -0.022442 
2.878063 0.550651 0.163118 0.177751 -0.290473 -0.264329 0.190650 0.116083 -0.138991 -0.066383 0.089393 -0.007313 
2.429317 0.815215 0.400100 0.110102 -0.316449 -0.097060 0.363215 0.202575 -0.042018 0.117401 0.132577 -0.032170 
2.315683 0.731138 0.105998 -0.060812 -0.104583 0.021234 0.160973 -0.137666 -0.152785 0.187493 0.093591 0.066651 
1.372305 0.601018 0.318741 0.215249 0.267649 0.247492 0.185891 0.124045 0.159190 0.308295 0.294017 0.167394 
1.233923 0.626783 0.383615 0.252916 0.184651 0.232265 0.196235 0.172154 0.253210 0.274019 0.268855 0.145470 
