1.072213 0.581192 0.422775 0.341959 0.300142 0.269429 0.248397 0.240243 0.228387 0.221675 0.219774 0.132249 
1.074791 0.579544 0.422976 0.344946 0.296056 0.273524 0.245770 0.238134 0.231414 0.225267 0.215591 0.132450 
1.072800 0.582534 0.421419 0.342839 0.297428 0.270022 0.251821 0.236859 0.226389 0.223783 0.220762 0.132281 
1.055743 0.588287 0.414764 0.354258 0.293247 0.267132 0.253611 0.234724 0.231756 0.219105 0.222590 0.131142 
0.950378 0.659210 0.362931 0.391691 0.243359 0.312050 0.220775 0.242624 0.225640 0.228866 0.229669 0.126142 
0.874364 0.540330 0.446977 0.350796 0.279599 0.308702 0.305410 0.151499 0.233480 0.306702 0.152781 0.122074 
1.413778 0.079108 0.858347 0.544735 0.119853 0.240985 -0.196863 -0.245255 0.143619 0.081504 -0.158509 -0.010182 
1.950630 -0.710185 1.278587 0.526588 0.050550 0.074883 -0.320500 -0.155176 0.136113 -0.178891 -0.313466 -0.036713 
2.235964 -0.771092 1.460048 0.967591 -0.029354 -0.064266 -0.006540 -0.069833 -0.046320 -0.150910 -0.193807 0.013369 
1.893156 0.201680 1.132671 1.180659 0.154102 0.101075 0.108955 -0.014074 0.125284 -0.066854 -0.186580 0.046253 
1.840964 1.074833 0.922412 0.781777 0.374448 0.041072 0.003271 0.053647 -0.009866 -0.105798 -0.051648 0.000656 
1.934165 0.019406 0.254305 0.278225 0.383116 0.443448 -0.036886 -0.073873 0.152242 0.105322 -0.027447 -0.007815 
0.803090 0.339700 0.464505 0.456674 0.321666 0.192824 0.262573 0.175637 0.354744 0.239970 0.146236 0.101902 
0.904069 0.506573 0.468037 0.379598 0.243310 0.284958 0.253925 0.203935 0.211358 0.289367 0.216671 0.106888 
0.969884 0.465839 0.542674 0.385896 0.124047 0.360252 0.330886 0.146747 0.178593 0.398005 0.118581 0.093195 
1.066242 0.575414 0.422916 0.353066 0.282004 0.281473 0.252672 0.224328 0.229302 0.240664 0.206835 0.131233 
1.075780 0.587898 0.422939 0.340965 0.292267 0.269511 0.246793 0.236512 0.230173 0.223458 0.221260 0.132383 
1.077518 0.586421 0.421245 0.337675 0.293847 0.269291 0.249619 0.241807 0.226620 0.221007 0.222416 0.132323 
