0.864115 0.670894 0.557264 0.324525 0.283701 0.151300 0.081191 0.131695 0.075866 0.124238 0.209238 0.057655 
0.892625 0.585932 0.521882 0.278663 0.351564 0.219967 0.123339 0.066351 0.181396 0.159091 0.210076 0.082183 
0.930930 0.598399 0.495719 0.311479 0.185361 0.171075 0.232375 0.247710 -0.009743 0.209818 0.267456 0.066501 
0.895881 0.512787 0.484964 0.317363 0.219050 0.237358 0.198077 0.057533 0.184749 0.188694 0.090908 0.091663 
0.900526 -0.238900 0.358465 0.465150 0.008880 0.024336 -0.011826 0.251152 0.190120 0.152910 -0.064226 0.086775 
0.745493 -0.437627 0.264004 0.793730 0.075277 0.062191 -0.127297 0.083341 0.131077 0.203375 -0.076709 0.048485 
2.039835 -0.044774 0.724376 0.746733 0.209069 -0.307658 -0.033071 -0.125598 -0.051637 -0.127067 -0.226171 -0.076175 
1.753833 -0.195078 0.873016 1.111670 -0.151800 -0.054151 -0.249241 -0.060073 -0.106076 -0.185376 -0.309284 -0.002350 
1.072110 0.075380 0.912010 0.867893 -0.191251 -0.045102 -0.316572 0.023590 -0.176412 -0.267670 -0.194892 0.024011 
1.173862 0.377557 1.133174 0.755377 -0.204644 -0.029205 -0.208159 0.104871 -0.358422 -0.291705 -0.017514 -0.038916 
1.383135 0.614393 1.369413 0.830189 -0.150858 0.106314 -0.167420 0.109128 -0.289293 -0.300275 -0.105480 -0.025021 
1.893157 1.052581 1.121234 0.485473 -0.097260 -0.074909 -0.205935 0.183664 -0.341615 -0.288441 0.045927 -0.123284 
1.632650 1.163627 1.223926 0.375500 0.424864 0.336770 -0.194768 0.065884 -0.045650 -0.270829 -0.010387 -0.157949 
1.347181 0.821918 0.757992 0.418628 0.231446 0.135747 0.099836 0.002756 -0.024898 -0.094901 -0.050994 -0.049540 
1.033716 0.703096 0.574045 0.346773 0.279476 0.195520 0.177201 0.073159 -0.003255 0.015300 -0.000837 0.030657 
0.931867 0.672472 0.507087 0.457258 0.232902 0.249282 0.144446 0.120381 0.160195 0.119260 0.146121 0.087321 
0.796647 0.606939 0.453223 0.408117 0.171118 0.274137 0.093456 0.233359 0.289139 0.177573 0.158629 0.122403 
0.907632 0.593371 0.392324 0.245339 0.289301 0.236293 0.179238 0.269168 0.180928 0.189000 0.113545 0.098115 
0.836918 0.589619 0.500759 0.171078 0.255503 0.162854 0.295277 0.238673 0.231005 0.157279 0.140880 0.099149 
