1.076375 0.580851 0.421505 0.343427 0.298508 0.268467 0.251962 0.239770 0.228442 0.223429 0.217375 0.132604 
1.075271 0.580733 0.421190 0.347374 0.299675 0.267628 0.248902 0.242983 0.229877 0.219952 0.217271 0.132711 
1.074703 0.581302 0.421144 0.345716 0.298090 0.267277 0.250774 0.240003 0.229857 0.220673 0.219525 0.132517 
1.075696 0.581218 0.422558 0.344204 0.297137 0.267946 0.251308 0.240318 0.227151 0.222140 0.219999 0.132555 
1.080021 0.576368 0.422581 0.344952 0.296628 0.266143 0.252162 0.238628 0.225402 0.223881 0.221233 0.132398 
1.330623 0.443392 0.287883 0.390268 0.319659 0.195728 0.307211 0.276659 0.176425 0.185208 0.243820 0.156838 
2.704087 -0.042889 -0.015964 0.071013 -0.397296 -0.084974 0.254829 0.203262 -0.065007 0.055376 0.219444 0.163660 
2.228341 -0.160417 -0.028513 0.204512 -0.129025 -0.072098 0.202549 -0.087894 -0.143831 0.080240 0.331296 0.271887 
2.242541 -0.262520 0.235515 0.376061 0.022080 -0.194514 -0.095360 -0.106635 0.008862 0.159879 0.135733 0.069040 
1.962121 -0.120420 0.626565 0.622924 0.069994 -0.140774 -0.222707 -0.020261 -0.018849 -0.034883 -0.030219 0.021518 
2.297106 -0.213542 0.775235 0.428352 0.423287 -0.143553 -0.066157 -0.035409 -0.161746 0.118746 0.071011 0.017611 
2.047318 0.390051 0.342142 0.690873 0.570831 -0.001087 -0.204539 0.023021 -0.056774 0.010223 0.096288 0.103776 
1.657961 0.757549 0.534767 0.501771 0.470887 0.124133 -0.130298 -0.006467 -0.004143 0.004432 0.149440 0.066435 
1.113414 0.589575 0.463626 0.361063 0.319736 0.247606 0.208163 0.255499 0.207580 0.189027 0.233594 0.135117 
1.075725 0.579131 0.423915 0.343910 0.296917 0.268457 0.250655 0.240262 0.228339 0.219474 0.221336 0.132432 
1.074041 0.574316 0.423185 0.350663 0.295111 0.264065 0.253922 0.243940 0.226774 0.217388 0.221838 0.132268 
1.075434 0.580673 0.422850 0.344333 0.295573 0.268753 0.253179 0.238936 0.228257 0.221513 0.219876 0.132526 
1.075918 0.572817 0.424433 0.350208 0.295266 0.263277 0.254713 0.243090 0.224746 0.218086 0.223940 0.132348 
