0.920616 0.529811 0.448590 0.392544 0.234243 0.285085 0.204807 0.247988 0.278973 0.220307 0.172232 0.125170 
0.939855 0.467909 0.457904 0.330335 0.205715 0.288023 0.308154 0.222228 0.278394 0.179166 0.221887 0.109982 
1.006244 0.500926 0.546039 0.302872 0.221865 0.322038 0.235831 0.057708 0.237777 0.195526 0.305579 0.117779 
1.107171 0.483377 0.597283 0.339770 0.198708 0.192842 0.197557 0.018310 0.183375 0.359517 0.254655 0.106380 
0.363747 0.453227 0.128550 0.524640 0.312806 0.095389 0.146368 0.055042 0.442049 0.252324 -0.055767 0.041128 
-0.026991 0.405487 0.330612 0.651634 0.284386 0.052329 0.331787 0.075368 0.389040 0.278408 -0.019116 0.056181 
0.640273 0.374729 0.460704 0.831222 0.230772 0.100123 -0.178422 0.143259 0.232210 -0.097448 -0.125799 0.088051 
1.305064 0.420718 0.946682 0.783958 0.193949 -0.341439 -0.071059 -0.163259 -0.054578 -0.156484 -0.332662 -0.088217 
0.258075 0.835313 1.052180 0.625591 0.194694 -0.228579 -0.116984 -0.019734 -0.123636 -0.360156 -0.046532 -0.158536 
0.107476 1.086864 1.222054 0.592932 0.161316 -0.165505 -0.084172 0.070230 -0.183574 -0.403236 0.058428 -0.109223 
0.248222 1.422077 1.401504 0.544766 0.041968 0.010967 -0.002574 -0.003542 -0.276021 -0.307452 0.103132 -0.248926 
1.430496 0.464042 1.407905 0.688533 0.011179 -0.069762 -0.033098 0.126223 -0.409185 -0.219783 0.044222 -0.227300 
2.004803 1.251904 0.943893 0.571491 0.079778 -0.068717 -0.049635 -0.053890 -0.234561 -0.156657 -0.140984 -0.141025 
1.843708 1.206817 0.924256 0.605172 0.282969 0.147139 0.024675 -0.012526 -0.110216 -0.138425 -0.096353 -0.119371 
1.606870 0.981621 0.969030 0.688865 0.358223 0.247837 0.149552 0.100665 -0.024135 -0.056794 0.068674 -0.025217 
1.260911 0.662439 0.713150 0.518428 0.232199 0.212089 0.277996 0.136292 0.007327 0.100487 0.202040 0.064634 
1.048225 0.626442 0.496054 0.456138 0.243430 0.235652 0.210292 0.257961 0.123290 0.174265 0.244769 0.124985 
0.977632 0.578208 0.486293 0.308396 0.288464 0.284644 0.209400 0.259978 0.237948 0.188137 0.215393 0.123621 
0.961367 0.549374 0.485682 0.404278 0.265658 0.264416 0.285201 0.191628 0.226604 0.192053 0.210854 0.120878 
0.895623 0.304885 0.668289 0.396750 0.250137 0.241674 0.266205 0.295083 0.241702 0.180568 0.105479 0.147315 
0.866777 0.333324 0.502612 0.476041 0.256683 0.285801 0.146814 0.327309 0.293885 0.173160 0.120501 0.147319 
