1.075720 0.582999 0.421713 0.344372 0.297724 0.268840 0.251344 0.237158 0.229379 0.223473 0.217913 0.132645 
1.076662 0.583241 0.421768 0.343679 0.296454 0.270404 0.251072 0.237634 0.229655 0.222690 0.218300 0.132721 
1.076937 0.582554 0.421354 0.342380 0.298522 0.269874 0.250979 0.238499 0.229156 0.222076 0.218764 0.132681 
1.077071 0.581131 0.422153 0.343117 0.299614 0.269575 0.251029 0.238345 0.229266 0.222254 0.217898 0.132720 
1.074001 0.570026 0.430722 0.349494 0.278226 0.266189 0.264977 0.230140 0.219257 0.229964 0.226155 0.131042 
1.076771 0.548660 0.425914 0.327798 0.241245 0.260520 0.301139 0.218083 0.225815 0.244054 0.231019 0.124614 
2.292418 0.000447 -0.054205 -0.041231 -0.407517 0.116027 0.247371 -0.004819 -0.111975 0.210318 0.237135 0.153200 
1.833176 -0.325553 0.087349 0.218685 -0.136209 -0.045425 0.046060 -0.232170 0.009988 0.286833 0.261453 0.141398 
1.528569 -0.289691 0.583767 0.538833 0.073645 -0.238943 -0.252486 -0.099632 0.018213 0.029308 -0.023540 0.039078 
1.497677 -0.200501 1.097327 0.461494 0.021960 -0.158180 -0.092523 -0.030973 0.005485 -0.066782 -0.047648 0.135877 
1.867620 -0.099283 0.840607 0.673303 0.196782 -0.204005 -0.011836 -0.017750 -0.007178 0.044636 -0.146442 -0.090207 
2.040535 0.111026 0.586350 0.527421 0.202683 -0.093894 0.243238 -0.052479 0.071047 0.023960 -0.097159 0.024737 
1.928941 0.445484 0.496896 0.795241 0.440563 0.011689 -0.063614 0.012325 0.034261 -0.030541 0.053576 0.067783 
1.491087 0.739987 0.619698 0.660580 0.450549 0.120538 0.035915 0.164048 0.171625 0.046942 0.065821 0.076403 
1.079436 0.584194 0.424215 0.345302 0.297627 0.269228 0.250643 0.237275 0.228388 0.222783 0.219183 0.133287 
1.078363 0.584550 0.422692 0.343638 0.297950 0.270079 0.250522 0.236481 0.228964 0.222367 0.218725 0.132958 
1.076300 0.583605 0.420999 0.344364 0.298488 0.269471 0.250352 0.238590 0.228072 0.223069 0.218402 0.132738 
1.077045 0.582403 0.422418 0.343363 0.298985 0.269816 0.250200 0.238047 0.230284 0.222540 0.217184 0.132793 
1.076378 0.580907 0.421797 0.342783 0.298505 0.269357 0.250990 0.238987 0.229705 0.220944 0.219605 0.132585 
