1.072763 0.583564 0.422676 0.341974 0.299229 0.269262 0.249082 0.238875 0.229697 0.223300 0.217768 0.132440 
1.081781 0.568076 0.405885 0.342388 0.305890 0.285387 0.250616 0.224814 0.220158 0.224219 0.229495 0.131847 
1.051341 0.570412 0.418257 0.365064 0.289797 0.269053 0.255977 0.225011 0.252361 0.216480 0.211880 0.130413 
0.997652 0.542881 0.456729 0.333339 0.286652 0.303840 0.270980 0.173303 0.273784 0.274244 0.151983 0.131263 
1.046118 0.526517 0.353433 0.334028 0.333104 0.319690 0.220038 0.239833 0.236953 0.238798 0.204043 0.123033 
0.997397 0.434216 0.500175 0.331704 0.287042 0.438771 0.221554 0.151753 0.319284 0.216191 0.150489 0.153075 
2.108345 -0.558775 0.822045 0.371988 -0.008455 0.049890 -0.228867 -0.206415 0.194642 0.078984 -0.119218 0.108410 
1.873971 -0.546439 0.462660 0.428185 -0.007801 -0.025983 -0.218835 -0.264713 0.097357 0.110923 -0.027513 0.106760 
2.397476 -0.415771 0.288305 0.442383 -0.013691 0.161015 0.010181 -0.141893 -0.017774 -0.012906 -0.108511 0.088816 
2.683400 0.082804 0.235445 0.257771 -0.204235 -0.018192 0.213991 0.073489 -0.105238 0.011307 0.077557 0.010014 
2.513952 -0.391382 -0.027655 -0.042441 -0.105782 0.103467 0.264437 -0.070892 -0.127972 0.167643 0.278406 0.201625 
2.193994 -0.044656 -0.125091 0.237557 0.038319 -0.062194 0.100949 -0.034338 0.148284 0.220897 0.278249 0.171687 
2.507756 0.243466 0.070994 0.497437 0.202521 0.140181 0.270145 0.116749 0.030059 0.104412 0.160539 0.052059 
2.341381 0.640119 0.019650 0.253051 0.427999 0.182601 -0.070598 0.010753 0.191566 0.118286 0.057930 0.002601 
1.233765 0.694938 0.498051 0.387234 0.344543 0.297707 0.246454 0.198096 0.155891 0.156692 0.179710 0.131213 
1.082730 0.583175 0.423762 0.346235 0.298771 0.269595 0.250619 0.236631 0.224689 0.221067 0.218912 0.133119 
1.075351 0.581362 0.424166 0.342215 0.299103 0.271350 0.252919 0.237487 0.229289 0.221727 0.215904 0.132702 
1.073811 0.582156 0.424257 0.343474 0.297039 0.272587 0.248646 0.239094 0.227311 0.220731 0.220464 0.132552 
1.072439 0.581765 0.424174 0.340219 0.299886 0.270031 0.250977 0.238170 0.229466 0.220772 0.219871 0.132396 
1.073403 0.584777 0.421238 0.345458 0.296860 0.270442 0.248752 0.240794 0.226986 0.224650 0.216554 0.132615 
1.076732 0.582533 0.421950 0.341497 0.302087 0.268997 0.249388 0.238291 0.229744 0.222710 0.217384 0.132703 
