1.073878 0.582032 0.423297 0.342684 0.296151 0.272324 0.249463 0.240387 0.229131 0.221143 0.218842 0.132541 
1.070326 0.582384 0.424218 0.338768 0.301355 0.268822 0.247532 0.243403 0.225066 0.220806 0.222478 0.132089 
1.066209 0.579499 0.424387 0.348357 0.295369 0.272332 0.246123 0.241660 0.232691 0.220746 0.215235 0.132086 
1.022980 0.602843 0.389110 0.363281 0.299140 0.268635 0.263407 0.215336 0.243858 0.205157 0.234907 0.126810 
0.962895 0.593850 0.367705 0.287368 0.387843 0.246896 0.283353 0.248253 0.205283 0.271890 0.161875 0.131416 
0.985364 0.503199 0.300859 0.372887 0.364459 0.265367 0.242373 0.249537 0.256314 0.247288 0.172571 0.114188 
2.169545 -0.420915 0.848947 0.621218 -0.103062 0.153011 -0.104142 -0.203636 0.152341 0.090062 -0.193917 0.025606 
2.380039 -0.919331 0.957317 0.411998 0.017806 -0.026248 -0.300164 -0.087085 0.143454 -0.030789 -0.030134 0.134878 
2.637487 -0.972884 0.663720 0.346030 0.144466 -0.062011 -0.240702 -0.088492 -0.097824 0.053311 0.230812 0.065937 
2.965698 -0.640624 0.186175 0.860592 0.015506 -0.169582 -0.060988 -0.020195 -0.038036 0.098999 0.066862 -0.000491 
3.500565 -0.357615 -0.139028 0.362132 -0.210410 -0.062140 0.198882 0.117661 -0.123156 0.012359 0.165880 0.126866 
3.547623 -1.156179 0.236975 0.025993 -0.220493 0.247928 0.130414 -0.093256 0.137810 0.282143 0.284399 0.231035 
3.311801 -0.295901 -0.160945 0.479487 0.027357 -0.094548 0.006182 0.064023 0.105325 0.254462 0.248515 0.092394 
2.651047 0.591504 -0.044381 0.292049 0.425074 0.172737 0.007612 0.053361 0.076716 0.114752 0.050737 0.025287 
1.990132 1.122607 0.559178 0.186519 0.021299 0.011271 0.063873 0.116893 0.144808 0.145374 0.110297 0.084325 
1.088008 0.591297 0.424110 0.345801 0.296784 0.269925 0.247625 0.236118 0.222992 0.220903 0.219503 0.133691 
1.081416 0.582374 0.420402 0.346793 0.301350 0.272153 0.249527 0.235516 0.229220 0.220962 0.215802 0.133067 
1.073326 0.580957 0.422547 0.341307 0.298202 0.269708 0.249474 0.241723 0.227675 0.223717 0.217438 0.132252 
1.070110 0.581772 0.422815 0.341861 0.298576 0.269177 0.252251 0.238662 0.228119 0.221774 0.219888 0.132152 
1.073934 0.580700 0.424664 0.344322 0.297405 0.269301 0.251745 0.237900 0.228257 0.221786 0.219271 0.132529 
1.073804 0.580193 0.423214 0.341314 0.296065 0.272079 0.250782 0.239252 0.226984 0.224181 0.218598 0.132277 
