1.074141 0.586158 0.422012 0.343461 0.298035 0.271750 0.249033 0.239005 0.226445 0.225605 0.215544 0.132729 
1.072814 0.583875 0.421905 0.343493 0.297170 0.267959 0.250535 0.236008 0.232982 0.219314 0.221036 0.132320 
1.071919 0.582102 0.422775 0.343009 0.301053 0.268658 0.247809 0.238829 0.228847 0.223598 0.218509 0.132335 
1.067081 0.585382 0.419618 0.346276 0.296778 0.267355 0.252876 0.238783 0.229768 0.221021 0.219013 0.132072 
1.235214 0.474695 0.316202 0.292757 0.239042 0.218334 0.225438 0.245758 0.269278 0.281784 0.271424 0.122811 
1.110354 0.575902 0.373120 0.294570 0.262817 0.229762 0.256521 0.256123 0.264947 0.261358 0.215190 0.124798 
2.369302 1.001856 0.489066 0.121536 -0.404690 -0.425314 0.200753 0.159540 0.016030 0.061044 0.171862 -0.006631 
2.065981 0.883654 0.409581 0.008280 -0.488976 -0.453318 0.129270 0.083588 0.009175 0.066331 0.143292 -0.025251 
2.204999 0.680645 0.455431 -0.046489 -0.504234 -0.482718 0.251006 -0.051644 -0.011604 0.169756 0.114842 -0.067672 
2.251850 0.613803 0.422241 -0.076623 -0.432127 -0.414008 0.330864 -0.002247 -0.095022 0.011677 -0.000090 -0.120963 
2.549167 0.385492 0.399492 -0.069541 -0.138975 -0.196474 0.360975 -0.019799 -0.233440 -0.074762 -0.117028 -0.069588 
2.682817 0.155050 0.242279 0.030624 -0.043979 -0.009511 0.253449 -0.013149 -0.336121 -0.125772 0.048430 0.026610 
2.653665 0.197673 0.265714 0.249035 0.329680 -0.074730 0.069080 0.030663 -0.181986 -0.153369 0.001651 0.159825 
1.396773 -0.139523 0.757168 -0.048634 0.535640 -0.067375 -0.115086 0.092272 -0.126621 -0.071603 0.011678 0.216414 
1.461618 -0.050423 0.279092 0.511137 0.651388 0.324326 0.394594 0.089657 -0.115405 0.060778 0.216864 0.256098 
1.110526 0.579676 0.406526 0.338918 0.312265 0.290312 0.257617 0.217367 0.197498 0.207100 0.241433 0.135102 
1.086001 0.588469 0.429694 0.353822 0.299419 0.267473 0.248798 0.234220 0.223846 0.218442 0.215711 0.133861 
1.080263 0.586049 0.425626 0.344488 0.297613 0.269558 0.251629 0.235063 0.226480 0.221293 0.219186 0.133200 
1.079315 0.591827 0.427519 0.340789 0.301236 0.269147 0.246216 0.238923 0.222912 0.221845 0.219712 0.133347 
1.075075 0.585703 0.423277 0.345223 0.299119 0.269731 0.252416 0.238437 0.229440 0.222116 0.212979 0.132948 
1.074292 0.584902 0.423831 0.339132 0.300101 0.267736 0.254305 0.236915 0.226759 0.222501 0.218711 0.132534 
