1.075681 0.583860 0.421125 0.343253 0.297408 0.270579 0.250409 0.238659 0.229364 0.222259 0.218687 0.132697 
1.076369 0.582049 0.421811 0.343597 0.297530 0.269474 0.251687 0.237624 0.228993 0.222986 0.218670 0.132653 
1.075600 0.583190 0.420816 0.342690 0.298055 0.270273 0.250857 0.238546 0.229088 0.222463 0.218907 0.132626 
1.073035 0.576809 0.417643 0.342757 0.297014 0.270541 0.252786 0.240243 0.230242 0.224319 0.218078 0.132001 
1.077086 0.581356 0.421896 0.341455 0.296046 0.269818 0.256623 0.235213 0.225579 0.222237 0.220988 0.132428 
1.110071 0.468883 0.216167 0.120956 0.248402 0.357996 0.351474 0.234042 0.209147 0.249928 0.270584 0.099666 
2.570747 -0.038857 -0.064710 0.031332 -0.278989 0.022732 0.250339 0.035984 -0.191749 0.145386 0.349819 0.193337 
2.280875 -0.197838 -0.019764 0.151368 -0.229647 0.039642 0.174184 -0.071582 -0.196325 0.162791 0.381247 0.252517 
2.197296 -0.454579 0.339264 0.342561 -0.017806 -0.232427 -0.044882 -0.081464 0.005493 0.262382 0.206433 0.040899 
2.010933 -0.199539 0.646232 0.510780 0.151954 -0.268611 -0.177556 -0.025640 0.003371 -0.011535 -0.061980 0.043838 
2.046027 -0.094780 0.670276 0.369977 0.381584 -0.031926 -0.028562 -0.073845 -0.013314 0.219286 0.078991 -0.005298 
2.460319 0.053592 0.456937 0.597557 0.119000 0.085471 0.124905 -0.177272 -0.241231 0.015102 0.142480 0.033246 
2.008708 0.703131 0.497220 0.724984 0.526831 0.072598 -0.112148 -0.037942 0.037625 0.038199 0.041000 0.027529 
1.560968 0.864913 0.626475 0.543573 0.387283 0.147184 -0.008162 -0.018767 0.013421 0.042972 0.112107 0.057757 
1.079059 0.584201 0.421980 0.343926 0.298830 0.269710 0.250092 0.238159 0.228555 0.221446 0.217748 0.132913 
1.076656 0.584146 0.421838 0.343514 0.297572 0.269023 0.251764 0.239135 0.228427 0.222982 0.217312 0.132799 
1.077191 0.582989 0.421078 0.343320 0.298470 0.269622 0.251230 0.238445 0.229489 0.222502 0.217917 0.132783 
1.076381 0.583310 0.421311 0.342381 0.298021 0.271607 0.250352 0.237798 0.228868 0.223544 0.218035 0.132729 
1.075617 0.582893 0.420256 0.343943 0.298073 0.270229 0.252015 0.237767 0.229202 0.222473 0.218516 0.132673 
1.076113 0.582678 0.421585 0.342868 0.298836 0.270017 0.251394 0.237653 0.229708 0.222368 0.218205 0.132714 
