1.073897 0.582135 0.421524 0.342606 0.298666 0.269476 0.253042 0.237875 0.231011 0.222799 0.216248 0.132550 
1.074781 0.581287 0.421994 0.342682 0.296606 0.271361 0.249789 0.239775 0.228572 0.221788 0.219986 0.132464 
1.074563 0.582507 0.420311 0.344103 0.297815 0.269959 0.250323 0.238874 0.229680 0.222063 0.218952 0.132514 
1.076213 0.582527 0.422014 0.341753 0.299112 0.271146 0.250989 0.238113 0.231045 0.221759 0.216984 0.132745 
1.074247 0.583275 0.423185 0.342776 0.298030 0.270728 0.249885 0.238987 0.229141 0.224055 0.216497 0.132675 
1.074221 0.581774 0.420562 0.344285 0.295660 0.268590 0.251715 0.237482 0.228966 0.224056 0.220100 0.132341 
1.170072 0.652775 0.471216 0.358543 0.280456 0.257584 0.245622 0.223936 0.214574 0.214952 0.188605 0.138916 
1.164952 0.649047 0.467990 0.366359 0.303050 0.278269 0.253539 0.232612 0.211458 0.195620 0.176159 0.137750 
1.940956 1.288195 0.481443 0.060752 -0.121125 -0.127009 0.107708 0.030838 0.224170 0.062080 0.090730 -0.004482 
1.935959 1.367550 0.123336 -0.041515 -0.661177 -0.165290 0.288190 -0.148870 0.131611 0.122770 0.023082 -0.144514 
1.726404 1.284873 -0.225859 -0.228894 -0.713714 0.126313 0.213563 -0.004141 0.289228 0.091048 0.023931 -0.061255 
1.755780 1.159724 -0.427283 -0.153161 -0.642111 0.301337 0.237622 0.195945 0.132234 0.067715 0.009256 0.018979 
1.996802 0.757171 -0.599845 -0.001110 -0.440076 0.324341 0.133785 0.114924 0.032484 0.065212 0.125828 0.119099 
1.932721 0.496996 -0.451712 0.095843 -0.037802 0.232889 0.032373 0.022636 0.074777 0.138711 0.198885 0.123421 
2.188552 0.242410 -0.208184 0.205388 0.075663 0.091581 -0.087029 -0.110344 0.105801 0.206166 0.149529 0.049280 
1.986870 0.293696 0.229528 0.268724 0.169381 0.240469 0.036586 0.147805 0.076439 0.051682 0.079184 0.098699 
2.294883 0.421154 0.349827 0.193321 0.341484 0.301897 0.040251 0.214278 -0.114997 0.116452 0.160603 -0.018633 
1.765906 0.535262 0.283161 0.379050 0.346703 0.283184 0.252428 0.137585 0.023345 0.030176 0.083220 0.100968 
1.097666 0.591671 0.429014 0.344320 0.296795 0.267048 0.244800 0.237830 0.226683 0.218116 0.216204 0.134228 
1.079076 0.583812 0.420378 0.345056 0.298401 0.274222 0.252207 0.236682 0.227183 0.221314 0.216962 0.133066 
1.077181 0.581323 0.421096 0.343977 0.298449 0.269497 0.252434 0.238762 0.227616 0.221952 0.218707 0.132681 
1.075192 0.581450 0.421329 0.344103 0.295952 0.272315 0.250495 0.239807 0.228419 0.222897 0.217440 0.132554 
1.075126 0.583157 0.422098 0.342213 0.298913 0.269490 0.252054 0.237727 0.229513 0.222672 0.217746 0.132658 
1.075537 0.581076 0.422371 0.343495 0.298982 0.270881 0.251692 0.237915 0.229720 0.221419 0.217974 0.132695 
