1.076741 0.582636 0.421453 0.343259 0.298057 0.269881 0.251272 0.238452 0.229213 0.222533 0.218530 0.132760 
1.077123 0.582435 0.421510 0.342963 0.298570 0.269567 0.251394 0.238007 0.228886 0.222763 0.218797 0.132758 
1.076613 0.583402 0.421151 0.342839 0.298023 0.270185 0.251479 0.238018 0.229449 0.222484 0.218349 0.132758 
1.076786 0.582813 0.422016 0.343393 0.298223 0.269609 0.251248 0.238132 0.229090 0.222712 0.218331 0.132790 
1.077285 0.583271 0.422065 0.343007 0.298077 0.270266 0.251348 0.238142 0.228738 0.222346 0.218364 0.132839 
1.077875 0.582775 0.422592 0.342982 0.297870 0.270269 0.251110 0.237131 0.229365 0.223336 0.217769 0.132853 
0.363380 0.111345 1.028181 0.545280 -0.127678 -0.112666 0.011544 -0.049924 0.065753 -0.163643 0.075095 0.205627 
0.216657 0.052228 1.095058 0.527925 -0.188509 -0.146998 0.114197 -0.154444 0.076350 -0.124518 0.057227 0.129821 
0.510419 0.011550 1.203318 0.557093 -0.199301 -0.139687 0.152777 -0.184239 -0.053613 -0.093397 -0.021874 0.059997 
0.707086 0.004374 1.262083 0.691392 -0.189893 -0.071837 0.162873 -0.133327 -0.152395 -0.083689 -0.074088 -0.032700 
0.789082 0.232391 1.170433 0.616906 -0.106790 0.006194 0.143738 -0.095265 -0.094889 -0.142123 0.046947 -0.010349 
0.891480 0.497192 1.142067 0.709592 -0.133023 0.023924 0.170543 -0.043092 0.039088 -0.154871 0.093891 0.113067 
0.854594 0.387367 1.178862 0.889603 0.052994 -0.094488 0.306890 -0.053131 -0.028809 -0.170087 0.059699 -0.002483 
1.036952 0.510179 1.111329 0.635242 0.075978 0.101656 0.373095 -0.005023 -0.003595 0.030279 0.158067 -0.018175 
1.242464 0.088595 0.913054 0.523887 0.032247 0.050982 -0.086663 0.137960 0.281526 0.240609 -0.046224 0.122666 
1.075108 0.584928 0.423685 0.343576 0.297217 0.270039 0.251916 0.236749 0.228334 0.224300 0.217870 0.132910 
1.076685 0.582408 0.421514 0.343325 0.298077 0.269610 0.251594 0.238349 0.228856 0.223068 0.218216 0.132734 
1.077060 0.582995 0.421244 0.343136 0.298092 0.270592 0.250986 0.238681 0.229116 0.222224 0.218294 0.132797 
1.076993 0.582536 0.421940 0.342686 0.297747 0.270615 0.251160 0.237798 0.229567 0.222736 0.218275 0.132764 
1.076903 0.582776 0.421110 0.342695 0.298228 0.270402 0.251270 0.238957 0.228447 0.223062 0.218077 0.132754 
1.076485 0.582829 0.420650 0.343677 0.297990 0.270366 0.251653 0.237985 0.229325 0.222701 0.218088 0.132740 
