0.969132 0.564899 0.421517 0.404261 0.236309 0.285156 0.250181 0.239647 0.231921 0.223214 0.207527 0.123741 
1.004628 0.539336 0.421556 0.368769 0.277780 0.255340 0.253241 0.196893 0.284363 0.220200 0.212841 0.121678 
0.942735 0.489845 0.536049 0.285466 0.277352 0.299212 0.239518 0.249664 0.213583 0.205178 0.255230 0.112509 
0.866045 0.664684 0.405034 0.366265 0.267786 0.283604 0.257119 0.239708 0.181140 0.304924 0.142103 0.139384 
0.299914 0.767939 0.207341 0.504436 0.423385 0.135988 0.203762 0.141757 0.460803 0.161271 0.088208 0.107495 
0.213775 0.701965 0.252199 0.496052 0.357773 0.108700 0.261518 0.147082 0.469035 0.147381 0.124918 0.086669 
1.409382 0.723630 0.318051 0.894986 0.136343 0.002485 -0.177839 0.164268 0.036277 -0.063078 -0.167090 0.060230 
1.143034 0.638158 0.644371 0.597086 0.093916 -0.183257 -0.252586 -0.067343 0.001220 -0.079986 -0.366433 -0.012399 
0.878472 0.638868 0.697664 0.494494 0.120511 -0.134525 -0.208754 -0.069570 0.059014 -0.289589 -0.258113 -0.007475 
0.771194 0.749077 0.710113 0.665017 0.113425 -0.073661 -0.163102 0.037913 -0.204920 -0.247584 -0.079058 -0.120793 
1.028775 0.672899 0.824334 0.576597 0.139346 0.075047 -0.149839 -0.122693 -0.114400 -0.252008 -0.065568 -0.160577 
1.923248 0.078736 1.254704 0.428525 -0.073116 0.054707 -0.153086 0.057026 0.022251 -0.296354 -0.104059 0.035231 
1.842811 0.445196 1.422225 0.467159 -0.165466 0.006956 -0.165876 0.090201 -0.015697 -0.301638 0.000277 0.101847 
2.066298 0.771528 1.473150 1.127819 -0.106008 -0.060174 0.293449 0.013797 -0.301859 -0.072725 0.049195 -0.114644 
1.466704 0.896183 0.801678 0.544421 0.227506 0.100337 0.034283 0.007280 0.015358 -0.098146 0.029896 0.008243 
1.119754 0.496103 0.542174 0.499002 0.261396 0.209976 0.245375 0.233155 0.195727 0.131238 0.223247 0.138643 
1.005623 0.541426 0.467393 0.373510 0.311425 0.267683 0.224254 0.231720 0.240823 0.175479 0.225863 0.126720 
1.002263 0.503671 0.457018 0.410520 0.286908 0.228389 0.251580 0.253558 0.235811 0.196214 0.216377 0.127581 
0.993055 0.516505 0.512151 0.384254 0.244843 0.261993 0.288588 0.247533 0.162520 0.241539 0.216239 0.117504 
0.973275 0.549491 0.429503 0.402012 0.258734 0.273366 0.256555 0.254936 0.207026 0.218369 0.212626 0.124065 
