1.074380 0.582961 0.422059 0.342579 0.298390 0.269567 0.250816 0.238393 0.230648 0.221854 0.218403 0.132595 
1.076574 0.582205 0.421120 0.342795 0.299008 0.268815 0.251993 0.239098 0.229056 0.222893 0.217668 0.132698 
1.076197 0.581569 0.421306 0.342974 0.298085 0.270625 0.251754 0.238146 0.230210 0.221772 0.218100 0.132657 
1.075490 0.582360 0.420876 0.342920 0.298502 0.269968 0.250386 0.239183 0.229297 0.222705 0.218318 0.132589 
1.076964 0.580299 0.419914 0.344894 0.298083 0.268820 0.250828 0.240415 0.231215 0.221734 0.216798 0.132599 
1.076746 0.584202 0.421668 0.343425 0.299562 0.269295 0.251904 0.237532 0.228246 0.223352 0.218680 0.132981 
1.214690 0.678754 0.479156 0.372197 0.297909 0.256044 0.236822 0.220218 0.204328 0.192245 0.184168 0.138248 
2.065516 0.824126 0.466342 0.251013 0.005391 -0.014200 0.332424 0.071618 -0.045444 0.180692 0.013096 -0.062516 
1.731461 1.256543 0.300133 0.193949 -0.267989 -0.087656 0.302056 -0.183038 0.103154 0.148922 -0.014678 -0.055312 
1.664107 1.644514 -0.007339 -0.228196 -0.374921 -0.342239 0.187301 -0.038780 0.300607 -0.001819 0.167211 -0.057288 
1.584701 1.308835 -0.280593 -0.243461 -0.617837 0.012084 0.217944 0.041136 0.295374 0.064396 0.059579 -0.072852 
1.705547 1.162268 -0.476870 -0.311956 -0.197428 0.055092 0.237316 0.167013 0.179938 -0.051561 0.138392 0.012972 
2.006272 0.730367 -0.485194 -0.169531 -0.017925 0.105118 0.204233 -0.029345 0.078347 0.019663 0.226987 0.176571 
2.236817 0.218126 -0.292722 0.100918 0.011652 0.153781 0.084993 -0.097027 0.144976 0.234563 0.219590 0.058734 
2.319743 0.351769 -0.047331 0.281980 0.078785 0.053620 -0.083700 -0.162400 0.195200 0.172506 0.062341 -0.021366 
2.230425 0.324666 0.457375 0.370539 0.214638 0.239813 -0.076104 0.107399 0.092921 0.155569 0.070438 -0.019940 
2.140879 0.508837 0.421608 0.280842 0.267139 0.307284 0.065349 0.106056 0.049605 0.038226 0.142327 0.153814 
1.358760 0.608156 0.376393 0.382362 0.474956 0.431551 0.298806 0.200664 0.155990 0.150966 0.098526 0.137764 
1.080047 0.580551 0.418240 0.341642 0.300185 0.270774 0.251892 0.237280 0.228842 0.222074 0.218427 0.132591 
1.077140 0.582250 0.421591 0.342505 0.298500 0.271190 0.253626 0.236955 0.229459 0.222898 0.217128 0.132875 
1.076061 0.581895 0.423118 0.342921 0.297403 0.270723 0.251140 0.238232 0.229367 0.223510 0.217087 0.132721 
1.075710 0.582027 0.422745 0.343518 0.296671 0.271332 0.251285 0.237920 0.229666 0.222320 0.217978 0.132697 
1.076040 0.582805 0.422079 0.342854 0.298105 0.270130 0.251406 0.238234 0.229340 0.223678 0.217122 0.132748 
1.075997 0.582266 0.421211 0.344317 0.299575 0.268503 0.251913 0.238491 0.228932 0.222594 0.217775 0.132734 
