1.052852 0.590902 0.422649 0.336723 0.297790 0.256558 0.241345 0.229337 0.239124 0.218168 0.230604 0.129395 
1.032211 0.591551 0.437008 0.344086 0.302548 0.279212 0.230852 0.238787 0.233117 0.221870 0.209288 0.130624 
1.013296 0.603124 0.403532 0.357406 0.264457 0.317827 0.223403 0.249948 0.233965 0.208179 0.215949 0.129506 
0.880847 0.663958 0.347785 0.421115 0.214971 0.319533 0.200967 0.231130 0.229452 0.243029 0.234786 0.117792 
0.855854 0.594226 0.328044 0.291792 0.365128 0.236580 0.289411 0.229410 0.225439 0.256016 0.208667 0.111077 
0.893051 0.260688 0.285336 0.238565 0.558569 0.350358 0.302722 0.210654 0.089522 0.357367 0.106665 0.107221 
1.738891 0.057481 0.552902 0.542307 0.226031 0.142792 -0.131916 -0.377280 0.148681 0.018879 -0.240809 -0.082086 
2.122765 -0.838612 0.877248 0.709550 0.026751 -0.126464 -0.258759 -0.108682 0.027137 -0.267557 -0.297466 0.045466 
2.682992 -0.307254 0.748959 1.364913 0.305996 -0.249336 -0.101451 0.095783 -0.034862 -0.174153 -0.144000 -0.053979 
1.585716 0.517761 0.863670 0.979584 0.412463 -0.006713 0.071749 0.310765 0.172525 -0.081580 -0.051329 0.133882 
1.657418 1.043514 0.934178 0.681761 0.348901 0.047968 0.018581 -0.055624 -0.010070 -0.059203 -0.060148 -0.010491 
0.888685 -0.091636 0.624880 0.578829 0.392025 0.143242 0.123413 0.180210 0.257198 0.118798 0.083872 0.104270 
0.602832 0.127064 0.558944 0.317317 0.165410 0.268580 0.300634 0.230338 0.213617 0.374777 0.208233 -0.059958 
0.545378 0.345882 0.468029 0.283982 0.339978 0.271602 0.279174 0.158407 0.116829 0.461853 0.265084 -0.047865 
0.690617 0.379295 0.436522 0.261364 0.329161 0.282374 0.316720 0.191798 0.162574 0.395866 0.159627 0.054321 
