1.077045 0.582639 0.421185 0.343453 0.298037 0.271193 0.250775 0.238289 0.228776 0.222603 0.218388 0.132794 
1.076204 0.583184 0.421106 0.342921 0.298372 0.270335 0.251038 0.238355 0.228773 0.223177 0.218274 0.132737 
1.076244 0.582587 0.421299 0.342986 0.298536 0.270491 0.250980 0.238588 0.229236 0.222943 0.217857 0.132741 
1.076902 0.582350 0.422121 0.343197 0.299094 0.269721 0.251393 0.238052 0.228926 0.223313 0.217604 0.132821 
1.091778 0.592536 0.433502 0.347965 0.297192 0.272651 0.246443 0.231990 0.227496 0.220067 0.212869 0.134556 
1.109875 0.578863 0.460547 0.365759 0.288864 0.270102 0.243011 0.228083 0.224652 0.206700 0.215402 0.135841 
1.526249 0.337977 0.658243 0.472899 0.130044 0.224125 0.247649 0.173475 0.098785 -0.012967 0.185323 0.160588 
1.464461 -0.147766 0.011510 0.316785 0.190264 -0.160864 -0.097541 0.041575 0.106859 0.347657 0.339831 0.082235 
1.247410 -0.326631 -0.171676 0.053526 0.038436 0.031142 -0.056423 -0.062121 0.239609 0.329584 0.255776 0.153886 
1.350460 -0.337161 -0.128118 -0.065242 0.007704 0.187424 -0.049164 -0.131792 0.322735 0.281274 0.199662 0.179293 
1.160611 -0.571392 0.176155 -0.063187 0.143328 -0.041185 -0.110343 -0.026881 0.257627 0.348687 0.180750 0.131857 
0.941589 -0.485930 0.472577 0.304728 0.013198 -0.327254 0.102609 0.145631 0.223388 0.148872 0.126063 0.195154 
0.701602 -0.100796 0.755547 0.282867 -0.045059 -0.196245 0.199797 -0.035363 0.158265 -0.065741 0.139557 0.297944 
0.908124 -0.008983 0.931577 0.306506 0.172190 0.017580 0.067120 -0.152415 0.162978 0.070473 0.072039 0.140393 
1.347776 0.211894 0.772314 0.410783 0.137725 -0.139467 0.059334 0.036240 0.074282 -0.099329 0.099352 0.204222 
1.286950 0.591393 0.593321 0.402009 0.217145 0.216118 0.242279 0.150020 0.219903 0.145643 0.182992 0.134806 
1.101315 0.591128 0.447923 0.361841 0.291987 0.262668 0.250009 0.230176 0.215311 0.214452 0.218567 0.135089 
1.078476 0.579672 0.420325 0.346067 0.300967 0.268951 0.250764 0.238118 0.230099 0.223010 0.216141 0.132819 
1.078583 0.581597 0.420538 0.343079 0.298538 0.271460 0.250724 0.237338 0.229291 0.222451 0.218457 0.132766 
1.076805 0.582720 0.421572 0.343011 0.298153 0.270285 0.250530 0.238071 0.229387 0.222649 0.218644 0.132742 
1.077020 0.582110 0.421739 0.342851 0.298449 0.270475 0.251168 0.238296 0.228806 0.223482 0.217795 0.132777 
1.077037 0.582453 0.421582 0.343331 0.298630 0.270070 0.250831 0.237987 0.229141 0.223391 0.217902 0.132790 
