1.068460 0.581833 0.418521 0.347964 0.297302 0.271351 0.246966 0.239954 0.225508 0.226044 0.218114 0.131936 
1.069903 0.580508 0.421645 0.340721 0.300564 0.267765 0.248805 0.239868 0.231386 0.218897 0.221014 0.131803 
1.068288 0.581803 0.421463 0.343104 0.300986 0.269314 0.252892 0.236608 0.226099 0.225014 0.217708 0.132038 
1.072428 0.585062 0.424864 0.342207 0.299649 0.267100 0.256256 0.235445 0.228400 0.221662 0.216830 0.132625 
1.128188 0.602361 0.409606 0.283766 0.261930 0.236300 0.249160 0.242857 0.235652 0.259202 0.227016 0.131975 
2.231688 0.913379 0.659890 0.089103 -0.444395 -0.259106 0.276363 0.074392 0.136410 0.190594 0.212735 0.008952 
2.429692 0.766308 0.681269 0.057814 -0.580608 -0.335875 0.219655 -0.065522 0.042531 0.118960 0.085732 -0.077234 
2.055712 0.883318 0.709250 -0.007518 -0.665697 -0.270132 0.113441 -0.024268 0.021792 0.166115 0.156495 -0.069170 
1.901592 0.894321 0.602976 0.041719 -0.711315 -0.245660 0.066807 0.015416 0.047823 0.149588 0.168111 -0.045300 
2.173720 0.928689 0.632129 -0.015839 -0.631315 -0.267190 0.155381 -0.157468 0.078244 0.167403 0.048667 -0.105653 
2.220785 0.917974 0.443666 0.044202 -0.460700 -0.285750 0.297436 -0.089984 -0.059214 0.132350 0.040051 -0.152334 
2.354366 0.500983 0.395579 -0.013127 -0.178954 -0.089617 0.373256 -0.127698 -0.118982 0.012040 -0.077629 -0.056751 
2.198277 0.361804 0.340993 0.081927 0.031050 0.098385 0.180932 -0.100159 -0.271835 0.001054 0.051595 0.019495 
2.085573 0.371774 0.326748 0.266520 0.254782 0.075261 0.202761 0.009762 -0.274343 -0.049475 0.141685 0.134278 
1.372017 0.213606 0.729226 0.107733 0.369168 0.048461 0.234937 -0.068023 -0.184080 0.067395 0.028428 0.095620 
1.216207 -0.355715 0.248988 0.237144 0.522655 0.494142 0.612826 -0.046896 -0.063048 0.233037 0.256498 0.242687 
1.088691 0.579486 0.412990 0.334468 0.304591 0.273250 0.259149 0.241892 0.219105 0.214919 0.220251 0.132691 
1.081949 0.581322 0.415882 0.340760 0.302609 0.273964 0.255707 0.230919 0.226601 0.216662 0.222261 0.132577 
1.071907 0.579474 0.419238 0.345050 0.294254 0.267350 0.254377 0.239219 0.223581 0.219624 0.225391 0.131635 
1.069249 0.585476 0.419637 0.339574 0.298366 0.269615 0.252428 0.236649 0.231559 0.218377 0.221267 0.131884 
1.075179 0.577494 0.420898 0.345455 0.297838 0.271220 0.254013 0.236832 0.232515 0.215776 0.218871 0.132315 
