1.078377 0.581136 0.423515 0.343169 0.297191 0.269691 0.250769 0.236018 0.230355 0.222138 0.218989 0.132706 
1.077674 0.583547 0.422209 0.343447 0.297104 0.269389 0.249539 0.236402 0.229082 0.225233 0.218003 0.132724 
1.078430 0.584420 0.422860 0.343181 0.297689 0.269968 0.250181 0.236055 0.226859 0.224449 0.218966 0.132847 
1.075603 0.584269 0.421078 0.343030 0.296944 0.268204 0.250826 0.237676 0.227374 0.224670 0.219873 0.132537 
1.073609 0.579056 0.421719 0.338541 0.295025 0.274767 0.257003 0.233243 0.227748 0.223063 0.218823 0.131974 
1.664420 0.848201 0.381489 0.107539 0.016414 0.102836 0.231832 0.221774 0.119392 0.129161 0.303366 0.199499 
3.115737 0.069653 -0.099076 0.147739 -0.313276 -0.074661 0.322618 0.103134 -0.124890 0.058399 0.234526 0.124976 
3.000615 -0.439985 0.062609 0.214060 -0.304520 0.061143 0.077362 -0.122577 -0.116879 0.185445 0.295889 0.212739 
2.528149 -0.407727 0.599813 0.236358 0.123751 -0.275258 -0.329391 0.132506 -0.007572 0.022251 0.143771 -0.094421 
2.247134 -0.235120 1.010697 0.435527 0.240262 -0.195014 -0.318981 0.220832 -0.002836 -0.189804 0.093451 0.066155 
2.039986 -0.139700 0.956007 0.743545 0.094105 -0.025011 -0.118206 0.246869 0.150329 -0.028699 0.092105 0.129580 
1.957240 0.563627 0.701296 0.834293 0.132782 -0.242967 0.028364 0.023011 -0.148343 0.017158 0.040285 0.012534 
1.730686 1.152698 0.868449 0.559315 0.389518 0.186984 0.085955 0.065386 0.049939 0.050665 0.022861 0.034254 
1.086448 0.585749 0.431351 0.347191 0.296806 0.268927 0.247068 0.231974 0.229863 0.220978 0.216988 0.133720 
1.079890 0.585317 0.422962 0.344627 0.298537 0.269136 0.250564 0.237437 0.227502 0.221101 0.219086 0.133114 
1.078037 0.583625 0.422869 0.342387 0.296983 0.270491 0.252898 0.236166 0.227916 0.223023 0.218640 0.132846 
1.076945 0.581697 0.420739 0.344664 0.298788 0.269843 0.250198 0.238890 0.229167 0.222385 0.217733 0.132687 
1.076331 0.582203 0.421884 0.342285 0.298026 0.270382 0.250676 0.238488 0.227422 0.224022 0.218459 0.132600 
