1.076426 0.583249 0.420418 0.343458 0.298346 0.270330 0.250766 0.238041 0.229169 0.222664 0.218791 0.132727 
1.076463 0.583405 0.421527 0.342891 0.298376 0.270315 0.251094 0.237938 0.228704 0.222974 0.218358 0.132764 
1.076533 0.581965 0.421125 0.343232 0.298442 0.269932 0.251428 0.238621 0.229279 0.222886 0.217995 0.132713 
1.076285 0.583704 0.420544 0.342434 0.298701 0.269771 0.251752 0.238052 0.229644 0.221974 0.218748 0.132723 
1.075465 0.583644 0.421176 0.343719 0.297357 0.269778 0.251280 0.238575 0.229317 0.222818 0.218223 0.132705 
1.076179 0.594452 0.419569 0.341932 0.299980 0.270545 0.250476 0.234533 0.230420 0.222094 0.218062 0.133289 
0.391424 0.226904 1.011598 0.683075 -0.112059 -0.018551 0.020107 -0.034559 0.020432 -0.196252 0.046392 0.102665 
0.429209 0.046434 0.968796 0.584936 -0.139235 -0.056276 0.048733 -0.055492 0.013073 -0.137924 -0.023482 0.111182 
0.569592 0.106193 1.023938 0.606234 -0.179138 -0.051164 0.160174 -0.065519 -0.137291 -0.093605 0.051088 -0.017373 
0.650500 0.071664 1.174833 0.648663 -0.098293 -0.047947 0.228745 -0.051746 -0.137316 -0.097859 -0.021200 0.011487 
0.578256 0.322979 1.221738 0.643926 0.095433 0.097214 0.140636 -0.024161 -0.034828 -0.228348 0.061161 -0.044895 
0.816056 0.474272 1.097677 0.804497 0.083679 0.068802 0.172794 0.021192 0.080193 -0.262790 0.053830 0.054588 
0.852664 0.425930 1.192013 0.758321 0.066385 0.102521 0.292631 0.032855 0.061857 -0.022955 0.044177 0.058929 
1.106220 0.559072 0.626778 0.577681 0.211996 0.102120 0.409937 0.198416 0.135315 0.044287 0.298063 0.121973 
1.077313 0.579386 0.424803 0.347073 0.297007 0.267853 0.253694 0.239403 0.226350 0.220942 0.219404 0.132873 
1.076398 0.581119 0.422456 0.343774 0.297278 0.270195 0.251720 0.239302 0.228540 0.222007 0.218647 0.132714 
1.076629 0.582213 0.420737 0.343491 0.297353 0.270457 0.251123 0.238372 0.229411 0.222759 0.218428 0.132669 
1.075944 0.582947 0.421350 0.343189 0.298698 0.269963 0.251824 0.237269 0.229502 0.222839 0.217950 0.132719 
1.077127 0.582159 0.422249 0.343100 0.298159 0.270836 0.250755 0.238406 0.228728 0.222586 0.218233 0.132791 
1.077267 0.582896 0.420714 0.343221 0.298244 0.270774 0.250974 0.239010 0.229319 0.222735 0.217289 0.132803 
