1.040252 0.538935 0.475209 0.376984 0.264701 0.276831 0.241272 0.210694 0.264156 0.164661 0.233422 0.130712 
1.038144 0.540105 0.425133 0.356462 0.295794 0.269408 0.206299 0.268925 0.230727 0.209129 0.213672 0.125502 
1.011636 0.630044 0.418608 0.356661 0.279718 0.248643 0.237160 0.228220 0.235649 0.231390 0.206182 0.128598 
1.036182 0.575841 0.419417 0.376994 0.325250 0.252468 0.204120 0.177873 0.243837 0.244275 0.225054 0.122842 
0.937935 0.803274 0.387359 0.400623 0.266601 0.173831 0.191280 0.195673 0.183220 0.251185 0.243334 0.132870 
1.058445 1.004842 0.284010 0.587214 0.274232 0.304678 0.040181 0.171787 0.116364 0.133847 0.142310 0.091528 
1.115228 0.763907 0.411790 0.523986 0.239417 0.338048 0.263555 0.066368 0.133475 0.158723 0.070029 0.080989 
1.077111 0.525514 0.615449 0.535603 0.271466 0.240344 0.138505 0.032926 0.214410 0.144234 -0.136063 0.059961 
1.536338 -0.044147 0.880445 1.010443 -0.162705 -0.008864 0.041134 -0.081016 -0.049355 -0.072199 -0.170881 -0.037654 
1.499586 0.022221 1.148786 0.939276 -0.106008 -0.040750 0.066553 -0.174063 -0.023622 -0.103637 -0.217405 -0.048726 
1.612416 -0.063468 0.967579 0.832161 0.008379 0.008492 -0.132645 -0.216923 0.041559 -0.094645 -0.322186 -0.107956 
1.819579 -0.206621 0.972619 0.032149 0.141792 0.134127 -0.133763 -0.260029 -0.250007 0.050259 -0.001361 -0.149529 
2.479613 0.281093 0.477249 -0.285041 0.066340 -0.148599 0.070034 0.036467 -0.351907 -0.024336 -0.037514 -0.083579 
2.663418 0.794962 0.346772 -0.009701 -0.307465 -0.222293 0.240741 0.116964 -0.143687 0.021311 0.028448 -0.088995 
2.732506 0.911847 0.397323 -0.036848 -0.345226 -0.110849 0.369787 0.225801 -0.103387 0.120501 0.062632 -0.092810 
1.900912 0.944107 0.367356 -0.025831 -0.059093 0.076192 0.127381 0.115408 0.033294 0.021614 -0.004585 0.017158 
1.207953 0.699874 0.489319 0.327036 0.318713 0.229943 0.170440 0.210263 0.151730 0.201065 0.172906 0.124875 
1.095797 0.569883 0.387313 0.360299 0.315617 0.269807 0.244270 0.188483 0.223264 0.254814 0.191511 0.126707 
1.069707 0.596732 0.450728 0.316214 0.312480 0.277752 0.224012 0.185309 0.235253 0.217097 0.222924 0.130411 
1.074224 0.558978 0.432014 0.333425 0.284756 0.263802 0.231935 0.249120 0.223291 0.219692 0.224973 0.128007 
1.032899 0.565715 0.480843 0.325126 0.302912 0.296909 0.231661 0.224110 0.227886 0.218194 0.192993 0.130165 
1.008113 0.604771 0.421576 0.375229 0.303448 0.284039 0.220374 0.251321 0.211291 0.220406 0.196182 0.130081 
