1.060066 0.582656 0.434448 0.332057 0.293051 0.269017 0.240520 0.237683 0.233106 0.228899 0.219300 0.130998 
1.061768 0.569661 0.427142 0.348922 0.291872 0.259750 0.247077 0.235744 0.234060 0.220450 0.228954 0.130344 
1.063201 0.584995 0.419015 0.347749 0.281100 0.270334 0.241125 0.244026 0.226534 0.225838 0.226185 0.130894 
1.055452 0.581726 0.437010 0.329273 0.310855 0.260556 0.248510 0.246588 0.221422 0.223737 0.217997 0.130956 
1.065986 0.572298 0.436024 0.342918 0.288390 0.270920 0.249824 0.231738 0.222177 0.230031 0.223240 0.130920 
1.057483 0.576872 0.439544 0.345505 0.291267 0.270264 0.251090 0.237563 0.231457 0.224851 0.209535 0.131637 
1.706928 0.554826 0.037354 0.178403 0.218219 -0.123634 0.163345 0.040386 -0.215104 -0.380938 -0.117122 0.100775 
1.717583 0.856794 0.259490 -0.073660 -0.227387 -0.589079 0.301936 0.108134 -0.107531 -0.194488 -0.046787 -0.067699 
1.733521 0.971936 0.348398 -0.116098 -0.292459 -0.637150 0.301741 0.154676 -0.124971 -0.110027 -0.005300 -0.112038 
1.913930 0.859834 0.401371 -0.179081 -0.080638 -0.668352 0.285666 0.232707 -0.173863 0.079673 -0.158918 -0.022730 
2.142463 0.909449 0.665143 -0.057418 -0.182451 -0.577418 0.424556 0.153834 -0.120522 0.159143 -0.009145 -0.097322 
2.504821 0.802720 0.929305 0.024754 -0.054096 -0.631662 0.219607 0.088414 -0.307109 0.148067 -0.025514 -0.020837 
2.960323 1.008050 0.823927 0.357583 -0.315892 -0.247645 0.338144 0.157230 -0.074023 0.006894 0.029649 -0.248992 
2.520258 1.380929 0.740541 0.253191 -0.103185 -0.043693 0.246234 0.251539 0.045271 0.011057 -0.045811 -0.175818 
2.192086 1.300009 0.673042 0.224548 0.030323 0.053371 0.181747 0.228373 0.136416 -0.015429 0.004058 -0.090869 
1.686361 1.085116 0.788039 0.527405 0.357800 0.227804 0.128669 0.055958 0.019334 -0.020508 0.008597 -0.016979 
1.056091 0.601495 0.426923 0.356550 0.295049 0.271783 0.246626 0.240517 0.225180 0.218346 0.211075 0.132766 
1.074882 0.581221 0.439574 0.342467 0.311819 0.269363 0.236820 0.237338 0.230105 0.216080 0.212863 0.132745 
1.059246 0.582793 0.430096 0.340715 0.305047 0.262373 0.262160 0.229536 0.236955 0.207942 0.220822 0.131748 
1.054208 0.577735 0.429835 0.344278 0.301377 0.258626 0.253017 0.249154 0.213012 0.232383 0.215235 0.130775 
1.057042 0.568497 0.433142 0.340040 0.297350 0.267192 0.259091 0.233697 0.239073 0.217299 0.214804 0.130973 
1.050776 0.585526 0.420950 0.360408 0.282714 0.271596 0.252741 0.234436 0.229592 0.219681 0.221754 0.130710 
