1.071231 0.584256 0.422332 0.346314 0.297904 0.269640 0.247836 0.240490 0.226952 0.222264 0.219145 0.132460 
1.073414 0.582329 0.422591 0.344690 0.297962 0.270010 0.252623 0.238149 0.228749 0.223361 0.215720 0.132588 
1.069709 0.586547 0.420042 0.344035 0.295736 0.271447 0.248704 0.237442 0.229189 0.222008 0.221110 0.132217 
1.073217 0.582720 0.423472 0.343696 0.299992 0.265641 0.253992 0.235104 0.231224 0.221760 0.218380 0.132546 
1.093916 0.576773 0.399039 0.346890 0.316918 0.271571 0.225542 0.237488 0.255333 0.233384 0.198365 0.131542 
0.966492 0.399834 0.423215 0.563322 0.200785 0.243888 0.212045 0.275902 0.253074 0.247387 0.154279 0.126153 
0.942533 0.237661 0.519868 0.571741 0.223879 0.248564 0.256414 0.260801 0.393922 0.170180 0.013274 0.169746 
1.901579 -0.166790 0.695498 0.995390 -0.017869 -0.101520 -0.145785 -0.108031 -0.011037 -0.108178 -0.272650 -0.061983 
1.283631 0.029805 0.869961 0.868760 -0.043327 -0.132600 -0.155303 0.132655 -0.159780 -0.220491 -0.158130 0.006759 
0.946858 0.306342 0.832988 0.997021 -0.084648 0.051166 -0.147707 0.076721 -0.147383 -0.201515 -0.063432 0.001659 
1.180078 0.261204 0.963115 0.978995 -0.074168 0.047035 -0.021347 0.082168 -0.193775 -0.164593 -0.055837 -0.024684 
1.193262 0.292718 0.938980 0.656711 0.098142 -0.033478 0.130895 0.087745 -0.221725 -0.182450 0.044768 -0.044946 
1.857576 0.404157 1.137522 0.839374 -0.182213 -0.263910 0.124816 0.230307 -0.309697 -0.063102 0.106055 -0.050040 
1.650491 0.957988 0.987357 0.806829 0.135533 0.141049 0.202837 0.133501 -0.154080 -0.151058 0.100569 -0.054305 
1.546849 1.011461 0.782897 0.595218 0.437405 0.290195 0.159991 0.067677 0.005808 0.000991 0.061788 -0.011126 
1.090105 0.596758 0.433219 0.348474 0.302481 0.270452 0.248893 0.233376 0.219359 0.217998 0.214975 0.134592 
1.071457 0.579573 0.426765 0.344281 0.297547 0.269197 0.252366 0.237814 0.226161 0.223924 0.217952 0.132333 
1.074124 0.584249 0.425197 0.340777 0.297707 0.272041 0.251190 0.234122 0.232266 0.221609 0.217249 0.132675 
1.073534 0.582879 0.419768 0.343565 0.296409 0.270857 0.251455 0.239289 0.228125 0.223541 0.217726 0.132354 
1.072195 0.581694 0.421639 0.342262 0.301694 0.268560 0.254258 0.238388 0.226060 0.222246 0.218523 0.132404 
1.072185 0.584820 0.421766 0.344591 0.294482 0.271099 0.252665 0.236917 0.224374 0.226617 0.218596 0.132424 
1.075747 0.581622 0.422825 0.344032 0.297856 0.268628 0.251298 0.239725 0.227701 0.221461 0.219366 0.132614 
