1.073052 0.581999 0.423817 0.343979 0.298531 0.267565 0.251996 0.241381 0.225458 0.220884 0.220160 0.132485 
1.073219 0.579854 0.423800 0.345332 0.299342 0.266773 0.253514 0.238207 0.227005 0.221716 0.219101 0.132422 
1.075870 0.582288 0.423456 0.342492 0.296683 0.269474 0.251949 0.236891 0.227840 0.221106 0.221474 0.132532 
1.023619 0.610767 0.400713 0.352994 0.300877 0.254093 0.282060 0.203970 0.261428 0.203776 0.223914 0.128333 
0.983971 0.701802 0.231224 0.401343 0.300882 0.310734 0.220867 0.201737 0.239772 0.228905 0.213658 0.119232 
0.962218 0.579732 0.224941 0.467189 0.341594 0.353618 0.198945 0.178850 0.250859 0.233004 0.131860 0.112099 
0.926806 0.243585 0.804806 0.783368 0.004265 0.166189 0.059192 -0.144601 0.100094 -0.009024 -0.072961 -0.059660 
0.808225 0.125524 0.952562 0.780709 0.024374 -0.220449 0.134743 -0.214505 0.062352 -0.100803 -0.179526 -0.057455 
0.743880 0.091705 0.627214 0.798757 0.045885 -0.101566 -0.072634 -0.199593 -0.031277 -0.011892 -0.250687 -0.149610 
1.096078 -0.200966 0.558058 0.611120 0.359257 0.049249 -0.197602 -0.221914 -0.110622 0.044662 -0.062317 -0.168756 
2.259556 -0.306157 0.424919 0.180477 -0.130727 0.123915 0.059148 0.035162 -0.197591 -0.318029 0.009860 0.187418 
2.707639 0.084197 0.621628 -0.106429 -0.109993 -0.262994 0.183956 0.149652 -0.265429 0.053563 0.036254 -0.150306 
2.988650 0.403078 0.317957 0.302098 -0.449881 -0.294376 0.156934 0.004421 -0.003267 0.118041 0.068928 -0.107347 
3.104166 0.675538 0.412731 0.130937 -0.473411 -0.122433 0.352500 0.104228 -0.092131 0.135528 0.139206 -0.091807 
2.350395 0.947397 0.144051 -0.130800 -0.130233 0.011762 0.120720 0.048639 -0.012759 0.054090 -0.062672 -0.043061 
1.137768 0.603374 0.401753 0.299020 0.261346 0.254225 0.266369 0.262906 0.252103 0.228710 0.197574 0.130313 
1.076889 0.578630 0.424941 0.351183 0.294688 0.266806 0.250146 0.236421 0.231584 0.216222 0.222334 0.132610 
1.073144 0.583462 0.421261 0.345505 0.298449 0.266213 0.251890 0.237220 0.229950 0.220667 0.220770 0.132452 
1.074032 0.584514 0.420663 0.344114 0.297090 0.269952 0.251851 0.235060 0.231604 0.219890 0.219919 0.132463 
1.073671 0.582713 0.425030 0.343884 0.297489 0.267896 0.250804 0.238252 0.226318 0.224043 0.219069 0.132509 
1.070979 0.582621 0.419532 0.341611 0.301639 0.264670 0.257159 0.235717 0.231219 0.222573 0.216831 0.132181 
