1.076907 0.582600 0.421307 0.343962 0.297869 0.269882 0.251392 0.238678 0.228967 0.222989 0.217712 0.132786 
1.076911 0.582182 0.421351 0.342765 0.298338 0.270307 0.251371 0.238795 0.228919 0.222687 0.218174 0.132743 
1.076821 0.582225 0.421118 0.343578 0.298421 0.270009 0.251126 0.238413 0.229252 0.222348 0.218505 0.132744 
1.079866 0.584743 0.422462 0.344183 0.298025 0.269972 0.251758 0.236725 0.228741 0.222205 0.216497 0.133039 
1.106786 0.597144 0.443917 0.343252 0.291416 0.270708 0.240717 0.232932 0.227021 0.210024 0.220455 0.135434 
1.134725 0.584570 0.500705 0.351911 0.271702 0.278376 0.217287 0.227434 0.229981 0.168706 0.239189 0.139568 
1.737598 0.057243 0.790307 0.301693 0.013844 0.147225 -0.087456 0.200381 0.113325 -0.138896 0.122627 0.184296 
1.162869 0.067989 -0.009970 -0.124330 0.486135 -0.113439 -0.096067 0.066508 0.159941 0.156053 0.308270 0.148412 
1.124119 0.139296 -0.300089 -0.359178 0.379228 0.246291 0.003657 -0.007232 0.016582 0.287239 0.220984 0.121789 
1.054530 -0.052073 -0.171056 -0.501503 0.488945 0.283724 0.091883 -0.003034 0.080340 0.254115 0.151805 0.097171 
0.918083 -0.211889 -0.164424 -0.277764 0.305162 0.251904 -0.039904 -0.130780 0.266765 0.277746 0.237031 0.143172 
1.137971 -0.382248 0.115814 0.077548 0.142857 0.044219 -0.174888 -0.026656 0.347655 0.169613 0.254864 0.183182 
1.266845 -0.494780 0.432074 0.126367 0.079183 -0.233055 0.043483 0.165413 0.322876 0.104723 -0.037927 0.263713 
0.912518 -0.353427 0.816846 0.333321 0.006175 -0.127782 0.039399 0.124751 -0.049736 -0.012068 0.109317 0.160285 
0.965526 0.002184 0.793216 0.281731 -0.056970 -0.086209 0.011461 0.060835 0.075696 0.019636 0.054920 0.180156 
1.168623 0.049992 0.952986 0.167317 -0.029339 0.006146 0.036137 0.103113 0.122348 0.142671 0.067543 0.112698 
1.359665 0.325386 0.800435 0.371305 0.123648 0.092903 0.068761 0.186107 0.116105 0.101136 0.147940 0.113028 
1.241641 0.676905 0.527701 0.433033 0.302172 0.230187 0.235544 0.212615 0.155645 0.156491 0.194932 0.132597 
1.092461 0.593181 0.432242 0.350468 0.298625 0.267933 0.248266 0.233408 0.224130 0.218382 0.216689 0.134647 
1.078534 0.581118 0.422311 0.344871 0.298797 0.269420 0.251040 0.239202 0.228822 0.221385 0.218005 0.132900 
1.077531 0.583374 0.421438 0.343138 0.298799 0.270109 0.251279 0.238200 0.228392 0.222790 0.217994 0.132852 
1.077197 0.582956 0.420769 0.343834 0.298412 0.269169 0.251299 0.238496 0.229155 0.222000 0.218890 0.132773 
1.077403 0.581978 0.421422 0.343385 0.297663 0.270456 0.250984 0.238711 0.228951 0.222781 0.218259 0.132759 
