1.064964 0.579064 0.433826 0.341745 0.299394 0.270275 0.251753 0.236406 0.223157 0.226899 0.214026 0.131884 
1.044543 0.601776 0.413246 0.344723 0.299624 0.269082 0.243218 0.245370 0.225289 0.219500 0.222577 0.130613 
1.066175 0.582867 0.414053 0.333165 0.312833 0.267528 0.251202 0.235688 0.233438 0.219035 0.217518 0.131204 
1.055133 0.585248 0.416846 0.349751 0.292312 0.273069 0.247588 0.238364 0.234513 0.221466 0.215360 0.130945 
1.064393 0.582718 0.428468 0.337081 0.296420 0.273756 0.254624 0.232512 0.237569 0.213110 0.219495 0.131862 
1.062149 0.220867 0.424955 0.458930 0.110390 0.236551 0.155267 0.400046 0.400781 0.173588 0.084729 0.145216 
0.810063 0.364986 0.512632 0.398145 0.359853 0.173592 0.268094 0.318493 0.289493 0.269516 -0.029072 0.163649 
1.665911 0.230002 0.844137 0.622748 0.249111 -0.097261 0.143526 -0.187892 0.123360 -0.068665 -0.136733 0.097455 
1.439590 -0.114172 0.885106 0.773242 -0.116062 -0.081683 -0.070427 -0.163743 -0.082522 -0.223481 -0.183239 0.011056 
0.696293 0.090489 0.955241 0.583528 -0.166717 -0.087620 -0.053263 -0.078873 -0.111137 -0.310197 -0.091514 0.083496 
0.904680 0.201020 1.106773 0.697493 -0.154150 -0.067168 -0.028915 -0.073212 -0.148207 -0.253749 -0.062560 -0.005588 
1.331460 0.478502 1.158982 0.797893 -0.144576 0.058860 0.008991 -0.127291 -0.105454 -0.264497 -0.099600 -0.021796 
1.588631 0.778681 1.123918 0.620185 -0.268443 0.403015 0.058493 -0.104547 -0.134025 -0.227430 -0.078024 -0.064276 
1.721570 0.972207 1.145544 0.609173 -0.089100 0.159363 0.107415 -0.054828 -0.010205 -0.179951 -0.010905 -0.042185 
1.865214 1.359506 1.456121 0.816196 -0.055934 0.206780 0.188586 -0.054672 -0.003273 -0.147763 0.081836 -0.051926 
1.277631 0.771076 0.589967 0.457651 0.340729 0.300730 0.231021 0.175835 0.151253 0.136676 0.143578 0.113641 
1.089017 0.610175 0.444308 0.345228 0.284594 0.266543 0.233519 0.221950 0.214807 0.228552 0.227198 0.134194 
1.133420 0.630877 0.441233 0.327141 0.253088 0.229147 0.194364 0.204248 0.218965 0.245064 0.273248 0.140706 
1.134188 0.614140 0.418847 0.325262 0.263848 0.229274 0.213795 0.183200 0.214153 0.243143 0.293249 0.139038 
1.083916 0.579223 0.409483 0.324207 0.296284 0.293025 0.253773 0.234092 0.215179 0.210900 0.231278 0.131653 
1.081288 0.592582 0.419203 0.343864 0.284433 0.260102 0.245251 0.219702 0.233356 0.221392 0.234973 0.131466 
1.101253 0.605102 0.430019 0.336886 0.279991 0.255038 0.226336 0.207144 0.228189 0.224235 0.253557 0.133994 
