0.983212 0.521485 0.505954 0.360386 0.316605 0.175026 0.312725 0.178075 0.190068 0.248796 0.175336 0.120860 
0.670873 0.732506 0.297486 0.471748 0.159053 0.428139 0.162425 0.183779 0.166843 0.267551 0.232450 0.099684 
0.317083 0.696927 0.137729 0.418807 0.189008 0.375092 0.322797 0.087174 0.269556 0.391081 0.088160 0.090692 
0.596974 0.561392 -0.019027 0.254371 0.334242 0.354223 0.428802 0.228583 0.179354 0.173439 0.138982 0.075363 
0.550386 0.326358 0.329997 0.335374 0.461238 0.270396 0.287093 0.235562 0.231970 0.124748 0.083002 0.145324 
0.750384 0.184916 0.448774 0.229561 0.111503 0.500298 0.226861 0.271564 0.371558 0.182753 -0.030361 0.124942 
0.916547 -0.135703 0.657990 0.551968 0.049787 0.118068 -0.239110 -0.463927 -0.003786 0.032152 -0.256632 -0.232207 
0.915101 -0.329322 0.654787 0.968637 -0.189409 -0.305371 -0.137942 -0.146718 -0.120135 -0.204057 -0.255063 -0.115093 
1.289648 0.049537 0.598826 1.228163 -0.080047 -0.090105 -0.057686 -0.085148 0.216595 -0.197572 -0.149383 -0.045390 
1.531827 0.066864 0.573765 1.418085 -0.151988 -0.096044 -0.026448 -0.172102 -0.096718 -0.136972 -0.120538 -0.242812 
2.303266 -0.140692 1.147140 1.259457 0.095140 -0.259993 0.083629 0.013767 -0.131653 -0.155077 -0.185407 -0.104961 
0.618891 -0.348471 0.719801 0.691747 0.012695 -0.205603 -0.030843 0.056573 0.041539 0.024794 0.017801 -0.003574 
0.821814 -0.114403 0.260165 0.368814 0.391255 0.231181 0.208616 0.261289 0.108334 0.193743 0.023089 0.048686 
0.558236 0.273619 0.281876 0.273024 0.320014 0.221927 0.246973 0.199084 0.159931 0.316543 0.038566 0.039635 
0.482579 0.092549 0.603679 0.246527 0.326892 0.493893 0.169195 -0.017583 0.296136 0.225836 0.185627 0.059052 
0.604728 0.044427 0.650425 0.355404 0.058643 0.491261 0.291680 0.112208 0.258599 0.269003 0.085035 0.066695 
0.782932 0.372462 0.620911 0.583819 -0.065087 0.243395 0.322203 0.059582 0.143394 0.370655 0.163451 0.000524 
