1.073353 0.580783 0.425223 0.341571 0.298863 0.269457 0.249964 0.239154 0.228622 0.222805 0.218752 0.132461 
1.072064 0.581235 0.424124 0.343672 0.298095 0.269771 0.253400 0.235952 0.232702 0.219670 0.217519 0.132475 
1.069318 0.584589 0.420340 0.343715 0.296666 0.269307 0.253083 0.235063 0.232547 0.221776 0.218535 0.132148 
1.072851 0.581415 0.422539 0.343821 0.298777 0.269001 0.251729 0.238398 0.226938 0.224112 0.217491 0.132352 
1.073003 0.581902 0.421126 0.343355 0.299462 0.271442 0.249414 0.239921 0.228243 0.223159 0.216725 0.132421 
1.071573 0.581148 0.423028 0.340552 0.296969 0.272553 0.250296 0.240213 0.233611 0.218421 0.217500 0.132272 
1.159915 0.663527 0.483571 0.389864 0.326399 0.273085 0.242817 0.218745 0.196253 0.186925 0.181253 0.136739 
1.108330 0.743712 0.420140 0.465293 0.352749 0.263435 0.265119 0.136737 0.263329 0.122736 0.187368 0.116777 
1.002366 0.731196 0.311024 0.479209 0.334265 0.339776 0.190528 0.180607 0.186847 0.236821 0.177345 0.133932 
1.031517 0.689977 0.425221 0.439113 0.369491 0.280073 0.189265 0.203929 0.234197 0.209433 0.142496 0.131396 
1.442767 0.314115 0.658833 1.169612 -0.186782 0.054018 0.066482 0.015807 -0.014178 -0.068065 -0.133857 -0.026489 
1.093562 0.462387 0.587453 1.148129 -0.256284 -0.064706 0.111595 0.143169 -0.060992 -0.146465 -0.026914 0.015147 
0.947901 0.481006 0.161388 1.040703 -0.037480 -0.195527 -0.083631 0.018473 -0.031601 -0.154750 -0.153506 -0.038904 
1.748049 0.109007 0.564985 0.246338 0.430838 0.062180 -0.129879 -0.046732 -0.218923 0.000369 0.043230 -0.127333 
2.717836 0.080726 0.365709 -0.055633 -0.061365 -0.136881 0.196776 0.121260 -0.263333 -0.245884 -0.098689 -0.021399 
2.785095 0.593453 0.097761 -0.070881 -0.282949 -0.363068 0.483259 -0.153127 0.028929 -0.034160 -0.047444 -0.098933 
2.661966 0.859219 0.287763 0.025806 -0.402579 -0.426056 0.448234 -0.087611 0.100659 -0.003248 0.044518 -0.137709 
2.677153 1.075436 0.303471 -0.164172 -0.459866 -0.126775 0.292152 0.106398 -0.099636 0.131524 -0.065587 -0.143640 
2.381194 1.171874 0.291464 -0.188518 -0.241116 -0.066217 0.099404 0.103857 0.051123 0.047167 -0.032965 -0.012383 
1.611264 0.887931 0.467774 0.208484 0.111546 0.148696 0.207809 0.205891 0.132159 0.072365 0.120432 0.077699 
1.090185 0.595557 0.431947 0.343560 0.294357 0.266054 0.251062 0.232635 0.227923 0.219987 0.216032 0.134179 
1.086889 0.592600 0.427159 0.344113 0.297686 0.270185 0.248334 0.234202 0.223693 0.220568 0.220036 0.133879 
1.072160 0.583113 0.423417 0.343238 0.295877 0.270273 0.254643 0.234320 0.229959 0.225172 0.215771 0.132436 
1.074988 0.587417 0.418138 0.343324 0.296210 0.269027 0.251671 0.238769 0.228627 0.222181 0.218902 0.132519 
1.073760 0.582063 0.424533 0.341773 0.296895 0.270644 0.251674 0.237058 0.230002 0.223852 0.216506 0.132504 
1.067500 0.584396 0.422259 0.343514 0.298734 0.269958 0.248534 0.239669 0.230391 0.220306 0.219993 0.132168 
