1.076661 0.582374 0.421431 0.344223 0.297794 0.269846 0.250544 0.238997 0.228393 0.223025 0.218376 0.132732 
1.076973 0.582195 0.421211 0.343600 0.297658 0.270010 0.251499 0.238608 0.229344 0.222533 0.218186 0.132744 
1.076684 0.582725 0.420806 0.343038 0.298614 0.270416 0.251065 0.238852 0.229033 0.222835 0.217820 0.132753 
1.076932 0.582656 0.420953 0.344126 0.297762 0.269195 0.251434 0.238273 0.229220 0.222662 0.218640 0.132744 
1.079233 0.584336 0.423829 0.343744 0.298340 0.269922 0.250654 0.237565 0.228581 0.221348 0.217417 0.133022 
1.108154 0.597887 0.450960 0.351646 0.290674 0.271535 0.243602 0.223924 0.224093 0.217779 0.213631 0.135910 
1.525514 0.352682 0.891427 0.360226 0.004900 0.327706 0.114019 0.054234 0.143853 0.052840 0.110872 0.149197 
1.738566 -0.066745 0.992752 0.388672 -0.058920 0.289709 0.068129 0.046760 0.122728 0.062598 0.158719 0.145848 
1.439178 -0.181484 -0.251701 0.147059 -0.001419 0.079308 -0.136336 0.036605 0.178316 0.271011 0.267356 0.188706 
1.561766 -0.121751 -0.212394 -0.370064 0.039485 0.297202 -0.006988 0.038531 0.121242 0.244891 0.267086 0.159763 
1.496840 -0.479172 0.003565 -0.256248 0.151046 0.161752 -0.040438 -0.109425 0.253091 0.294189 0.240545 0.233768 
1.374573 -0.653564 0.398085 0.135771 0.113007 -0.237200 -0.046930 -0.089244 0.363985 0.318740 0.069083 0.306149 
1.220784 -0.582406 0.786727 0.261734 0.069500 -0.326884 0.064108 0.118288 0.074185 0.152807 0.076290 0.254871 
1.159580 -0.311139 0.760972 0.298947 -0.090789 -0.037479 0.076690 -0.032466 0.125123 0.033157 0.154940 0.248816 
1.098100 0.168248 0.934851 0.447051 -0.113288 0.284942 -0.001391 0.030227 0.083349 0.007043 0.003698 0.122247 
1.578849 0.277351 0.897226 0.550333 -0.024400 0.172051 -0.071728 0.110622 -0.027921 -0.053561 0.168685 0.150454 
1.305993 0.521208 0.575161 0.554123 0.308507 0.223797 0.240775 0.200403 0.204323 0.130115 0.126537 0.125136 
1.088816 0.581210 0.429643 0.355714 0.299696 0.265747 0.250680 0.237300 0.223417 0.216813 0.218294 0.134055 
1.077489 0.579472 0.422177 0.344674 0.297397 0.270147 0.252515 0.237907 0.228142 0.222011 0.219163 0.132683 
1.076932 0.582784 0.421311 0.342813 0.298486 0.270481 0.250735 0.237411 0.229663 0.223278 0.218196 0.132765 
1.076361 0.582050 0.421715 0.343538 0.298119 0.269544 0.251588 0.238076 0.229532 0.223176 0.217810 0.132719 
1.076921 0.582387 0.421694 0.343481 0.298449 0.269595 0.251065 0.238104 0.229226 0.222693 0.218477 0.132767 
1.077056 0.582535 0.420995 0.342558 0.297660 0.270763 0.251082 0.237569 0.229736 0.222323 0.219071 0.132699 
