1.076769 0.582734 0.421223 0.343336 0.298552 0.269815 0.251539 0.238665 0.228753 0.223136 0.217676 0.132781 
1.076666 0.582082 0.421342 0.343466 0.297588 0.270683 0.250830 0.238279 0.229473 0.222789 0.218202 0.132709 
1.076691 0.582082 0.421396 0.342877 0.298342 0.270442 0.250785 0.238321 0.229532 0.223301 0.217794 0.132722 
1.076855 0.582763 0.421659 0.343186 0.298493 0.269700 0.251573 0.238511 0.228681 0.222372 0.218503 0.132786 
1.084929 0.588305 0.428263 0.344710 0.298149 0.271320 0.250139 0.237189 0.226687 0.219346 0.215586 0.133805 
1.105909 0.575318 0.465483 0.351480 0.288154 0.283546 0.233567 0.220808 0.229725 0.204251 0.219708 0.135422 
1.427075 0.154188 0.904872 0.433147 0.065867 0.336835 0.054934 0.105330 0.083651 0.036033 0.143925 0.105613 
1.413205 -0.132611 0.198515 0.400117 0.064657 0.225062 -0.151357 0.097768 0.036837 0.185950 0.334981 0.181804 
1.300932 -0.144054 -0.113451 -0.176122 0.187742 0.075827 -0.040387 0.026398 0.144428 0.234484 0.314822 0.173081 
1.215968 -0.259271 -0.065273 -0.205319 0.166631 0.103646 -0.029428 -0.020618 0.230988 0.180519 0.361981 0.238533 
1.196561 -0.413205 0.073113 -0.081186 0.116746 -0.020926 0.070709 -0.241095 0.371663 0.293842 0.178390 0.278573 
1.154309 -0.507140 0.199799 0.247801 0.065587 -0.297518 0.019187 -0.037428 0.317402 0.232845 0.156827 0.227978 
1.088435 -0.398852 0.580922 0.599036 -0.100741 -0.347587 0.170649 0.069943 -0.010883 0.039346 0.092422 0.167254 
1.030428 -0.211264 0.704906 0.571897 -0.281994 -0.153810 0.150302 0.113127 0.007188 0.056395 0.239323 0.174326 
0.963021 0.073111 1.008339 0.461388 -0.043363 0.090138 -0.066108 0.081430 -0.030899 -0.049186 0.082882 0.070041 
1.632128 0.286627 0.713845 0.769032 0.014021 -0.051470 0.308201 0.054323 0.026961 0.023907 0.178549 0.083274 
1.228205 0.409328 0.590777 0.635211 0.235849 0.113979 0.288856 0.198016 0.133700 0.218065 0.193088 0.110886 
1.093641 0.582406 0.432943 0.360012 0.299164 0.263591 0.252121 0.232163 0.217706 0.218006 0.219159 0.134205 
1.077526 0.582097 0.422041 0.344002 0.298708 0.269360 0.251756 0.238479 0.228628 0.221910 0.218984 0.132887 
1.076334 0.582835 0.421543 0.343504 0.298527 0.270927 0.251229 0.237754 0.229157 0.222526 0.218262 0.132814 
1.076682 0.582078 0.421643 0.343054 0.298522 0.270548 0.251292 0.237928 0.229269 0.223198 0.217720 0.132757 
1.077296 0.582289 0.420646 0.343328 0.298241 0.269673 0.251575 0.238058 0.228737 0.223118 0.218642 0.132722 
1.076869 0.581666 0.421022 0.343409 0.297248 0.271164 0.250988 0.238516 0.229339 0.222944 0.217972 0.132687 
