1.076358 0.582744 0.421593 0.343001 0.297295 0.270700 0.251115 0.237716 0.230425 0.222036 0.218143 0.132688 
1.075324 0.583804 0.421897 0.344699 0.298161 0.269186 0.249758 0.239613 0.228780 0.223303 0.217125 0.132744 
1.069970 0.576056 0.428307 0.344184 0.293786 0.270181 0.253717 0.237673 0.227894 0.226502 0.216144 0.132093 
1.063196 0.578428 0.422869 0.335577 0.305089 0.266935 0.252660 0.244887 0.219785 0.234147 0.211692 0.131348 
1.050365 0.507714 0.387409 0.276255 0.376444 0.281939 0.220687 0.278975 0.224292 0.233514 0.206241 0.117636 
1.107668 0.467187 0.337084 0.312248 0.357045 0.312405 0.206793 0.199807 0.278872 0.264705 0.203826 0.112679 
1.738008 -0.188806 0.702709 0.650820 -0.130659 0.168933 -0.151831 -0.090718 0.039706 0.125427 -0.104619 0.007221 
1.421662 -0.362027 0.682731 0.501219 -0.174127 0.007362 -0.119927 -0.167290 0.085765 0.103179 -0.018920 0.098466 
1.737504 -0.392315 0.309413 0.426304 0.048972 -0.126955 -0.058882 -0.160999 0.050792 0.126105 0.102754 0.110734 
1.899891 -0.248595 0.620198 0.792926 0.108109 0.129603 0.012908 -0.022498 0.103547 0.076815 -0.003889 0.082542 
2.999295 -0.316038 0.050668 0.151896 -0.286996 0.111586 0.173864 0.054511 -0.095652 0.038090 0.224844 0.261738 
2.214014 -0.197772 0.045759 0.190394 -0.012626 0.063225 0.038202 -0.043682 0.202912 0.278286 0.247850 0.199580 
2.203921 0.137045 0.105870 0.442366 0.007187 0.008964 0.077161 0.060883 0.183200 0.207235 0.214259 0.155355 
2.191326 0.427664 0.170760 0.435450 0.245003 -0.012875 0.002061 0.039867 0.118425 0.236859 0.036184 -0.082750 
2.002961 0.766853 0.302608 0.307740 0.311808 0.141914 0.004234 0.032876 0.135835 0.164767 0.119994 0.078941 
1.083147 0.583540 0.425838 0.343149 0.300919 0.276610 0.251453 0.235487 0.227484 0.220846 0.214376 0.133710 
1.077714 0.582056 0.423395 0.343184 0.299132 0.269939 0.251659 0.237721 0.227313 0.221674 0.219050 0.132835 
1.073326 0.582536 0.420802 0.343736 0.297520 0.272886 0.250435 0.238945 0.227153 0.222901 0.218310 0.132482 
1.075765 0.581919 0.420750 0.343282 0.298519 0.272528 0.250613 0.239130 0.226710 0.222535 0.218418 0.132617 
1.075009 0.583442 0.420922 0.342899 0.297535 0.271196 0.251557 0.237455 0.228351 0.222735 0.218854 0.132586 
1.074008 0.581456 0.422564 0.342502 0.296216 0.272440 0.251410 0.236811 0.229902 0.222977 0.218275 0.132472 
