1.076610 0.582224 0.421387 0.343624 0.297529 0.270505 0.250574 0.238935 0.228686 0.222518 0.218767 0.132704 
1.076076 0.582235 0.421244 0.343333 0.298160 0.270739 0.250296 0.239143 0.229053 0.222751 0.217898 0.132673 
1.076699 0.581772 0.421192 0.342605 0.298455 0.270070 0.252571 0.238106 0.229196 0.222776 0.217501 0.132676 
1.076149 0.582329 0.421251 0.344510 0.296287 0.269993 0.252136 0.237861 0.228723 0.222616 0.219039 0.132659 
1.076143 0.582665 0.422078 0.343413 0.297836 0.269550 0.251108 0.238431 0.229935 0.222708 0.217782 0.132733 
1.083321 0.589743 0.425505 0.344766 0.298323 0.268176 0.250926 0.237652 0.229145 0.219039 0.216457 0.133683 
1.165517 0.648867 0.459718 0.359228 0.300821 0.265425 0.242939 0.227345 0.214655 0.201835 0.191001 0.138354 
1.348342 0.804350 0.546491 0.391499 0.285208 0.208180 0.173280 0.157398 0.149669 0.125655 0.128781 0.105779 
1.997912 1.524604 0.609624 0.169281 -0.476378 -0.099278 0.246485 -0.227968 0.189164 0.095194 0.057511 -0.143912 
2.042266 1.408100 0.317862 -0.207813 -0.696818 -0.035873 0.183125 -0.231514 0.343170 0.058669 -0.011228 -0.078830 
1.948565 1.073671 -0.092619 -0.394745 -0.703140 0.212537 0.176355 -0.094826 0.297815 0.100570 -0.064487 0.067083 
1.982697 0.896889 -0.299050 -0.223068 -0.555049 0.289296 0.246941 0.008883 0.198534 0.027985 0.068696 0.040368 
2.017136 0.743425 -0.451435 -0.089780 -0.109083 0.159861 0.206650 -0.032027 0.101477 0.069036 0.286865 0.162735 
1.944782 0.381491 -0.263436 0.086617 0.105971 0.060928 0.065861 -0.169709 0.134474 0.187082 0.271903 0.089951 
2.006266 0.195686 0.175558 0.327125 0.120320 0.057654 -0.100511 -0.080035 0.118447 0.171623 0.057680 0.013978 
1.980705 0.232468 0.497612 0.177544 0.261307 0.214431 0.061969 0.219176 0.112582 0.087193 0.025599 -0.044716 
1.839628 0.316411 0.704510 0.218339 0.222992 0.370595 0.117807 0.191533 0.089961 0.141929 0.101273 0.002685 
1.733090 0.497348 0.444329 0.266104 0.222258 0.233487 0.120011 0.197212 0.195373 0.186236 0.180714 0.134056 
1.084432 0.586462 0.421073 0.342626 0.294103 0.265239 0.247289 0.237250 0.229692 0.224378 0.222458 0.133026 
1.076435 0.583376 0.420069 0.342464 0.301119 0.269335 0.251523 0.237762 0.228885 0.221914 0.218255 0.132695 
1.076728 0.582170 0.421135 0.343196 0.297168 0.270306 0.252198 0.237940 0.229274 0.223025 0.217645 0.132658 
1.076942 0.582445 0.421806 0.342388 0.297986 0.270365 0.250515 0.238654 0.229426 0.222755 0.218410 0.132730 
1.076706 0.582145 0.421300 0.343685 0.297277 0.270145 0.253154 0.236807 0.230217 0.222047 0.217927 0.132712 
1.075023 0.583328 0.421459 0.341840 0.298724 0.270117 0.251393 0.238392 0.228425 0.222324 0.219032 0.132592 
