0.783913 0.425198 0.485437 0.283351 0.426721 0.308448 0.173729 0.101097 0.230921 0.235950 0.216458 0.081386 
0.636907 0.457066 0.484695 0.231198 0.351887 0.284695 0.214741 0.254438 0.224171 0.162279 0.297773 0.043788 
0.722043 0.303697 0.390556 0.555854 0.202274 0.229184 0.138531 0.386478 0.174328 0.139255 0.002938 0.176266 
0.736601 0.249218 -0.000255 0.399092 0.202561 0.215908 0.202661 0.228850 0.159578 0.054451 0.050395 0.082827 
0.761677 0.165261 -0.397105 0.357257 0.224043 0.211214 0.383962 -0.022113 0.230698 0.073991 0.087445 -0.044997 
0.713415 0.078324 -0.145906 0.284804 0.368593 0.233189 0.224950 0.146212 0.412736 -0.044907 0.040983 -0.036104 
2.794624 -0.827399 1.036657 0.397486 -0.174965 -0.009052 -0.340207 -0.254284 0.131061 -0.150864 -0.288757 0.041966 
2.125213 -0.533731 0.701107 0.374494 -0.201678 -0.152760 -0.319863 -0.198567 0.090611 -0.042883 -0.161310 0.047280 
2.084549 -0.211593 0.211395 0.301307 -0.172573 -0.097824 -0.154197 -0.237725 -0.136636 -0.031327 -0.078337 -0.048845 
2.775637 -0.203929 0.447869 0.516879 -0.184852 -0.036525 -0.020231 -0.204721 -0.138270 -0.044696 -0.090966 0.033572 
3.416663 -0.765927 0.183642 -0.204512 -0.284567 0.175690 0.131322 -0.165565 -0.129657 0.051774 0.094055 0.129833 
3.209156 -0.601168 0.190513 0.157324 0.032200 -0.003275 -0.009010 -0.026101 0.043034 0.178079 0.111414 -0.076478 
3.307261 0.142307 -0.167940 0.472867 0.161725 -0.171042 0.025974 0.144686 0.057168 -0.086752 0.010126 0.093967 
3.226550 0.834187 0.166697 0.012230 0.193004 0.260146 0.190018 -0.024810 -0.069037 -0.080006 -0.050738 -0.018743 
1.640692 1.040355 0.854630 0.171234 0.317924 -0.002281 0.029730 0.157687 0.123496 0.084424 0.019594 0.036589 
1.261255 0.737089 0.660546 0.462694 0.175746 0.225548 0.118381 0.102931 0.062971 0.096436 0.118560 0.078114 
1.091584 0.610751 0.571712 0.494831 0.355581 0.248959 0.319611 0.177414 0.094364 0.002959 0.228631 0.099021 
0.881025 0.602455 0.673710 0.375779 0.341146 0.265724 0.212801 0.198806 0.058134 0.152815 0.170633 0.071962 
0.788622 0.421031 0.555264 0.309889 0.279358 0.291390 0.183153 0.295930 0.117794 0.291432 0.188632 0.072505 
0.707189 0.567971 0.603529 0.262457 0.239808 0.352761 0.257277 0.181040 0.185249 0.210062 0.204980 0.093799 
