1.074763 0.581817 0.421052 0.343223 0.298643 0.267885 0.252704 0.236540 0.229742 0.223706 0.218488 0.132463 
1.075282 0.581802 0.421864 0.343262 0.297195 0.269154 0.253647 0.236589 0.229930 0.224415 0.216622 0.132573 
1.075626 0.582675 0.422435 0.342111 0.299375 0.269174 0.252323 0.237832 0.227292 0.224591 0.217668 0.132687 
1.075576 0.571922 0.422597 0.339081 0.295408 0.272606 0.252091 0.237724 0.230114 0.221404 0.221112 0.131693 
1.081674 0.549652 0.419672 0.332309 0.282204 0.263922 0.278870 0.239387 0.208828 0.212325 0.244034 0.129248 
1.102075 0.535982 0.398993 0.354795 0.251242 0.237788 0.310689 0.255459 0.209069 0.193116 0.255570 0.128872 
2.414412 0.083512 -0.274103 0.304243 -0.199846 0.006863 0.236406 -0.063285 -0.057195 0.119700 0.334944 0.165920 
2.314757 -0.282986 0.024995 0.374282 -0.218768 -0.077510 0.087793 -0.066504 -0.082766 0.204637 0.269069 0.104621 
2.192605 -0.292888 0.332821 0.435268 -0.113332 -0.176782 -0.152253 -0.067077 0.025869 0.190966 0.059969 -0.065236 
1.833013 -0.284552 0.849147 0.598681 0.121644 -0.264052 -0.075175 -0.136568 -0.041547 0.007097 -0.126508 0.032375 
1.893716 -0.253824 0.866831 0.672850 0.221627 -0.322303 0.055243 0.007893 -0.032049 0.116745 -0.020857 0.032399 
2.066029 0.253184 0.424248 0.519906 0.156056 -0.067118 0.141574 -0.124505 -0.200518 0.042631 0.117923 -0.009925 
1.960615 0.970033 0.704608 0.711161 0.436736 -0.004896 -0.147905 0.000949 0.102283 0.043276 -0.047393 0.032878 
1.448365 0.782305 0.558467 0.490564 0.358951 0.132222 -0.018554 -0.008745 0.075422 0.117399 0.186814 0.105532 
1.081358 0.583492 0.425108 0.345684 0.298043 0.272004 0.253846 0.240516 0.225014 0.218564 0.215376 0.133376 
1.079467 0.582023 0.423784 0.342862 0.299566 0.270523 0.251507 0.238680 0.226024 0.221987 0.218455 0.133009 
1.076056 0.580723 0.421356 0.343971 0.299296 0.270306 0.251428 0.239866 0.228118 0.222607 0.217359 0.132696 
1.072164 0.584125 0.421335 0.343887 0.298469 0.268505 0.249936 0.237975 0.231357 0.221698 0.218489 0.132415 
1.074999 0.582436 0.422254 0.344965 0.297982 0.271063 0.250611 0.238162 0.228348 0.221550 0.218820 0.132699 
