1.008135 0.631164 0.414959 0.377228 0.291023 0.255698 0.185441 0.243817 0.218295 0.231227 0.223371 0.127477 
0.805174 0.985583 0.273222 0.590618 0.075102 0.317629 0.044496 0.222627 0.119954 0.283414 0.197000 0.159137 
1.176655 0.818338 0.229369 0.602009 0.323888 0.329849 0.186808 0.127280 0.149114 0.079796 0.105699 0.068696 
1.228767 0.665553 0.406611 0.514249 0.243694 0.376525 0.133116 0.060716 0.159844 0.158946 0.066618 0.080861 
1.392135 0.149780 0.950997 0.722532 0.097067 0.017924 0.020379 -0.133400 0.180985 -0.112324 -0.227240 0.049563 
1.410257 -0.018470 1.048578 0.960721 -0.211985 -0.037742 0.083752 -0.100691 -0.086665 -0.101149 -0.181021 -0.045753 
1.467518 0.042378 1.145608 0.990144 -0.129733 -0.006744 -0.002555 -0.141611 -0.048280 -0.140939 -0.245186 -0.052579 
1.551434 0.031721 0.929141 0.531103 0.257985 -0.078725 -0.109640 -0.274994 0.086890 0.036820 -0.348144 -0.133360 
2.492906 -0.221241 0.850490 -0.040978 0.173745 0.059488 0.050873 -0.095171 -0.499826 -0.062286 0.087189 -0.029257 
2.558526 0.542689 0.506978 -0.193772 -0.072517 -0.306906 0.246220 0.098081 -0.276683 0.005307 -0.083185 -0.084701 
2.608987 0.922799 0.310379 -0.062844 -0.348561 -0.168627 0.198497 0.082128 -0.147775 0.048742 -0.020642 -0.100272 
2.204722 1.065604 0.347654 -0.111022 -0.148110 0.052998 0.217644 0.096130 -0.001279 0.055474 -0.030170 0.022471 
1.284524 0.704840 0.440294 0.330854 0.261589 0.226541 0.177880 0.190332 0.147827 0.209872 0.204876 0.138199 
1.175627 0.713999 0.517126 0.365954 0.283652 0.200408 0.189906 0.138021 0.160168 0.221423 0.201390 0.133576 
1.075200 0.576666 0.456569 0.340633 0.323050 0.219359 0.245005 0.210639 0.216051 0.259044 0.185472 0.129960 
