1.070570 0.585871 0.420734 0.343575 0.296531 0.272571 0.248085 0.237548 0.229310 0.224689 0.217145 0.132332 
1.066467 0.585074 0.417976 0.342615 0.300432 0.267503 0.253145 0.234871 0.231042 0.223638 0.218978 0.131877 
1.070490 0.581121 0.428956 0.339795 0.298218 0.272068 0.247111 0.237710 0.231703 0.219967 0.219557 0.132336 
1.065547 0.583129 0.426441 0.342213 0.297710 0.271450 0.250885 0.237963 0.233649 0.216019 0.219323 0.132143 
1.068482 0.579443 0.429352 0.339596 0.300902 0.268063 0.252233 0.239293 0.231070 0.217751 0.219276 0.132249 
1.087043 0.581136 0.420396 0.350390 0.273726 0.260163 0.190692 0.240510 0.230130 0.196675 0.241191 0.127807 
2.931576 0.975324 -0.006833 -0.113193 0.029861 -0.135229 0.113135 0.045209 -0.365272 -0.204547 -0.124062 0.123097 
2.834593 1.088977 0.217694 -0.148554 -0.234789 -0.450432 0.075624 0.307613 -0.220339 -0.035929 -0.124128 -0.052597 
2.520338 1.448532 0.641033 -0.102382 -0.180751 -0.462426 -0.118276 0.121011 -0.108872 0.159397 0.052781 -0.004520 
2.656899 1.525380 0.664701 0.026496 -0.260965 -0.366657 -0.178240 -0.047690 0.002443 0.042057 0.090262 0.038005 
2.382773 1.429151 0.948912 0.159241 -0.121195 -0.489076 0.009601 0.025764 -0.036064 0.086084 0.211667 0.149163 
2.504539 1.561993 0.923929 0.156815 -0.078105 -0.252247 0.035291 0.012432 0.055570 -0.001459 0.049353 -0.039399 
2.429861 1.531985 0.960491 0.143639 0.008357 -0.071778 0.164420 0.121312 0.156134 -0.037584 -0.009630 -0.139522 
1.835978 1.194869 0.862651 0.475783 0.293254 0.133534 0.072672 -0.001685 -0.041009 -0.060703 -0.067805 -0.062566 
1.173674 0.671168 0.487747 0.380072 0.317504 0.265138 0.241162 0.214292 0.204768 0.186029 0.187705 0.137907 
1.106990 0.614598 0.453186 0.356433 0.310617 0.271979 0.246865 0.229733 0.215755 0.207670 0.204886 0.136837 
1.070255 0.586476 0.425198 0.340500 0.297232 0.268021 0.251477 0.240231 0.226360 0.224303 0.217437 0.132381 
1.075726 0.588725 0.428508 0.343952 0.301306 0.271523 0.251029 0.236139 0.227434 0.220353 0.213613 0.133334 
1.073727 0.583280 0.429871 0.343193 0.299208 0.270162 0.251823 0.234529 0.229562 0.221476 0.216193 0.132894 
1.067402 0.579421 0.426163 0.339310 0.303358 0.271238 0.248381 0.237646 0.228412 0.223645 0.218130 0.131999 
