1.076328 0.582954 0.420928 0.343442 0.298428 0.269605 0.250919 0.238307 0.227809 0.223659 0.219006 0.132702 
1.077100 0.582220 0.421569 0.343026 0.298154 0.270028 0.250649 0.239638 0.228083 0.222470 0.218881 0.132741 
1.077222 0.582525 0.420930 0.344094 0.298154 0.270148 0.251662 0.237025 0.230195 0.222954 0.217694 0.132811 
1.086660 0.580657 0.419794 0.340498 0.292855 0.266847 0.251443 0.237599 0.229514 0.224611 0.219820 0.132586 
1.075231 0.578669 0.423226 0.346024 0.288022 0.264103 0.254880 0.237625 0.222912 0.226522 0.225528 0.131833 
1.197074 0.626886 0.397219 0.234563 0.190286 0.244730 0.269546 0.254898 0.243629 0.247395 0.249510 0.132433 
2.639532 0.276903 -0.081735 0.040357 -0.549727 -0.009520 0.361302 0.176963 -0.099305 0.139159 0.200873 0.080261 
2.387991 0.023944 -0.157630 0.021960 -0.336858 -0.000137 0.307230 -0.024061 -0.159850 0.175585 0.323320 0.164680 
2.257335 -0.323025 0.048210 0.210651 -0.179838 0.032139 -0.011804 -0.155059 -0.007510 0.298986 0.290891 0.160005 
2.246665 -0.332474 0.527799 0.409819 -0.005656 -0.341680 -0.141452 -0.001608 -0.001084 0.142340 0.067303 -0.015340 
1.765613 -0.151514 0.911514 0.625578 0.180103 -0.277314 -0.022681 -0.080878 -0.055747 0.000097 -0.087986 0.058446 
1.935897 0.077554 0.506851 0.631702 0.256968 -0.056396 0.009835 -0.092654 0.048468 0.189703 0.134799 0.020418 
2.213741 0.386090 0.315221 0.597808 0.277473 0.009950 -0.002482 -0.023579 -0.007816 -0.026646 0.054791 0.088232 
2.010013 0.906499 0.496670 0.510297 0.457617 0.201852 -0.017458 -0.063101 -0.022742 0.019711 0.100420 0.071844 
1.435548 0.821525 0.621566 0.512115 0.355973 0.126216 -0.001150 0.018190 0.056109 0.069877 0.152065 0.085729 
1.077962 0.583557 0.421523 0.342846 0.299080 0.269326 0.251886 0.239189 0.227911 0.222658 0.217415 0.132882 
1.077795 0.582479 0.420304 0.342197 0.298907 0.270031 0.252007 0.238307 0.227637 0.221776 0.219961 0.132706 
1.076784 0.582933 0.420389 0.342284 0.298142 0.270215 0.251454 0.239806 0.229006 0.222941 0.217365 0.132703 
1.075905 0.582022 0.421018 0.343226 0.298045 0.270136 0.251828 0.239324 0.228807 0.222884 0.217678 0.132669 
1.076642 0.582327 0.421289 0.343086 0.298109 0.270080 0.251155 0.238380 0.229723 0.222553 0.218109 0.132714 
