1.074863 0.577911 0.425114 0.343304 0.297511 0.268709 0.254197 0.235542 0.219400 0.222295 0.226071 0.132075 
1.076732 0.583110 0.424744 0.343928 0.297537 0.268835 0.254249 0.232214 0.223974 0.222686 0.221239 0.132505 
1.077744 0.577655 0.419346 0.344481 0.301410 0.267971 0.248093 0.239649 0.229587 0.220756 0.219809 0.132293 
1.075156 0.573733 0.426051 0.347772 0.295599 0.270451 0.251002 0.235850 0.224750 0.219617 0.224917 0.132123 
1.202955 0.550246 0.456082 0.296403 0.216189 0.247620 0.216405 0.201164 0.243912 0.266077 0.230012 0.135143 
1.114727 0.587512 0.414795 0.324395 0.268832 0.248302 0.238498 0.233068 0.241009 0.240459 0.230709 0.132677 
2.684886 1.270995 0.499878 0.062192 -0.633577 -0.303197 0.287747 -0.104634 0.033969 0.231454 0.137834 -0.141821 
2.266966 0.855527 0.579520 -0.119596 -0.621151 -0.262267 0.175499 -0.137375 0.078678 0.210595 0.023317 -0.095221 
2.291563 0.720089 0.363585 -0.151288 -0.604253 -0.116813 0.195548 -0.173197 0.094422 0.207640 -0.051091 -0.099940 
2.516135 0.666886 0.464383 -0.127178 -0.553464 -0.164776 0.282731 -0.161267 -0.029882 0.144135 -0.088484 -0.182904 
2.355630 0.594914 0.363750 -0.210758 -0.244985 0.007593 0.434969 -0.112437 -0.125906 0.033694 -0.161991 -0.096400 
2.379399 0.435376 0.168076 -0.033456 -0.074443 0.036335 0.395311 -0.199563 -0.182488 0.040432 -0.000029 -0.001597 
2.372715 0.479198 0.450710 0.035156 0.329010 0.094387 0.280641 -0.323029 0.086372 0.167392 -0.060806 0.188724 
1.136094 -0.143933 1.066905 0.012262 0.394243 -0.001773 -0.156800 0.069701 -0.140420 0.040869 0.013380 0.002810 
1.186573 0.471928 0.548071 0.314117 0.385512 0.278952 0.208682 0.305641 0.171931 0.098640 0.177440 0.127641 
1.080540 0.583831 0.425128 0.337555 0.299390 0.273589 0.250290 0.226813 0.228655 0.225452 0.218805 0.132669 
1.078923 0.580401 0.419610 0.342159 0.299471 0.267074 0.244363 0.230567 0.229564 0.230380 0.221583 0.132016 
1.076897 0.580901 0.423251 0.343535 0.300105 0.268381 0.244645 0.233687 0.227555 0.228002 0.220116 0.132291 
1.077625 0.576363 0.418006 0.347685 0.302653 0.263388 0.248627 0.235854 0.228417 0.228734 0.216997 0.132058 
1.076750 0.580871 0.426852 0.342106 0.299241 0.269933 0.250927 0.227475 0.229571 0.229912 0.216396 0.132593 
