1.091298 0.596667 0.432751 0.316616 0.279231 0.247064 0.254254 0.226340 0.214614 0.236673 0.228453 0.130951 
1.034176 0.617076 0.439319 0.263134 0.332093 0.233326 0.271678 0.254682 0.202872 0.245514 0.191651 0.128565 
1.002919 0.686264 0.378356 0.336305 0.310950 0.189773 0.325559 0.134417 0.288582 0.184353 0.249152 0.124416 
0.780349 0.682531 0.404243 0.348111 0.201100 0.287513 0.393269 0.106655 0.243535 0.262255 0.189856 0.105853 
0.629047 0.703110 0.191020 0.444965 0.229189 0.377989 0.335950 0.127258 0.250710 0.230217 0.216072 0.084486 
0.632035 0.434526 0.483885 0.362754 0.322215 0.413677 0.257151 0.061963 0.259861 0.315800 0.081048 0.127458 
0.977807 -0.087791 0.789799 0.464986 0.094512 0.092732 -0.301332 -0.394309 0.029079 -0.011412 -0.277645 -0.191776 
0.838372 -0.080008 0.770360 0.863618 -0.127701 -0.234098 -0.214366 -0.118306 0.029282 -0.365881 -0.248858 0.053074 
1.105829 0.043142 0.586276 1.250987 0.081743 0.104711 -0.217295 0.088786 0.225575 -0.179526 -0.209988 0.052914 
1.478797 0.268175 0.660623 1.339403 -0.014861 -0.004476 0.002396 -0.102070 0.032213 -0.227133 -0.021034 -0.077317 
2.251792 -0.484457 0.391220 0.607275 0.432159 -0.066723 0.015863 -0.085153 -0.150521 -0.018750 -0.026472 -0.027074 
0.660112 -0.062501 0.304114 0.308453 0.383781 0.208069 0.009720 -0.198652 0.047701 0.170422 -0.013716 0.128773 
0.726472 0.354063 0.273162 0.230226 0.554020 0.339230 0.346039 0.097834 0.155289 0.400135 0.019747 0.151612 
0.673127 0.303703 0.610365 0.248575 0.225955 0.458234 0.225650 0.100828 0.358062 0.244782 0.125741 0.130276 
0.852756 0.356365 0.701781 0.369066 0.076420 0.406223 0.336842 0.046655 0.232468 0.365691 0.108027 0.078597 
0.988342 0.533070 0.488652 0.360534 0.240000 0.342180 0.243841 0.179036 0.231862 0.265924 0.175418 0.127425 
1.044870 0.568089 0.446337 0.313989 0.297234 0.280346 0.252947 0.225833 0.243521 0.253095 0.175823 0.130401 
