1.058825 0.570124 0.418099 0.354706 0.305636 0.244403 0.266890 0.255129 0.220978 0.208706 0.218480 0.131126 
1.031665 0.581489 0.436345 0.332771 0.294362 0.288715 0.265115 0.198583 0.244663 0.224567 0.209727 0.130240 
1.052758 0.581069 0.426474 0.335597 0.309457 0.263455 0.261407 0.235370 0.234320 0.207503 0.217534 0.130769 
1.060093 0.584468 0.409710 0.364763 0.271539 0.312544 0.245724 0.258826 0.184433 0.231909 0.205679 0.133327 
1.044421 0.573056 0.439557 0.346310 0.289131 0.284500 0.263037 0.222248 0.234829 0.206927 0.215444 0.130413 
1.037188 0.582312 0.420578 0.340187 0.292393 0.278909 0.258346 0.234485 0.217022 0.216765 0.228346 0.128435 
2.222667 -0.159940 0.194606 -0.054641 0.459698 -0.318897 -0.086299 0.030455 -0.447141 -0.024643 0.006571 0.042187 
2.537435 0.312658 0.149505 -0.285258 0.102958 -0.614264 0.100041 0.182970 -0.053789 -0.175264 -0.412959 0.106326 
2.504159 0.901757 0.165469 -0.371984 -0.142173 -0.527250 0.380728 -0.012294 -0.241261 0.005730 -0.226253 0.052039 
2.979726 0.801012 0.134437 -0.149937 -0.411738 -0.443257 0.277356 0.161754 -0.266970 -0.111276 0.017484 -0.033111 
2.927811 0.836228 0.232148 0.073977 -0.330220 -0.468088 0.083466 0.297656 -0.156135 -0.243560 -0.087107 -0.038985 
2.615944 1.306365 0.461329 -0.069259 -0.319319 -0.264389 0.000510 0.092283 -0.012781 -0.034287 -0.111791 -0.190066 
2.654854 1.503752 0.628435 0.038366 -0.167438 -0.104739 0.045307 0.105664 0.048330 -0.038398 -0.131906 -0.231083 
3.029796 1.662538 0.749435 0.027917 -0.087691 -0.032088 0.172352 0.164465 0.032055 0.015934 -0.165736 -0.232818 
1.890226 1.288650 0.936170 0.526835 0.354138 0.092031 0.058750 0.014574 -0.073613 -0.030813 -0.060336 -0.038042 
1.302778 0.782163 0.572999 0.409084 0.330669 0.286538 0.217825 0.208370 0.166660 0.100778 0.103850 0.098303 
1.060121 0.573286 0.445240 0.339676 0.293422 0.274160 0.253350 0.236410 0.239831 0.220745 0.193871 0.131808 
1.065005 0.602523 0.459147 0.361550 0.283532 0.282088 0.252671 0.223415 0.226825 0.193171 0.216345 0.133206 
1.034965 0.577635 0.427965 0.358499 0.303936 0.270430 0.248232 0.232758 0.237967 0.211176 0.212501 0.130088 
1.042396 0.578122 0.414711 0.356684 0.304963 0.253462 0.253644 0.243463 0.226814 0.214191 0.223377 0.129428 
1.047876 0.577395 0.423330 0.352213 0.301740 0.259922 0.264566 0.230799 0.221538 0.217490 0.224092 0.129993 
