1.075831 0.583688 0.422442 0.342674 0.298723 0.270703 0.251608 0.238043 0.228561 0.222289 0.217581 0.132784 
1.075275 0.583177 0.421611 0.343850 0.298049 0.270131 0.249860 0.239151 0.229388 0.222286 0.218289 0.132684 
1.075928 0.583054 0.420100 0.342792 0.299254 0.269597 0.250637 0.240068 0.228720 0.223090 0.217645 0.132668 
1.075470 0.582477 0.422234 0.342527 0.298726 0.270960 0.250403 0.237985 0.229041 0.223008 0.218218 0.132681 
1.076643 0.582647 0.422102 0.343206 0.297085 0.270048 0.250675 0.239341 0.229226 0.223085 0.217526 0.132727 
1.074164 0.582525 0.422284 0.342952 0.297335 0.270915 0.251899 0.237908 0.230330 0.222371 0.217226 0.132596 
1.141892 0.630192 0.451308 0.352793 0.296506 0.265402 0.243719 0.230679 0.217353 0.208084 0.198513 0.137380 
1.250241 0.692329 0.476670 0.347153 0.280809 0.251297 0.223788 0.222325 0.202969 0.191100 0.181379 0.136364 
2.089540 1.101238 0.317168 0.429648 -0.236523 -0.035473 0.327758 -0.043092 -0.041930 0.161352 0.060483 -0.138400 
1.608190 1.608801 0.406601 0.121091 -0.568259 -0.117604 0.131224 -0.132006 0.089877 0.191221 0.004954 -0.056557 
1.450969 1.530065 0.178351 -0.147114 -0.782578 -0.072518 0.102120 -0.091621 0.153410 0.174901 -0.050989 -0.056728 
1.641358 1.274910 -0.258433 -0.266573 -0.707957 0.114895 0.215772 -0.076572 0.269182 0.064661 0.018564 -0.023390 
1.832642 0.963176 -0.393481 -0.236681 -0.333095 0.142635 0.189940 0.108879 0.152091 -0.030123 0.136301 0.057035 
1.991095 0.505127 -0.522729 -0.191074 -0.063655 0.222833 0.260518 -0.058854 0.198752 -0.024123 0.233753 0.112661 
2.395848 0.286865 -0.282724 0.096209 0.085414 0.158993 -0.038643 -0.172615 0.073245 0.199365 0.227525 0.122506 
2.060777 0.306704 0.139514 0.337524 0.138570 0.179535 -0.135757 -0.028552 0.218921 0.270930 0.150018 0.083722 
2.093116 0.469071 0.459956 0.257527 0.307063 0.274893 0.128484 0.178979 -0.113617 0.106541 0.156824 0.044721 
1.778172 0.611044 0.200718 0.331870 0.319071 0.343827 0.363949 0.148555 0.088344 0.081451 0.089499 0.102560 
1.086059 0.588349 0.423564 0.345020 0.299963 0.271313 0.252290 0.236089 0.227569 0.218253 0.216464 0.133836 
1.081112 0.585919 0.425664 0.345950 0.300050 0.270999 0.251488 0.236637 0.226906 0.219902 0.216516 0.133537 
1.076395 0.582208 0.421364 0.341591 0.296871 0.272421 0.249932 0.239339 0.231126 0.221084 0.217978 0.132622 
1.075644 0.581646 0.423094 0.341386 0.299038 0.271052 0.250484 0.238651 0.228765 0.223300 0.217608 0.132651 
1.075569 0.582993 0.421439 0.343030 0.297846 0.271425 0.248612 0.240129 0.228785 0.224126 0.216871 0.132669 
1.074010 0.582426 0.422355 0.342654 0.296834 0.268590 0.250971 0.238849 0.229130 0.223873 0.218885 0.132456 
