1.076816 0.582397 0.421652 0.342128 0.298397 0.270575 0.250462 0.238282 0.228532 0.222811 0.218939 0.132670 
1.077639 0.583574 0.422532 0.343610 0.297601 0.270139 0.251252 0.237456 0.227740 0.223054 0.218385 0.132845 
1.077966 0.583346 0.421956 0.344236 0.297930 0.269572 0.250632 0.237354 0.228884 0.223486 0.217692 0.132852 
1.078679 0.583499 0.421243 0.343777 0.297823 0.269964 0.250537 0.237963 0.228697 0.222629 0.218669 0.132884 
1.076739 0.583353 0.422145 0.342492 0.297503 0.271053 0.250543 0.237824 0.229614 0.223067 0.217832 0.132777 
1.077070 0.583878 0.422546 0.342410 0.298496 0.269067 0.250532 0.237917 0.229009 0.223315 0.218450 0.132816 
0.984462 0.129275 1.099182 0.594562 -0.161402 -0.130577 0.135697 -0.121228 -0.058961 -0.051450 -0.021535 0.112894 
0.426865 -0.175441 0.985415 0.656679 -0.246728 -0.232549 0.163111 -0.157588 0.031572 -0.081461 0.064856 0.123416 
0.494346 -0.074387 0.974348 0.642047 -0.235255 -0.202987 0.188757 -0.210802 -0.023183 -0.089312 0.022129 0.041691 
0.629443 0.045078 1.053556 0.707208 -0.252106 -0.108115 0.210769 -0.188202 -0.095206 -0.078906 -0.026623 -0.031151 
0.790177 0.220706 1.143779 0.739396 -0.081941 0.032034 0.177716 -0.093438 -0.016636 -0.202749 0.035118 0.026218 
0.808787 0.393224 1.102065 0.912194 -0.087426 -0.030996 0.307381 -0.057007 -0.082165 -0.102275 -0.039729 -0.028800 
0.600224 0.371569 1.234357 0.856311 0.015845 -0.109523 0.367668 -0.101486 0.008989 -0.100489 0.078489 -0.000336 
1.046129 0.623581 1.008076 0.692062 0.165518 -0.073905 0.420700 -0.049227 -0.119463 -0.002144 0.132227 -0.075515 
1.049633 0.105681 0.596481 0.684786 0.194512 0.133864 0.271586 0.268379 0.317961 0.222826 0.054082 0.136088 
1.077938 0.582095 0.420530 0.344677 0.298218 0.269952 0.249271 0.238152 0.229472 0.221972 0.219371 0.132726 
1.077803 0.582189 0.422023 0.343486 0.297131 0.270566 0.251898 0.238024 0.227708 0.222288 0.219078 0.132775 
1.078376 0.583290 0.422026 0.343448 0.297532 0.268892 0.250955 0.237977 0.228608 0.222860 0.218947 0.132833 
1.077728 0.582596 0.422336 0.343782 0.297929 0.268889 0.251097 0.237642 0.229107 0.223421 0.218088 0.132811 
1.077420 0.583883 0.421255 0.343441 0.298722 0.269706 0.251113 0.238973 0.228604 0.222507 0.217675 0.132876 
1.078062 0.584447 0.422884 0.343178 0.298742 0.270378 0.250442 0.237953 0.228693 0.222077 0.217900 0.133000 
