1.075980 0.582294 0.421456 0.343644 0.298089 0.269900 0.251294 0.238125 0.229204 0.221678 0.219633 0.132695 
1.076505 0.582621 0.421299 0.343879 0.298037 0.270608 0.250996 0.237859 0.229123 0.222470 0.218352 0.132741 
1.076085 0.582137 0.421760 0.342697 0.298538 0.269665 0.250759 0.238483 0.229332 0.222743 0.218639 0.132657 
1.076792 0.580841 0.421819 0.342911 0.298121 0.270341 0.251550 0.236876 0.229593 0.222575 0.219189 0.132636 
1.088345 0.591152 0.430120 0.349802 0.299768 0.269890 0.249192 0.235114 0.224614 0.218724 0.215149 0.134352 
1.076299 0.583303 0.424469 0.342621 0.296742 0.270927 0.251372 0.236581 0.227107 0.223149 0.219086 0.132727 
0.806976 0.151947 1.115179 0.524795 -0.162549 0.007303 0.115696 -0.111906 -0.090737 -0.090842 0.048486 0.033343 
0.493139 0.064854 1.151617 0.518526 -0.241793 -0.091242 0.199446 -0.222660 -0.094037 -0.103845 0.012582 -0.023969 
0.487127 -0.031125 1.196809 0.663419 -0.178807 -0.165444 0.236098 -0.189567 -0.069503 -0.111320 -0.025362 0.007078 
0.601553 0.059323 1.132838 0.797777 -0.309460 -0.027227 0.294537 -0.207953 -0.143973 -0.010886 -0.000364 -0.124777 
0.597233 0.069485 1.235861 0.743420 -0.099922 0.045455 0.243812 -0.141447 -0.111549 -0.081778 -0.032459 -0.078056 
0.765470 0.310099 1.193595 0.757487 -0.031491 0.203780 0.195849 -0.147284 -0.023135 -0.085878 -0.008400 -0.106131 
0.726104 0.334727 1.513721 0.901342 -0.024940 0.081308 0.351444 -0.080910 -0.058459 -0.024390 0.037054 -0.096280 
0.945785 0.403220 1.183397 0.843843 0.010757 0.114582 0.376892 -0.057655 0.058368 0.066229 -0.000672 -0.011485 
1.055795 0.507431 0.591591 0.489984 0.176533 0.258959 0.368080 0.159430 0.161826 0.223652 0.210880 0.103275 
1.075679 0.579645 0.423306 0.345903 0.295018 0.268542 0.253400 0.238568 0.227221 0.222084 0.220096 0.132529 
1.075760 0.580124 0.422585 0.343322 0.296544 0.270080 0.253648 0.237781 0.227957 0.223179 0.218981 0.132574 
1.074684 0.582746 0.421727 0.343018 0.297476 0.271206 0.250858 0.238849 0.228605 0.223102 0.218391 0.132647 
1.076537 0.582958 0.422053 0.342985 0.299541 0.269449 0.251890 0.237907 0.228554 0.222841 0.217897 0.132819 
1.074728 0.582834 0.420607 0.343587 0.297952 0.269898 0.252646 0.238131 0.228823 0.222236 0.218891 0.132616 
