1.075109 0.582395 0.421773 0.343674 0.295543 0.270514 0.251473 0.236392 0.229244 0.224395 0.218209 0.132473 
1.076036 0.583206 0.420450 0.344540 0.296221 0.270255 0.252395 0.236420 0.229764 0.221787 0.218951 0.132585 
1.073658 0.581768 0.423122 0.342445 0.296932 0.269591 0.252836 0.237526 0.229730 0.223213 0.217584 0.132460 
1.035250 0.488979 0.471681 0.418257 0.254019 0.275433 0.255933 0.245464 0.280969 0.224240 0.145018 0.134879 
0.988712 0.492919 0.500084 0.369604 0.206151 0.369273 0.290437 0.143779 0.276587 0.282744 0.124663 0.129553 
0.989573 0.472127 0.455630 0.291878 0.277521 0.396413 0.271232 0.201429 0.243795 0.265454 0.125460 0.132295 
1.299371 0.107612 0.833101 0.557579 0.134474 0.243478 -0.131854 -0.336139 0.181758 0.051390 -0.166734 0.015396 
0.863062 -0.201063 0.696694 0.767165 0.104326 0.025777 -0.175154 -0.192381 0.023965 -0.024001 -0.317717 -0.077726 
1.418229 -0.102458 0.808830 1.181091 -0.026327 -0.161164 0.063167 -0.034396 -0.074054 -0.144207 -0.049484 -0.030735 
1.628118 0.046329 0.710205 1.319042 0.112606 0.146388 0.090383 -0.231062 0.127144 0.080786 -0.045098 -0.175029 
1.617743 0.174971 1.118610 1.197842 0.051532 -0.056476 0.143872 -0.082779 0.001597 -0.057524 -0.127427 -0.053734 
0.849221 -0.331832 0.951503 0.365516 0.327991 -0.017148 0.057432 -0.033691 0.065982 0.089808 -0.025422 0.114339 
0.742895 -0.094409 0.103096 0.223919 0.351282 0.631612 0.290874 0.026113 0.079634 0.177006 0.081136 0.138354 
1.030439 0.534430 0.420481 0.328938 0.337775 0.277136 0.243476 0.252213 0.235542 0.251647 0.164897 0.127324 
0.989047 0.516694 0.504512 0.305593 0.246965 0.362309 0.242280 0.192095 0.271368 0.237505 0.177585 0.135411 
1.037038 0.512298 0.482552 0.361278 0.232010 0.303291 0.303615 0.172785 0.210317 0.297775 0.183269 0.119144 
1.072475 0.573606 0.429597 0.348049 0.290436 0.272711 0.251663 0.234751 0.224741 0.229860 0.216403 0.131998 
1.073974 0.583072 0.420892 0.343484 0.301023 0.266099 0.250008 0.239289 0.228941 0.224203 0.217662 0.132483 
1.072882 0.582021 0.422555 0.344167 0.296568 0.271888 0.250223 0.236241 0.229371 0.224723 0.217541 0.132442 
