1.077270 0.582290 0.420986 0.343081 0.298142 0.270382 0.251747 0.237878 0.229490 0.222202 0.218489 0.132756 
1.076945 0.582417 0.421123 0.342807 0.298129 0.270060 0.251051 0.238220 0.229436 0.222843 0.218494 0.132715 
1.076149 0.582569 0.420757 0.343327 0.298120 0.270013 0.251132 0.238735 0.228914 0.223186 0.218131 0.132677 
1.076740 0.582314 0.420833 0.342772 0.298636 0.270413 0.251035 0.238267 0.229373 0.222681 0.218226 0.132699 
1.076538 0.582438 0.421089 0.343560 0.298057 0.270037 0.251221 0.238219 0.229171 0.222358 0.218832 0.132717 
1.076410 0.583082 0.421728 0.342869 0.298621 0.269414 0.251039 0.238717 0.229300 0.222471 0.218250 0.132752 
1.200081 -0.005120 1.088245 0.555339 -0.114925 -0.049172 0.135802 -0.047103 -0.111827 -0.112656 0.000272 0.078234 
0.396669 -0.099937 1.009123 0.513996 -0.216581 -0.022657 0.140358 -0.042521 -0.135055 -0.003620 0.062360 0.075857 
0.509476 -0.120533 1.112070 0.512121 -0.158231 -0.079339 0.187816 -0.149478 -0.098815 -0.026109 -0.045352 0.037683 
0.638362 -0.026421 1.106323 0.536943 -0.107399 -0.078069 0.280457 -0.129755 -0.118298 -0.052350 0.018853 0.013982 
0.643167 0.032915 1.179760 0.648289 0.029263 -0.069521 0.242235 -0.118682 -0.067482 -0.137289 -0.042330 0.028105 
0.796511 -0.034429 1.302265 0.638777 0.046154 -0.065792 0.353332 -0.020489 -0.245115 0.042521 -0.011268 -0.095201 
0.798942 0.316444 1.253471 0.895461 0.093456 -0.004003 0.375051 -0.181143 0.153855 -0.163639 0.018518 0.012264 
0.932133 0.366753 1.120446 0.713082 0.151309 0.028143 0.341319 0.000631 0.055897 -0.110538 0.126207 0.057174 
1.244631 0.448649 0.917553 0.716440 0.079814 0.177223 0.370125 0.031579 0.114472 0.090603 0.055845 0.030411 
1.075439 0.578397 0.425382 0.347048 0.294446 0.269255 0.254353 0.237559 0.224423 0.224431 0.219421 0.132559 
1.077258 0.581483 0.422970 0.343838 0.298407 0.269506 0.251186 0.239261 0.228772 0.221627 0.218486 0.132834 
1.076483 0.581936 0.421418 0.343771 0.297762 0.269901 0.251723 0.238394 0.229055 0.223270 0.217816 0.132721 
1.076706 0.582781 0.421130 0.343694 0.297868 0.269321 0.251040 0.238097 0.229600 0.222741 0.218528 0.132714 
1.076507 0.582463 0.421629 0.342556 0.299336 0.269610 0.251287 0.238464 0.229588 0.222262 0.218087 0.132745 
1.076883 0.582380 0.421467 0.342798 0.298882 0.269453 0.250671 0.238537 0.229483 0.222731 0.218304 0.132723 
