1.066145 0.574553 0.432346 0.340442 0.302524 0.274054 0.245140 0.233486 0.235864 0.226927 0.208090 0.131925 
1.065432 0.579608 0.435584 0.334976 0.306401 0.268629 0.244788 0.240463 0.231598 0.222531 0.213084 0.132085 
1.059877 0.573438 0.433593 0.341232 0.299028 0.276300 0.242211 0.236279 0.237551 0.220542 0.214100 0.131505 
1.052683 0.585809 0.433930 0.324064 0.302813 0.269811 0.248789 0.238933 0.216691 0.222789 0.229453 0.129999 
1.312964 0.740333 0.553742 0.409002 0.272735 0.251608 0.279823 0.229211 0.169289 0.147207 0.119330 0.113372 
1.293530 0.773442 0.556858 0.410682 0.313375 0.263359 0.229572 0.193779 0.165853 0.159063 0.132776 0.119191 
1.426493 0.850288 0.570832 0.368626 0.258296 0.166594 0.162672 0.144692 0.148548 0.153249 0.132399 0.117829 
2.068347 1.606286 0.201042 0.182929 -0.591051 -0.196231 0.313385 -0.148728 0.015239 0.139152 -0.002254 -0.164414 
1.788945 1.281512 -0.151237 -0.149735 -0.587501 -0.306330 0.204173 -0.082030 0.168928 0.068285 0.050488 -0.095828 
1.735285 1.074664 -0.394544 -0.378859 -0.403892 -0.100125 0.241108 0.204102 0.278574 -0.082309 0.069397 -0.157445 
1.782584 0.805061 -0.413444 -0.234285 -0.323296 -0.055886 0.262482 0.152006 0.176886 -0.149080 0.059912 -0.058037 
2.014321 0.419917 -0.466157 -0.109280 -0.046718 -0.023910 0.249518 -0.024260 -0.006861 -0.116465 0.124642 0.136825 
2.258237 0.088320 -0.312150 0.113257 0.202916 0.017166 -0.086187 0.021844 0.014448 0.110257 0.134973 0.082703 
2.053139 0.052308 -0.078298 0.505897 0.067328 -0.105894 -0.118021 0.058870 -0.053281 0.001208 0.026857 0.058095 
2.275409 0.092240 0.217217 0.452067 0.061626 0.270993 0.200358 0.180010 0.009368 -0.024237 -0.067463 -0.005297 
2.288949 0.365414 0.224082 0.400840 0.203380 0.231327 0.325064 0.071251 -0.081069 0.013085 0.135219 0.103801 
1.329142 0.473783 0.317649 0.337738 0.316485 0.338280 0.325554 0.291566 0.216124 0.109907 0.104526 0.127003 
1.106755 0.604342 0.432857 0.355916 0.317091 0.274172 0.259895 0.229718 0.207164 0.211591 0.200738 0.135890 
1.074607 0.592931 0.414704 0.334012 0.293539 0.272144 0.255023 0.233148 0.226329 0.221938 0.221447 0.131736 
1.066661 0.577567 0.418619 0.331023 0.294913 0.283058 0.250332 0.242195 0.234086 0.219596 0.213848 0.131164 
1.068697 0.575379 0.421022 0.345228 0.292007 0.269218 0.247131 0.237915 0.222119 0.221514 0.231441 0.130855 
1.079672 0.583919 0.421754 0.326793 0.289689 0.264470 0.252522 0.241855 0.228405 0.229573 0.217769 0.131294 
1.069626 0.577858 0.414748 0.344036 0.299799 0.267157 0.250210 0.240204 0.233362 0.220780 0.216860 0.131280 
