1.060464 0.579159 0.424169 0.337197 0.302716 0.270641 0.246378 0.242854 0.238334 0.216652 0.215294 0.131298 
1.069304 0.586600 0.425529 0.340848 0.303185 0.270926 0.246699 0.239809 0.221654 0.223646 0.218398 0.132275 
1.065003 0.581059 0.423613 0.342741 0.299064 0.271885 0.250880 0.232814 0.233072 0.219031 0.221105 0.131748 
0.966688 0.671408 0.339976 0.417268 0.236854 0.304346 0.229707 0.253113 0.209091 0.230520 0.226279 0.129781 
0.904667 0.622308 0.365324 0.382594 0.281518 0.274327 0.294761 0.166855 0.248809 0.253812 0.211633 0.117841 
0.912329 0.466506 0.454613 0.275782 0.311133 0.391646 0.264491 0.206338 0.209950 0.257481 0.163109 0.125183 
1.688561 -0.578110 1.063358 0.381264 0.256579 0.022621 -0.311338 -0.162480 0.053112 -0.100608 -0.288766 -0.055314 
1.703811 -0.383371 1.056384 0.959129 0.126828 -0.330933 0.087670 -0.082638 -0.111941 -0.121695 -0.176148 -0.009212 
2.283021 -0.355812 0.983512 1.516431 0.314905 -0.034543 0.038989 0.060775 0.097716 -0.006859 -0.158856 -0.056206 
1.642455 0.756365 0.832666 0.880995 0.397092 -0.064747 -0.039640 0.127012 0.061570 -0.158080 -0.055372 0.064043 
1.781160 -0.336142 0.261488 0.643746 0.321956 0.269470 0.318214 -0.030749 -0.093361 0.022575 0.055649 0.077017 
0.951334 0.373634 0.427763 0.294147 0.418770 0.336627 0.239286 0.224707 0.220146 0.200715 0.213043 0.118562 
0.941956 0.480939 0.446966 0.385592 0.281503 0.293788 0.218671 0.209468 0.224551 0.308897 0.179734 0.111277 
0.940885 0.494229 0.507948 0.402200 0.145746 0.377687 0.311091 0.126522 0.222468 0.357227 0.114128 0.110948 
1.031618 0.531984 0.466480 0.362579 0.246284 0.277696 0.306504 0.176454 0.212438 0.277766 0.203408 0.120779 
1.068822 0.577742 0.423298 0.345590 0.303718 0.260332 0.253610 0.240759 0.232254 0.220421 0.215111 0.132029 
