1.120740 0.616191 0.452433 0.361966 0.302894 0.269510 0.242535 0.225585 0.219234 0.208887 0.201210 0.136760 
1.124883 0.620285 0.454688 0.365823 0.307252 0.268385 0.238976 0.225045 0.220284 0.207994 0.201637 0.137593 
1.105267 0.609831 0.442126 0.351804 0.303235 0.269102 0.243521 0.228042 0.221036 0.216076 0.213540 0.136502 
1.116436 0.608521 0.455681 0.377972 0.314874 0.263042 0.254012 0.223019 0.201293 0.211811 0.199342 0.136408 
1.028802 0.735823 0.374264 0.452490 0.325551 0.278241 0.256901 0.177713 0.201709 0.210198 0.172324 0.133214 
0.993604 0.677212 0.328858 0.423106 0.252423 0.340357 0.240916 0.193785 0.166433 0.275305 0.152885 0.138331 
0.989909 0.277342 0.728186 0.896925 0.036252 0.149740 0.079022 -0.174840 0.052381 0.108578 -0.107429 -0.159124 
0.934041 0.255946 0.815315 0.785696 0.102536 -0.056797 -0.003782 -0.187754 0.001385 0.070225 -0.214790 -0.186198 
0.873126 0.198457 0.864780 0.814479 0.020267 -0.034834 -0.105282 -0.185180 -0.034994 0.029794 -0.266048 -0.185440 
1.272432 0.119755 0.607135 0.783630 0.159343 0.059891 0.058004 -0.364858 -0.057997 0.073256 -0.041978 -0.257378 
2.525880 -0.047304 0.277253 0.133954 -0.228779 0.172319 0.136028 0.017152 -0.210174 -0.205068 -0.020928 0.117573 
2.798072 0.192817 0.626231 -0.021271 -0.160791 -0.348132 0.202299 0.115337 -0.193842 0.043269 -0.002913 -0.073353 
3.285959 0.355010 0.446032 0.196683 -0.617951 -0.159394 0.197344 0.074363 -0.059866 0.117126 0.049312 -0.109718 
2.924721 0.776818 0.372916 0.017338 -0.440405 -0.139343 0.368755 0.200213 -0.121794 0.104082 0.121777 -0.087351 
2.234800 1.093043 0.280676 -0.142497 -0.177758 -0.007515 0.127952 0.136843 0.094731 0.027394 -0.021685 -0.016740 
1.098405 0.593059 0.423476 0.337738 0.292520 0.268547 0.251045 0.238857 0.228607 0.217478 0.216750 0.133898 
1.086660 0.590788 0.432916 0.339945 0.297409 0.274884 0.243299 0.230774 0.229345 0.217474 0.221043 0.133872 
1.083025 0.586870 0.422298 0.342398 0.295178 0.270144 0.248320 0.233720 0.226214 0.224489 0.221054 0.132921 
1.078589 0.586644 0.422286 0.344836 0.295847 0.268603 0.251732 0.234748 0.229214 0.221679 0.219117 0.132863 
1.076790 0.583764 0.419431 0.342897 0.298157 0.270589 0.251664 0.235956 0.230299 0.222961 0.218033 0.132634 
