1.072731 0.582170 0.421455 0.342640 0.297595 0.271676 0.249370 0.236709 0.230000 0.224050 0.218623 0.132331 
1.072816 0.583977 0.421174 0.342188 0.299345 0.268894 0.253231 0.235700 0.229149 0.223738 0.217952 0.132446 
1.071728 0.581615 0.421598 0.341935 0.298994 0.270573 0.251998 0.238075 0.229200 0.220816 0.219815 0.132275 
1.073987 0.582406 0.420967 0.344416 0.297712 0.271543 0.251253 0.239280 0.229217 0.223797 0.215137 0.132600 
1.074829 0.582496 0.421135 0.343823 0.297368 0.270671 0.250771 0.238202 0.230671 0.223414 0.216241 0.132573 
1.113570 0.508204 0.543389 0.445239 0.219393 0.257902 0.289390 0.202103 0.198120 0.213254 0.214978 0.128465 
0.848157 -0.133445 0.980209 0.640928 -0.301034 -0.062924 0.125277 -0.127674 -0.070149 -0.044072 0.008713 0.072024 
0.501907 -0.135249 0.955307 0.598892 -0.339372 -0.081074 0.124582 -0.188050 -0.121253 -0.088072 -0.052394 -0.040751 
0.618007 -0.128939 1.058671 0.572051 -0.341914 -0.132704 0.246396 -0.121112 -0.282386 -0.041811 -0.016887 -0.141508 
0.738419 -0.037437 1.266503 0.601249 -0.296973 -0.001345 0.292146 -0.230764 -0.241544 -0.007717 -0.100448 -0.180412 
0.578901 0.146061 1.378497 0.559759 0.048418 0.171589 0.129376 -0.036589 -0.133473 -0.058156 -0.013959 -0.144847 
0.711827 0.263281 1.736021 1.220143 -0.104190 0.032434 0.628280 -0.242481 0.055298 -0.087736 0.046576 -0.114801 
1.199543 0.314362 1.037494 0.789718 -0.060125 0.144450 0.387516 0.056963 0.019154 0.042181 0.046163 0.016647 
1.229298 0.698228 0.573327 0.458853 0.314365 0.279870 0.253675 0.173284 0.134129 0.152306 0.154827 0.114579 
1.071766 0.523475 0.418971 0.381243 0.319708 0.256029 0.221293 0.239136 0.258428 0.228991 0.198509 0.129109 
1.077563 0.576353 0.425229 0.345457 0.299555 0.270424 0.250904 0.238661 0.231252 0.219380 0.216126 0.132730 
1.072883 0.579234 0.423419 0.345687 0.296011 0.270460 0.252094 0.236790 0.233511 0.220492 0.216808 0.132404 
1.075404 0.585420 0.420763 0.344952 0.299358 0.269887 0.250488 0.238858 0.226503 0.223514 0.216906 0.132789 
