1.016428 0.569544 0.453887 0.365539 0.271310 0.254018 0.244430 0.241971 0.230769 0.198093 0.233069 0.126355 
0.969156 0.569651 0.447488 0.329337 0.299292 0.270706 0.220035 0.268420 0.215486 0.251099 0.199074 0.123777 
0.988838 0.581521 0.446241 0.324941 0.303996 0.258758 0.265759 0.181984 0.270426 0.241926 0.187221 0.129002 
1.001215 0.598253 0.372997 0.314647 0.331615 0.273637 0.272534 0.233570 0.224393 0.175125 0.247060 0.121448 
1.181543 0.194976 0.336051 0.403103 0.338439 0.161980 0.232129 0.408872 0.300437 0.127160 0.017697 0.112923 
0.745388 0.098613 0.538252 0.496365 0.229759 0.309398 0.299815 0.168373 0.336693 0.261632 -0.047663 0.125741 
0.663658 -0.261579 0.551274 0.631291 0.180895 0.282446 0.220946 0.211608 0.437576 0.096531 -0.031284 0.175476 
1.898254 0.078149 0.698423 0.744391 0.118789 -0.194444 -0.119828 -0.076493 -0.030110 -0.180237 -0.188452 -0.039051 
1.181090 -0.050728 0.794863 0.914017 -0.154815 -0.149360 -0.153123 -0.043361 -0.151011 -0.257139 -0.167667 -0.001825 
0.805704 -0.030194 0.717843 0.846856 -0.314427 -0.250195 -0.157991 -0.023881 -0.249701 -0.316706 -0.057489 0.020890 
0.863524 0.142674 0.962747 0.743010 -0.185375 -0.208934 -0.131994 -0.036576 -0.256122 -0.256915 -0.066351 -0.060898 
1.055868 0.301716 1.061453 0.880651 -0.075034 -0.117866 -0.064142 -0.024257 -0.252184 -0.295464 -0.000412 -0.114528 
1.629710 0.376765 0.917171 0.828220 -0.124673 0.003560 0.034972 0.001015 -0.312547 -0.169985 -0.034779 -0.116141 
2.067179 0.646774 0.845928 0.814888 -0.339844 -0.040208 0.118829 0.023924 -0.288944 -0.150951 -0.037653 -0.107571 
1.955235 0.942565 1.258960 1.115197 -0.151500 -0.052727 0.262193 -0.030411 -0.276030 -0.072078 0.033619 -0.138672 
1.610364 1.049998 0.808436 0.592686 0.403274 0.262839 0.162788 0.069825 0.023774 0.005989 0.048857 -0.003498 
1.181405 0.732156 0.514459 0.405464 0.335910 0.216943 0.261793 0.196265 0.116450 0.169291 0.153121 0.120009 
1.073545 0.674925 0.457724 0.319224 0.365583 0.242083 0.213976 0.227833 0.175096 0.202251 0.210127 0.128319 
0.992412 0.600446 0.466906 0.346273 0.292214 0.228401 0.265708 0.227227 0.170031 0.246871 0.239737 0.122550 
1.051287 0.614243 0.452646 0.329018 0.263205 0.276910 0.233017 0.254757 0.186844 0.241909 0.212622 0.129643 
1.011010 0.564614 0.468159 0.316742 0.298915 0.280481 0.267877 0.196333 0.224505 0.229706 0.218228 0.126982 
1.003387 0.591137 0.428988 0.328447 0.273197 0.311622 0.272591 0.211448 0.255943 0.216277 0.178877 0.130050 
1.017637 0.622105 0.431738 0.353536 0.280368 0.270587 0.229821 0.231591 0.170106 0.250666 0.220987 0.127119 
