1.075050 0.582238 0.421115 0.342727 0.300837 0.268006 0.251005 0.238896 0.229147 0.223370 0.217247 0.132569 
1.076040 0.583019 0.421464 0.343857 0.297723 0.269801 0.250481 0.238988 0.226797 0.224270 0.218410 0.132661 
1.073443 0.582226 0.420460 0.343571 0.297975 0.269691 0.251963 0.240158 0.227589 0.224719 0.216190 0.132438 
1.074610 0.583290 0.420701 0.343531 0.298389 0.268723 0.253052 0.237472 0.229355 0.222881 0.217878 0.132585 
1.063739 0.505356 0.503532 0.364915 0.243257 0.284215 0.254030 0.203249 0.238404 0.244299 0.206289 0.128062 
1.105068 0.552619 0.404688 0.325930 0.259349 0.260561 0.284342 0.247725 0.204046 0.224939 0.245653 0.128857 
2.662973 0.129367 0.073236 0.099658 -0.404761 0.075991 0.274469 0.045242 -0.131698 0.162302 0.232511 0.125586 
2.548594 0.022431 0.054499 -0.000402 -0.347138 0.203464 0.137095 -0.100563 -0.203051 0.179536 0.281544 0.217904 
2.365398 -0.196571 0.129433 0.140004 -0.266965 0.129623 0.129797 -0.165655 -0.197361 0.189604 0.328077 0.209651 
2.396644 -0.400576 0.432169 0.348228 -0.047253 -0.158762 -0.077846 -0.126733 -0.025271 0.209170 0.116261 -0.052466 
1.889092 -0.170629 0.885735 0.512029 0.229416 -0.272402 -0.152594 0.000506 -0.007609 -0.052547 -0.084617 0.106467 
1.954016 0.014727 0.918413 0.529247 0.182778 -0.070329 0.042764 0.006003 0.017748 0.120075 0.107509 0.093705 
2.250210 0.118750 0.773793 0.734545 0.244433 -0.049606 -0.143134 0.110648 -0.079632 -0.022405 0.106793 -0.000787 
1.864912 0.876262 0.803054 0.791859 0.413269 -0.016103 0.001784 0.151056 0.074082 0.023085 -0.020124 0.073960 
1.089024 0.591665 0.430768 0.350786 0.299928 0.267781 0.250097 0.233579 0.221338 0.218901 0.218468 0.134373 
1.078252 0.583091 0.420919 0.343541 0.298160 0.271687 0.251510 0.236548 0.228439 0.223636 0.216914 0.132829 
1.074115 0.584302 0.418825 0.346739 0.295650 0.270992 0.249349 0.238242 0.228497 0.222946 0.219798 0.132538 
1.073325 0.584720 0.419238 0.344640 0.298423 0.270322 0.250642 0.239328 0.229481 0.221947 0.218214 0.132619 
1.074686 0.582358 0.420841 0.343871 0.298099 0.270775 0.251176 0.237725 0.230179 0.221002 0.219288 0.132588 
1.074763 0.582290 0.422560 0.343792 0.298091 0.270124 0.249962 0.238336 0.229457 0.222800 0.218100 0.132618 
