1.080912 0.586151 0.423484 0.344522 0.299468 0.267501 0.248740 0.237380 0.228699 0.221967 0.218225 0.133191 
1.078434 0.584391 0.425295 0.343183 0.297980 0.269869 0.249906 0.237610 0.227930 0.222216 0.218074 0.133010 
1.078369 0.583752 0.424016 0.344210 0.296934 0.271193 0.251311 0.235927 0.228887 0.223053 0.217133 0.133005 
1.077956 0.583262 0.422513 0.342776 0.299424 0.270240 0.249160 0.239456 0.229807 0.221094 0.217654 0.132881 
1.077317 0.583302 0.422325 0.343987 0.296941 0.270113 0.250550 0.237623 0.228357 0.223787 0.217959 0.132783 
1.084806 0.588485 0.429719 0.348001 0.298636 0.267435 0.249051 0.236357 0.227498 0.218017 0.217374 0.133873 
1.348724 0.138005 0.940016 0.728374 -0.052030 0.022306 0.181116 0.099776 0.151020 0.075139 0.124439 0.189327 
0.300724 -0.073534 0.951980 0.614525 -0.195288 -0.300107 0.153437 -0.160289 0.073800 -0.102593 0.021195 0.162075 
0.432471 -0.074189 0.944184 0.662157 -0.264144 -0.250319 0.169823 -0.158824 -0.084460 -0.162861 -0.002023 0.075832 
0.622083 0.014271 0.962290 0.766868 -0.248181 -0.235497 0.257882 -0.297501 -0.077729 -0.180465 -0.031332 -0.086134 
0.795393 0.087439 1.076590 0.780474 -0.168314 -0.150212 0.367511 -0.263665 -0.099939 -0.153539 -0.034372 -0.083503 
0.676101 0.158288 1.161110 0.697421 0.012927 -0.003499 0.261242 -0.086173 -0.052094 -0.112752 -0.065836 0.012294 
0.873211 0.299827 1.140537 0.847783 0.061997 -0.075572 0.295315 -0.031338 -0.039121 -0.167853 -0.006606 0.015335 
0.871833 0.393047 1.108991 0.960957 0.022382 -0.212076 0.511089 -0.109224 -0.040615 -0.124502 0.080542 -0.023629 
1.158890 0.462206 0.923963 0.893848 0.005058 -0.020442 0.539454 -0.077961 -0.000311 0.002416 0.173128 -0.098945 
1.093910 0.567166 0.449256 0.363541 0.298713 0.257629 0.223944 0.231047 0.239350 0.222628 0.212726 0.133666 
1.083065 0.586947 0.424879 0.346832 0.299205 0.269074 0.251031 0.237213 0.225411 0.219492 0.219091 0.133621 
1.080346 0.584107 0.424022 0.345885 0.297807 0.266726 0.251778 0.238599 0.226115 0.221738 0.218918 0.133109 
1.080323 0.585371 0.422522 0.343021 0.298663 0.269816 0.250282 0.237735 0.228036 0.222529 0.217656 0.133099 
1.077317 0.584454 0.422616 0.342383 0.296714 0.270299 0.251255 0.236857 0.229390 0.222556 0.218299 0.132773 
1.078767 0.584580 0.422785 0.342848 0.297680 0.270046 0.250948 0.237219 0.229658 0.221835 0.217753 0.132946 
1.079480 0.585024 0.423425 0.343591 0.298204 0.268979 0.248477 0.237694 0.230599 0.221713 0.217948 0.133030 
