1.076713 0.582444 0.421143 0.343749 0.297313 0.270315 0.251412 0.238492 0.229271 0.222676 0.218229 0.132739 
1.077412 0.582226 0.421247 0.343172 0.297775 0.270267 0.251133 0.238108 0.229080 0.223568 0.217995 0.132755 
1.076966 0.582261 0.420800 0.342746 0.298453 0.269921 0.251050 0.238867 0.229256 0.222799 0.218280 0.132706 
1.077305 0.582343 0.421733 0.342443 0.298016 0.269992 0.251142 0.238756 0.229232 0.222178 0.218740 0.132746 
1.076822 0.583018 0.421394 0.343331 0.298501 0.270305 0.250604 0.237963 0.229062 0.223118 0.218108 0.132780 
1.076368 0.582343 0.421192 0.343243 0.298545 0.269278 0.251523 0.238336 0.229335 0.222526 0.218550 0.132694 
1.110095 0.604241 0.431285 0.344495 0.293629 0.265562 0.248660 0.234467 0.225210 0.218439 0.213100 0.135611 
1.873001 1.081980 0.561963 0.174156 0.014630 -0.000297 0.088157 0.163929 0.174174 0.111176 0.006329 -0.028714 
2.446996 1.183386 0.440245 0.067269 -0.423850 -0.171410 0.414231 -0.233766 0.111695 0.151358 0.054769 -0.144891 
1.700584 1.418017 0.219894 -0.079922 -0.642459 -0.090056 0.268662 -0.125469 0.188709 0.154596 0.011202 -0.073512 
1.749257 1.124243 -0.364862 -0.117919 -0.698871 0.216801 0.257338 -0.113081 0.150895 0.056996 0.052940 -0.033179 
1.794168 0.912863 -0.320383 -0.142861 -0.548243 0.209773 0.365644 0.008770 0.153325 0.103508 0.134081 0.042235 
2.221475 0.651699 -0.498456 0.063864 -0.302400 0.250972 0.272688 -0.107698 0.049260 0.113814 0.383455 0.144387 
2.404670 0.071825 -0.470251 0.290825 -0.114751 0.139892 0.127139 -0.097807 0.073024 0.291399 0.340736 0.074870 
2.426673 -0.008812 0.209016 0.342672 0.011666 0.136827 0.057402 -0.039305 0.051423 0.202755 0.085721 -0.021240 
1.839887 0.692361 0.299526 0.263721 0.231537 0.165529 0.122495 0.079182 0.120197 0.241400 0.164645 0.117621 
1.566614 0.746437 0.358239 0.269462 0.330073 0.350331 0.267983 0.157548 0.105210 0.116247 0.145769 0.134641 
1.092200 0.594773 0.430149 0.349260 0.300936 0.269227 0.249186 0.235283 0.224972 0.218225 0.212578 0.134694 
1.077992 0.582975 0.421431 0.343086 0.297841 0.269150 0.250648 0.239031 0.229336 0.222779 0.218311 0.132805 
1.076789 0.582707 0.421056 0.342782 0.298429 0.269332 0.251365 0.238077 0.229659 0.223289 0.218123 0.132723 
1.076770 0.583034 0.421962 0.343297 0.298003 0.270451 0.251534 0.237832 0.229784 0.222436 0.217670 0.132831 
1.077265 0.582333 0.421422 0.343321 0.297897 0.269063 0.251657 0.238704 0.229245 0.222701 0.218360 0.132755 
1.077250 0.582160 0.421027 0.343338 0.298219 0.269838 0.251187 0.239044 0.229084 0.223137 0.217635 0.132754 
1.076739 0.582828 0.420800 0.342521 0.298408 0.270369 0.251198 0.238441 0.229661 0.222923 0.217784 0.132732 
