1.072400 0.585754 0.421057 0.338983 0.294292 0.264293 0.249552 0.240965 0.226366 0.229651 0.218545 0.131883 
1.075586 0.592699 0.418972 0.339983 0.294549 0.264366 0.248254 0.238681 0.229600 0.223012 0.221742 0.132355 
1.068220 0.576648 0.424605 0.341672 0.293945 0.263607 0.253127 0.245545 0.225803 0.224310 0.220181 0.131467 
1.066532 0.581868 0.427743 0.338525 0.298525 0.260749 0.252677 0.240301 0.230779 0.231357 0.211369 0.131893 
1.064414 0.582601 0.421578 0.342966 0.295780 0.264711 0.251883 0.238929 0.234256 0.222484 0.217570 0.131510 
1.068517 0.579377 0.424749 0.340361 0.296170 0.267001 0.249339 0.239064 0.234406 0.224218 0.216555 0.131741 
1.337212 0.605357 0.043749 0.424668 0.327415 0.113885 0.048610 0.131622 -0.152598 0.039448 0.017904 0.143046 
1.956371 0.061701 0.340867 -0.290903 0.048186 -0.157151 0.173831 0.363971 -0.254099 -0.228102 -0.125438 -0.169537 
2.131124 0.281345 0.584424 -0.413764 -0.240976 -0.294939 0.188741 0.313924 -0.309882 -0.115483 0.053712 -0.177390 
2.363404 0.236398 0.626043 -0.375631 -0.113994 -0.320495 0.051968 0.355033 -0.274443 -0.096750 0.074666 -0.133581 
2.244086 0.427719 0.732675 -0.151939 -0.094665 -0.560496 0.174708 0.248914 -0.265229 0.076123 0.057095 -0.004898 
2.759591 0.662682 0.713166 -0.141809 -0.339320 -0.344444 0.167073 0.316837 -0.215783 -0.080814 0.055481 -0.225880 
3.153479 0.692978 0.588463 0.428545 -0.344255 -0.301633 0.271943 0.184948 -0.130125 -0.183684 -0.064738 -0.201854 
2.925366 1.108808 0.522996 0.255388 -0.241552 -0.229910 0.298590 0.267635 -0.211185 -0.091109 -0.044780 -0.192067 
2.451252 1.402801 0.630296 0.107449 -0.071336 0.013344 0.168711 0.186176 0.062866 -0.066412 -0.116555 -0.187629 
2.281876 1.379626 0.699091 0.213183 0.017276 0.056657 0.196444 0.246159 0.104668 -0.073124 -0.025508 -0.126459 
1.852062 1.224737 0.847000 0.553108 0.316892 0.153711 0.049788 0.018398 -0.005474 0.003103 -0.008694 0.009763 
1.118450 0.615287 0.440837 0.340631 0.287767 0.259608 0.238424 0.224641 0.218314 0.211009 0.205998 0.132943 
1.079078 0.605199 0.426357 0.349085 0.293423 0.262502 0.242708 0.235924 0.221407 0.227705 0.218047 0.133719 
1.075062 0.589592 0.424338 0.341070 0.298856 0.262742 0.250094 0.234636 0.228820 0.224483 0.220293 0.132614 
1.066616 0.581953 0.420040 0.340678 0.291916 0.270301 0.250460 0.244288 0.227685 0.225717 0.217542 0.131473 
1.072236 0.579977 0.419715 0.347063 0.288459 0.267037 0.249939 0.240295 0.224479 0.231888 0.218244 0.131640 
1.062456 0.586812 0.419601 0.339345 0.299685 0.265270 0.250266 0.235754 0.234448 0.223680 0.219390 0.131428 
1.059796 0.590743 0.419521 0.341674 0.301153 0.265737 0.247528 0.245421 0.225698 0.225488 0.216430 0.131732 
