1.076685 0.582908 0.420622 0.344149 0.297950 0.269784 0.251250 0.239010 0.227859 0.223447 0.218094 0.132742 
1.075437 0.582211 0.420901 0.342804 0.297872 0.269720 0.252192 0.238196 0.229660 0.222735 0.218046 0.132570 
1.077295 0.583145 0.420993 0.343321 0.297420 0.270810 0.250415 0.237789 0.228323 0.223682 0.218315 0.132717 
1.076940 0.582362 0.422096 0.343887 0.297898 0.268641 0.252210 0.237895 0.228540 0.222415 0.218862 0.132737 
1.077930 0.582545 0.421801 0.343976 0.297534 0.269891 0.249409 0.238707 0.228942 0.223187 0.218702 0.132809 
1.082251 0.578295 0.413388 0.341861 0.292618 0.261944 0.260168 0.241929 0.224752 0.217612 0.227227 0.131926 
2.591558 0.268390 -0.174727 0.108187 -0.213621 -0.090309 0.370302 0.064211 0.013129 0.067253 0.267346 0.164093 
2.357378 -0.171741 -0.120052 0.115388 -0.194243 0.011166 0.204061 -0.036280 -0.178226 0.155960 0.364974 0.222042 
2.108297 -0.375632 0.385298 0.485882 -0.026752 -0.274057 -0.077725 -0.051724 -0.002576 0.196598 0.134162 -0.011198 
1.586197 -0.098052 1.040915 0.416829 0.283008 -0.093417 -0.214891 -0.048334 0.102242 -0.132874 -0.082435 0.190107 
1.667607 -0.060931 1.108374 0.650127 0.222423 -0.222376 0.041614 -0.107987 0.041463 0.007276 -0.156447 0.159429 
1.967167 0.266089 0.617011 0.474505 0.393557 -0.079630 0.151574 -0.077814 -0.053156 -0.105689 0.025615 0.185407 
1.660713 0.670250 0.808922 0.852398 0.264139 -0.061710 0.107167 0.108348 -0.025857 0.035788 0.082747 0.081445 
1.189900 0.634075 0.456435 0.389208 0.324758 0.243763 0.188970 0.189033 0.206337 0.208476 0.211483 0.135755 
1.080759 0.585108 0.422176 0.345329 0.298128 0.270451 0.249403 0.238117 0.227856 0.221621 0.217540 0.133148 
1.078348 0.583685 0.421608 0.343827 0.298205 0.269609 0.249096 0.237914 0.229263 0.222701 0.218407 0.132816 
1.077763 0.581845 0.421681 0.343101 0.298474 0.270032 0.249829 0.237097 0.231085 0.222441 0.218172 0.132717 
1.076848 0.583647 0.420922 0.343623 0.298372 0.269618 0.251115 0.239568 0.227713 0.223046 0.218135 0.132815 
1.076403 0.581966 0.421071 0.342761 0.298316 0.269554 0.251063 0.238435 0.229627 0.221632 0.219720 0.132628 
