1.075916 0.581767 0.421304 0.343221 0.299026 0.269941 0.251095 0.238302 0.229960 0.222155 0.218237 0.132671 
1.076744 0.582264 0.420534 0.343727 0.298973 0.270210 0.251571 0.238048 0.229038 0.222351 0.218273 0.132741 
1.077349 0.582591 0.420231 0.343302 0.298675 0.269671 0.252305 0.238637 0.228535 0.221933 0.218763 0.132761 
1.076335 0.581826 0.421637 0.343064 0.298478 0.270707 0.251028 0.238741 0.229281 0.222470 0.217903 0.132720 
1.077051 0.582892 0.421443 0.342551 0.298189 0.269619 0.251701 0.238298 0.228806 0.223165 0.218209 0.132752 
1.076781 0.582653 0.420875 0.343061 0.298136 0.270463 0.251563 0.238727 0.229179 0.222716 0.217917 0.132768 
1.095879 0.596270 0.430165 0.348194 0.300228 0.271803 0.253304 0.236081 0.222450 0.218470 0.210713 0.135192 
1.312280 0.725868 0.470439 0.292776 0.220923 0.235334 0.218060 0.189048 0.179304 0.158494 0.097141 0.099755 
1.451124 1.604148 0.342111 -0.075746 -0.687539 0.021485 0.182241 -0.158893 0.283358 0.186073 -0.044087 -0.030976 
1.431527 1.340798 -0.141609 -0.186287 -0.760524 0.205181 0.066679 -0.070350 0.301965 0.058796 -0.034701 0.023710 
1.689209 1.271864 -0.324410 -0.273726 -0.594908 0.261855 0.197645 0.099351 0.240051 0.072201 0.056869 0.073837 
1.908049 0.826509 -0.474251 -0.066799 -0.330389 0.319895 0.210456 -0.029676 0.021401 0.089033 0.203581 0.170333 
1.848544 0.378282 -0.396338 0.080812 -0.082294 0.190992 0.131800 -0.155299 0.134710 0.210062 0.317947 0.102658 
2.091421 0.103968 0.041699 0.236994 0.001704 0.230534 -0.142759 -0.143042 0.110453 0.252341 0.123275 0.105638 
2.085546 0.303889 0.398579 0.330277 -0.022676 0.321226 -0.037658 0.053751 0.190110 0.193690 0.047922 0.119458 
1.832417 0.479735 0.435576 0.346235 0.204117 0.336786 0.272146 0.081324 0.082653 0.194375 0.067398 0.035676 
1.156012 0.614888 0.453073 0.352714 0.298621 0.281848 0.248047 0.220689 0.210552 0.199694 0.206096 0.137880 
1.078968 0.584328 0.422784 0.343715 0.299372 0.271157 0.251183 0.238221 0.228418 0.221972 0.216142 0.133137 
1.078022 0.583002 0.421226 0.342616 0.298863 0.270244 0.251503 0.238155 0.228786 0.222732 0.217930 0.132854 
1.076435 0.582345 0.420702 0.343285 0.298270 0.269763 0.251515 0.238351 0.229300 0.222402 0.218730 0.132680 
1.077472 0.582173 0.421678 0.343815 0.298062 0.269740 0.250879 0.238010 0.229719 0.222536 0.218322 0.132794 
1.077551 0.582556 0.420850 0.342863 0.299064 0.269962 0.251193 0.238781 0.229215 0.222640 0.217686 0.132794 
1.077088 0.581364 0.421561 0.343407 0.298086 0.269424 0.251911 0.238776 0.229554 0.221338 0.218942 0.132715 
