1.051312 0.579806 0.431619 0.337494 0.315298 0.252364 0.266408 0.238580 0.219741 0.225240 0.210854 0.131383 
1.045437 0.579416 0.428012 0.340223 0.302544 0.268366 0.250200 0.237231 0.226687 0.222847 0.219504 0.130017 
1.051331 0.576976 0.430353 0.360848 0.295692 0.262814 0.251129 0.249779 0.212156 0.224428 0.216358 0.131234 
1.050069 0.574535 0.429003 0.342281 0.297243 0.271410 0.248428 0.240582 0.230988 0.219538 0.218726 0.130312 
1.040617 0.587918 0.422104 0.351280 0.298882 0.265367 0.255954 0.234744 0.226957 0.238056 0.202288 0.131148 
1.043771 0.574967 0.429216 0.349304 0.288518 0.271162 0.260114 0.233727 0.227140 0.233545 0.207969 0.130170 
1.683998 0.393392 0.054813 0.542202 0.287469 -0.129519 -0.011057 0.024518 -0.334591 0.031879 0.001690 0.043608 
2.074867 0.345481 0.185130 -0.161311 -0.003128 -0.464800 0.371126 0.216659 -0.255715 -0.156678 -0.162804 0.022822 
1.805471 0.664251 0.427930 -0.348450 -0.201673 -0.562498 0.339904 0.183381 -0.214449 -0.161854 -0.020275 -0.037166 
1.748089 0.667981 0.572253 -0.312669 -0.099337 -0.654741 0.202118 0.193871 -0.249462 -0.026298 0.039475 0.033105 
2.058325 0.699448 0.713777 -0.403457 -0.075193 -0.512611 0.166288 0.223890 -0.208622 -0.159950 -0.132679 -0.060983 
2.074707 0.886179 0.769435 -0.287165 -0.171752 -0.582963 0.210116 0.268910 -0.200393 -0.033895 -0.012109 -0.155841 
2.383484 0.816961 0.928731 -0.044896 -0.132964 -0.444357 0.185126 0.151043 -0.202985 -0.074815 -0.072907 -0.146396 
2.721830 1.067653 0.711128 -0.033411 -0.227205 -0.368596 0.135362 0.294398 -0.231792 0.049319 0.003166 -0.248077 
2.424210 1.124904 0.890775 0.032159 -0.104250 -0.215977 0.270885 0.343185 -0.203156 0.033643 -0.040472 -0.320862 
2.982040 1.591264 0.739732 0.169995 -0.250045 -0.037961 0.311328 0.091130 -0.029692 0.079116 -0.121933 -0.216545 
2.435192 1.419478 0.663926 0.095871 -0.000670 0.130187 0.147778 0.221273 0.131692 -0.034538 -0.059694 -0.127544 
1.242811 0.718571 0.528092 0.353711 0.303591 0.288233 0.280617 0.274661 0.214431 0.163631 0.092414 0.122030 
1.080243 0.611196 0.461784 0.345758 0.317733 0.257050 0.249266 0.242941 0.200686 0.216732 0.202492 0.134399 
1.056660 0.588173 0.451312 0.340014 0.304009 0.269385 0.248597 0.239617 0.217542 0.205101 0.225307 0.131687 
1.038266 0.594440 0.427223 0.348536 0.301254 0.270756 0.250209 0.230682 0.232229 0.228843 0.206271 0.131415 
1.057754 0.573555 0.431890 0.346071 0.298547 0.265124 0.255232 0.242196 0.233018 0.214039 0.216776 0.131482 
1.059311 0.569181 0.435856 0.339760 0.302645 0.272258 0.248167 0.235396 0.251201 0.214883 0.203248 0.131896 
1.043343 0.581662 0.425439 0.326806 0.289244 0.268622 0.246247 0.251283 0.233358 0.228024 0.215218 0.128951 
