1.075051 0.582657 0.420640 0.343679 0.299306 0.271230 0.250565 0.238715 0.228836 0.222868 0.217174 0.132666 
1.074993 0.580841 0.421526 0.342330 0.299188 0.270963 0.251152 0.237683 0.230359 0.222225 0.217984 0.132533 
1.076842 0.582509 0.419505 0.342839 0.299814 0.270960 0.250965 0.238668 0.228693 0.221203 0.219064 0.132684 
1.076352 0.581314 0.420650 0.342951 0.299783 0.271014 0.250973 0.237398 0.230245 0.222586 0.217249 0.132643 
1.077310 0.575467 0.423294 0.348076 0.294761 0.272116 0.257223 0.234416 0.226852 0.223412 0.217165 0.132569 
1.083614 0.574902 0.423263 0.345519 0.285031 0.258250 0.255018 0.239042 0.226284 0.223386 0.227935 0.131892 
2.516447 0.368887 -0.140937 0.081271 -0.387944 -0.142301 0.451637 0.108522 0.034673 0.070852 0.266128 0.076033 
2.341999 0.066799 -0.132664 -0.013772 -0.471337 -0.001574 0.319339 0.138431 -0.137492 0.129859 0.234197 0.124516 
2.294520 -0.293326 -0.031868 0.029269 -0.295796 0.090128 0.149108 -0.101771 -0.125624 0.269135 0.331781 0.151111 
2.119256 -0.438600 0.221889 0.332826 -0.082984 -0.152035 -0.039296 -0.133036 0.055917 0.255811 0.137872 0.060694 
2.064179 -0.248885 0.680083 0.465089 -0.028937 -0.263222 -0.077676 -0.098262 -0.011831 0.062118 -0.086609 0.009670 
1.806616 -0.070776 0.718377 0.611432 0.260240 -0.294749 0.058457 -0.147862 -0.037103 0.108091 -0.052738 0.021452 
2.117216 0.141738 0.620667 0.637537 0.357677 -0.165508 0.113749 -0.148795 -0.103682 0.099569 0.089531 0.033723 
1.686186 0.740922 0.632056 0.672880 0.388352 0.087151 0.003028 -0.021767 -0.006449 0.083739 0.078249 0.037645 
1.431924 0.703659 0.561946 0.547072 0.329122 0.070566 0.028593 0.067266 0.030983 0.048484 0.217496 0.119494 
1.101821 0.600575 0.436500 0.352664 0.298990 0.265309 0.246880 0.230611 0.219674 0.215227 0.218172 0.135364 
1.079562 0.583421 0.422093 0.343968 0.299445 0.270471 0.251612 0.236486 0.226947 0.221752 0.218781 0.132982 
1.075607 0.582844 0.421030 0.343295 0.298697 0.269533 0.251942 0.238893 0.228457 0.222235 0.218542 0.132684 
1.077778 0.580684 0.421224 0.342409 0.298491 0.271159 0.252310 0.237016 0.228667 0.221696 0.219455 0.132668 
1.075557 0.581412 0.422396 0.344266 0.297715 0.268890 0.252123 0.238546 0.229005 0.221142 0.219272 0.132620 
