1.068116 0.585322 0.424063 0.343225 0.296402 0.272270 0.250249 0.240609 0.224695 0.225582 0.216236 0.132356 
1.067316 0.583351 0.423858 0.341274 0.296379 0.271730 0.251416 0.235444 0.234415 0.218609 0.219635 0.132039 
1.070897 0.586146 0.419115 0.346229 0.294514 0.269936 0.251549 0.237619 0.227966 0.225549 0.217365 0.132340 
1.068070 0.585042 0.420896 0.344601 0.299097 0.269304 0.249567 0.241786 0.226407 0.222173 0.218882 0.132245 
1.067888 0.584752 0.425847 0.337006 0.303057 0.264269 0.254552 0.237642 0.228991 0.224354 0.216894 0.132249 
1.796850 0.392184 0.244711 0.269699 0.314712 -0.157428 0.285524 0.098110 -0.265672 -0.213798 0.043682 0.227592 
2.327697 0.449243 0.335461 -0.094977 0.017722 -0.525313 0.232469 0.233171 -0.087297 -0.126879 -0.198494 0.030944 
2.113203 0.791695 0.411281 -0.054952 -0.207560 -0.554136 0.442696 0.092720 -0.101236 -0.056911 -0.046028 -0.044808 
2.244595 0.912584 0.622095 -0.104024 -0.115135 -0.693681 0.348993 0.136820 -0.140021 -0.011198 -0.106427 0.028098 
2.263312 0.941009 0.769974 -0.026581 -0.237796 -0.556774 0.405073 0.021979 -0.105481 0.087451 -0.022590 -0.085210 
2.527876 1.169874 0.842422 0.029401 -0.178742 -0.574156 0.314474 0.092992 -0.191336 0.174171 0.014745 -0.090692 
2.519120 1.499207 0.672178 0.069500 0.023404 -0.089415 0.141154 0.126866 -0.030824 -0.015817 -0.134442 -0.159250 
2.641727 1.537128 0.698243 0.114005 -0.112949 -0.080609 0.059319 0.135625 0.108696 0.060192 -0.011024 -0.107563 
2.137606 1.319679 0.746183 0.309222 0.086529 0.056826 0.118344 0.148098 0.047142 -0.085405 -0.006228 -0.075641 
1.498438 0.964214 0.744271 0.576301 0.451757 0.337090 0.239576 0.175485 0.111821 0.086392 0.066158 0.041271 
1.095058 0.610311 0.443541 0.352287 0.310138 0.269205 0.244942 0.227848 0.218746 0.209550 0.208036 0.135075 
1.076548 0.585012 0.427027 0.348059 0.300287 0.267415 0.249675 0.236821 0.227386 0.215368 0.221801 0.133038 
1.067081 0.585870 0.425829 0.339750 0.302737 0.265525 0.252836 0.239035 0.226184 0.230727 0.211014 0.132439 
1.068852 0.588593 0.421498 0.346016 0.295406 0.273978 0.248805 0.236617 0.232285 0.218928 0.218029 0.132520 
1.069097 0.582653 0.424071 0.343966 0.301557 0.265963 0.255250 0.234398 0.230899 0.223910 0.215247 0.132413 
1.075146 0.589875 0.424712 0.346083 0.294328 0.270839 0.251358 0.232558 0.230305 0.220478 0.218910 0.132966 
