1.077100 0.582964 0.421323 0.342905 0.298146 0.269214 0.250677 0.238518 0.229412 0.222309 0.218925 0.132712 
1.076425 0.581991 0.420880 0.342877 0.298331 0.269310 0.251498 0.238503 0.228652 0.223244 0.218528 0.132606 
1.078574 0.584393 0.422182 0.342694 0.298792 0.269162 0.250474 0.237934 0.228097 0.224130 0.217714 0.132943 
1.077873 0.584091 0.421970 0.343077 0.298552 0.270007 0.250668 0.237811 0.228561 0.222572 0.218417 0.132897 
1.076479 0.582469 0.420881 0.342674 0.298133 0.269727 0.251385 0.237447 0.229612 0.223200 0.218587 0.132634 
1.076479 0.582842 0.422738 0.342396 0.298514 0.270347 0.250662 0.238458 0.229319 0.222335 0.217928 0.132767 
0.526613 0.151151 0.906706 0.647891 -0.156024 -0.077653 0.023754 -0.117201 0.120329 -0.247508 0.050136 0.206115 
0.501651 -0.021498 0.918086 0.615253 -0.157087 -0.099701 0.016165 -0.104880 0.090674 -0.259676 0.010642 0.212214 
0.668047 -0.057846 0.944440 0.750978 -0.191364 -0.185050 0.031340 -0.099249 -0.030127 -0.247552 0.051271 0.080698 
0.791437 -0.120856 1.063206 0.764851 -0.157292 -0.097460 0.187599 -0.151625 -0.099272 -0.181873 -0.064403 0.029521 
0.836491 0.094622 1.038837 0.815102 -0.074857 -0.051862 0.214014 -0.120212 -0.063002 -0.166600 -0.004185 -0.020769 
1.051646 0.308407 0.926453 0.915017 0.007315 -0.160973 0.307666 -0.032227 -0.080530 -0.153962 0.031670 -0.014878 
0.961325 0.383987 1.158719 1.057565 -0.140800 -0.087350 0.361503 -0.133714 -0.040958 -0.195505 0.053681 -0.044809 
1.370562 0.420902 0.883414 1.032159 0.022486 -0.070226 0.345890 0.122041 -0.050735 -0.102745 0.184885 0.043957 
1.319161 0.365513 0.679677 0.578793 0.169527 0.066672 0.315573 0.314537 0.099745 0.062994 0.207039 0.155697 
1.092049 0.446911 0.440426 0.469977 0.287423 0.193418 0.279849 0.208160 0.208301 0.298110 0.190755 0.115624 
1.078908 0.582980 0.422288 0.342831 0.299005 0.269274 0.250789 0.238232 0.229155 0.222628 0.217519 0.132900 
1.077146 0.583036 0.421687 0.343475 0.298013 0.269319 0.251557 0.238219 0.228211 0.223758 0.217667 0.132769 
1.077561 0.583631 0.423103 0.344187 0.298314 0.269243 0.250625 0.237544 0.229499 0.222185 0.218070 0.132932 
1.077156 0.581924 0.422520 0.342021 0.298643 0.269736 0.251628 0.237948 0.229247 0.223552 0.217430 0.132745 
1.077720 0.582713 0.422114 0.342244 0.299135 0.270702 0.251763 0.237782 0.229586 0.221821 0.217402 0.132855 
