1.070034 0.582984 0.420186 0.344593 0.296618 0.269897 0.251929 0.239662 0.224510 0.224016 0.219890 0.132098 
1.074751 0.581741 0.421268 0.344237 0.295178 0.269356 0.251629 0.237373 0.230620 0.221248 0.219837 0.132341 
1.073635 0.581907 0.424226 0.341793 0.298116 0.270147 0.251608 0.236930 0.231131 0.223890 0.215473 0.132526 
1.072260 0.583848 0.418167 0.344841 0.296417 0.269868 0.249400 0.239412 0.225927 0.225810 0.219612 0.132208 
1.072745 0.583470 0.422429 0.342660 0.298498 0.270360 0.250352 0.237022 0.232351 0.219926 0.218705 0.132472 
1.103072 0.589783 0.422911 0.318980 0.259759 0.248957 0.240154 0.230387 0.241758 0.250268 0.228398 0.132064 
2.650078 1.611028 0.737079 -0.262083 -0.361045 -0.220044 -0.016335 -0.050500 0.154632 0.213852 0.073867 0.099350 
2.820026 0.864806 0.853285 0.058821 -0.777781 -0.210304 0.086317 -0.094056 0.018120 0.248068 0.071284 -0.097784 
2.853262 0.378032 0.788331 -0.154055 -0.947519 0.084012 0.082295 -0.142899 0.093843 0.235139 -0.096834 -0.052397 
3.247621 -0.086904 0.518413 -0.052247 -0.853603 0.150606 0.350432 -0.159952 -0.119868 0.134873 -0.140506 -0.142694 
3.444214 -0.149146 0.445447 0.146745 -0.626468 0.208213 0.374312 -0.199601 -0.323003 0.034812 0.017586 -0.015078 
3.329534 0.336846 -0.098260 0.235993 0.058052 0.036147 0.232893 -0.196811 -0.321649 -0.068907 0.215000 0.121416 
2.346038 1.085193 0.338307 -0.012730 0.017996 0.079606 0.118031 0.088038 0.048573 -0.061142 -0.011655 0.026719 
1.382321 0.778037 0.540853 0.400148 0.306152 0.221989 0.136087 0.032778 0.024201 0.112172 0.267300 0.134919 
1.094296 0.589160 0.422718 0.349539 0.303373 0.278731 0.250084 0.230874 0.219650 0.215027 0.216883 0.134273 
1.075550 0.582634 0.423574 0.342488 0.296198 0.276218 0.251764 0.231315 0.227101 0.225865 0.216704 0.132578 
1.075598 0.585877 0.421551 0.343773 0.296086 0.269571 0.250351 0.235583 0.226330 0.225548 0.219861 0.132594 
1.075966 0.581005 0.419964 0.342037 0.299097 0.273364 0.251543 0.236388 0.228154 0.219244 0.221217 0.132432 
1.074691 0.583895 0.421840 0.343824 0.295845 0.270347 0.253074 0.236367 0.228860 0.220407 0.219793 0.132492 
1.070357 0.584328 0.420068 0.343995 0.297243 0.270079 0.251938 0.235883 0.230925 0.222493 0.218411 0.132222 
