1.075805 0.581509 0.421860 0.344889 0.295252 0.270202 0.250325 0.238503 0.227295 0.223079 0.220014 0.132472 
1.073403 0.585247 0.419903 0.342294 0.298359 0.271667 0.249805 0.241005 0.226872 0.223788 0.217382 0.132583 
1.074136 0.581330 0.421625 0.343482 0.297131 0.271617 0.250940 0.238905 0.227827 0.222880 0.218691 0.132470 
1.071253 0.578368 0.426884 0.341521 0.293233 0.273875 0.247539 0.237805 0.231512 0.222702 0.218742 0.132063 
1.077152 0.574791 0.421510 0.338960 0.289889 0.263181 0.247715 0.238283 0.235534 0.223560 0.224141 0.131225 
1.085585 0.462418 0.417242 0.376439 0.212789 0.199726 0.389671 0.299745 0.133665 0.186225 0.295404 0.120658 
2.547022 0.219193 -0.182296 0.096746 -0.301380 -0.085375 0.244975 0.212829 -0.057691 0.065438 0.240317 0.190329 
2.456456 -0.030418 -0.136918 0.091036 -0.273175 -0.050260 0.209837 0.077697 -0.164621 0.099051 0.325351 0.209696 
2.262106 -0.295771 0.019516 0.318282 -0.083008 -0.175926 -0.004707 -0.090344 -0.017413 0.158473 0.238547 0.159605 
2.091843 -0.386668 0.589798 0.500121 0.064323 -0.270501 -0.089769 -0.126822 -0.032406 0.112811 -0.007436 -0.004399 
1.793211 -0.164488 0.774656 0.415362 0.106105 -0.219383 0.042511 -0.148288 -0.057721 0.037534 -0.137392 0.057350 
2.230753 -0.226643 0.597582 0.551518 0.312950 -0.394663 0.124016 -0.100537 -0.234372 0.079567 -0.026669 0.028677 
2.262542 0.507456 0.366544 0.525878 0.230247 0.104138 0.158031 -0.083419 -0.194201 -0.083345 0.125562 0.117264 
1.887540 0.960028 0.512727 0.359499 0.282404 0.176244 0.093473 0.024205 -0.090873 -0.153651 0.068239 0.066961 
1.547267 0.985223 0.719442 0.490220 0.301190 0.112837 0.019616 -0.063149 -0.049948 -0.018653 0.076150 0.041064 
1.084629 0.583251 0.421788 0.341110 0.300474 0.272887 0.256423 0.234416 0.223658 0.219425 0.218478 0.133197 
1.076010 0.583099 0.419638 0.345596 0.298388 0.270369 0.248877 0.239848 0.230083 0.223166 0.215465 0.132659 
1.072718 0.584589 0.423352 0.340316 0.300142 0.269312 0.249880 0.236950 0.228266 0.222513 0.220768 0.132467 
1.076614 0.582066 0.422821 0.343621 0.297464 0.267328 0.252175 0.237714 0.227222 0.224273 0.219145 0.132616 
1.074981 0.582127 0.420460 0.342737 0.298385 0.270180 0.251628 0.236844 0.229914 0.222324 0.219203 0.132479 
