1.061803 0.578921 0.427525 0.348263 0.288352 0.266408 0.253117 0.240966 0.226305 0.224289 0.217461 0.131173 
1.063531 0.578686 0.440297 0.336921 0.297798 0.273403 0.248647 0.236191 0.231505 0.220508 0.212830 0.131989 
1.063045 0.578939 0.429491 0.341178 0.299768 0.271041 0.248243 0.240434 0.228461 0.220053 0.217122 0.131600 
1.055612 0.586821 0.427344 0.334169 0.299019 0.278191 0.241023 0.243843 0.225259 0.219627 0.222165 0.131001 
1.057854 0.588172 0.427273 0.345920 0.300931 0.272186 0.240357 0.244214 0.225249 0.221631 0.217605 0.131875 
1.052618 0.597012 0.426885 0.333098 0.312342 0.265038 0.246471 0.237008 0.227262 0.212721 0.225921 0.131056 
1.418292 0.722271 0.177220 0.129966 0.508998 -0.183811 0.338783 0.030817 -0.194340 -0.191863 -0.007037 0.243162 
1.798552 0.694668 0.370724 -0.416805 0.130939 -0.611071 0.074713 0.345643 -0.108362 -0.211527 -0.191370 -0.042724 
1.786667 0.626257 0.652464 -0.464005 0.276940 -0.657756 -0.008813 0.389018 -0.187418 -0.206845 -0.164270 0.049450 
1.841534 0.806202 0.612798 -0.451144 0.278060 -0.693121 0.019025 0.410849 -0.138988 -0.176530 -0.176234 -0.027096 
2.067688 0.509349 0.888260 -0.435750 -0.012661 -0.482636 0.038431 0.415181 -0.119840 -0.114393 -0.066506 -0.072039 
2.294514 0.572806 0.798592 -0.180704 0.007993 -0.542781 0.037471 0.453153 -0.081117 -0.091880 -0.049637 -0.063572 
2.358369 0.860156 0.854465 0.010787 -0.028420 -0.448660 -0.057814 0.322552 -0.181892 -0.162118 0.035031 -0.096570 
2.762588 1.148203 0.673381 0.276466 -0.095111 -0.374265 0.122146 0.380432 -0.098564 -0.108121 -0.035997 -0.115442 
2.602217 1.379847 0.572421 0.138600 -0.023631 -0.009386 0.124278 0.147256 0.023715 -0.043781 -0.121403 -0.168629 
2.224439 1.331698 0.668764 0.183071 -0.032224 -0.027872 0.101731 0.178124 0.100307 -0.036851 -0.011200 -0.109809 
1.852003 1.169828 0.766519 0.459124 0.292041 0.209732 0.185484 0.162732 0.095396 0.035988 0.036885 0.010564 
1.219612 0.735412 0.560282 0.437463 0.355207 0.275884 0.225289 0.192894 0.176920 0.144863 0.166819 0.125786 
1.086048 0.603411 0.452653 0.358444 0.298708 0.272758 0.242461 0.231714 0.225071 0.200237 0.216225 0.135127 
1.060343 0.583890 0.424738 0.348169 0.304948 0.263478 0.251975 0.242411 0.232684 0.216577 0.210952 0.132031 
1.064641 0.586526 0.428534 0.346314 0.293043 0.271990 0.247456 0.237284 0.227491 0.223513 0.217178 0.132130 
1.068268 0.581894 0.426825 0.347230 0.297214 0.282559 0.246562 0.248184 0.224607 0.208922 0.216690 0.132726 
1.066075 0.580704 0.418066 0.348060 0.299000 0.270365 0.247576 0.237828 0.232942 0.222736 0.215308 0.131666 
