1.077396 0.582781 0.421010 0.343160 0.298039 0.270333 0.251106 0.238220 0.229212 0.222947 0.218130 0.132787 
1.076744 0.582777 0.421383 0.343265 0.298332 0.270425 0.251204 0.238238 0.228320 0.223390 0.218121 0.132778 
1.076854 0.582633 0.420925 0.342808 0.298289 0.269725 0.251371 0.237935 0.229199 0.223386 0.218191 0.132699 
1.076778 0.582418 0.421110 0.342661 0.298376 0.269867 0.251897 0.238297 0.229327 0.222400 0.218330 0.132714 
1.081414 0.585193 0.423707 0.344118 0.299018 0.270611 0.250724 0.237722 0.228071 0.221659 0.216994 0.133376 
1.120495 0.585117 0.448779 0.344958 0.285298 0.269198 0.236962 0.236838 0.220840 0.199278 0.231704 0.135648 
2.141768 -0.336640 0.280377 0.291220 0.089697 0.369557 -0.197750 0.128081 0.160100 0.011169 0.276313 0.333675 
1.540302 -0.210288 0.033926 -0.259511 0.416397 -0.099593 0.188465 0.070492 0.043590 0.250397 0.148320 0.272679 
1.190833 -0.143573 -0.192357 -0.152209 0.213789 0.018995 0.176326 -0.146017 0.166972 0.239541 0.254243 0.231197 
1.274624 -0.238126 -0.048174 -0.032633 0.247921 -0.092890 0.101642 -0.125362 0.188756 0.315916 0.270222 0.178333 
1.494827 -0.574379 0.402344 0.134853 0.347039 -0.198718 0.009231 0.027072 0.197069 0.298667 0.113436 0.223369 
1.575100 -0.614652 0.788146 0.144947 0.149761 -0.261638 -0.013689 0.099119 0.135055 0.277234 0.041915 0.265728 
1.836128 -0.700767 1.004263 0.692061 -0.219272 -0.021852 0.045079 -0.061576 0.142166 0.171886 0.064779 0.151197 
1.496401 0.469352 0.773320 0.443838 -0.012759 0.201182 0.108879 -0.082764 0.172622 0.178589 0.088473 0.129081 
1.344064 0.784154 0.591517 0.462954 0.325836 0.214266 0.155363 0.128709 0.107893 0.114712 0.174699 0.108973 
1.084137 0.583940 0.423472 0.346652 0.297036 0.268286 0.249716 0.236785 0.228800 0.222023 0.217119 0.133265 
1.077184 0.582321 0.420684 0.343186 0.298298 0.269459 0.251796 0.237786 0.229328 0.223070 0.218307 0.132707 
1.076935 0.582760 0.421895 0.343158 0.298762 0.270649 0.250545 0.237971 0.228917 0.222927 0.217871 0.132797 
1.076722 0.582505 0.421564 0.343077 0.298074 0.269809 0.251666 0.237765 0.229148 0.223118 0.218230 0.132731 
1.077394 0.582461 0.420744 0.343688 0.298124 0.270004 0.251220 0.237895 0.229271 0.223175 0.217958 0.132753 
1.075767 0.582815 0.420974 0.343047 0.298875 0.269905 0.251737 0.237708 0.229672 0.223018 0.217745 0.132701 
