1.076588 0.582583 0.421011 0.342496 0.297893 0.269771 0.251368 0.238768 0.228659 0.223443 0.218243 0.132655 
1.076480 0.581877 0.421567 0.343592 0.298007 0.269728 0.251258 0.237549 0.230494 0.221663 0.218887 0.132682 
1.076869 0.582201 0.421292 0.342072 0.299023 0.269527 0.251389 0.238350 0.229350 0.222739 0.218438 0.132693 
1.079038 0.582107 0.427060 0.343001 0.293828 0.269676 0.249498 0.236398 0.228955 0.224847 0.218482 0.132831 
1.064547 0.556859 0.439392 0.333040 0.283096 0.279347 0.279696 0.231072 0.212613 0.233245 0.213907 0.129804 
1.056960 0.515792 0.420025 0.365410 0.261284 0.257104 0.328031 0.282228 0.156641 0.192874 0.253613 0.126815 
2.573628 0.451899 -0.225376 0.014153 -0.243337 -0.088021 0.343741 0.196325 -0.043737 0.076427 0.253516 0.189110 
2.836663 -0.037340 -0.352668 0.174972 -0.412279 0.046007 0.249637 0.121562 -0.130497 0.185263 0.277200 0.162728 
2.423104 -0.334306 -0.060919 0.210522 -0.195931 0.013062 0.113173 -0.067525 -0.122790 0.195756 0.348836 0.222088 
2.407081 -0.404520 0.384113 0.443342 -0.088698 -0.164743 -0.176742 -0.021319 0.078069 0.143353 0.043111 -0.039057 
1.848331 -0.206517 0.922363 0.604221 0.149601 -0.229404 -0.111712 -0.053743 -0.024864 -0.009016 -0.096551 0.024505 
2.127901 -0.079717 0.604685 0.740527 0.133602 0.034681 0.031813 -0.094667 0.015454 0.176823 0.101218 -0.007332 
2.260013 0.344388 0.315876 0.640413 0.257498 -0.007631 0.020415 -0.050573 0.001782 -0.018325 0.036174 0.047336 
1.978777 1.156561 0.744063 0.491510 0.239177 0.025788 -0.041189 -0.011154 -0.000176 -0.005867 0.031556 0.068030 
1.464399 0.845154 0.622223 0.477763 0.336499 0.126287 -0.005257 -0.000245 0.049022 0.073898 0.120901 0.080046 
1.080020 0.585025 0.423917 0.345963 0.298547 0.268490 0.250738 0.237109 0.228241 0.221632 0.217666 0.133220 
1.076342 0.583016 0.421205 0.342798 0.298491 0.270391 0.249762 0.238141 0.228766 0.223474 0.218683 0.132676 
1.076084 0.581222 0.421720 0.342581 0.298213 0.269809 0.251523 0.238782 0.228548 0.222745 0.218970 0.132600 
1.076958 0.581330 0.421082 0.343324 0.298115 0.269674 0.251522 0.237857 0.228840 0.222779 0.219337 0.132651 
1.075984 0.582985 0.423048 0.342609 0.298497 0.270751 0.251770 0.238153 0.228676 0.222091 0.217712 0.132795 
