1.077187 0.582564 0.421320 0.342870 0.298511 0.269732 0.250407 0.238428 0.229064 0.222752 0.218812 0.132725 
1.077454 0.582108 0.421062 0.343072 0.298744 0.269631 0.251707 0.238019 0.229054 0.223146 0.217980 0.132758 
1.076928 0.583357 0.421934 0.342744 0.298066 0.270018 0.250814 0.238520 0.228696 0.223237 0.218164 0.132799 
1.081167 0.586504 0.424792 0.344879 0.299986 0.269509 0.249725 0.237684 0.227598 0.221102 0.215989 0.133353 
1.116492 0.596883 0.439601 0.354900 0.302242 0.272647 0.237954 0.219289 0.223273 0.220866 0.211216 0.135774 
1.577805 0.349433 0.776827 0.448828 0.164821 0.346911 0.156288 0.080210 0.121383 -0.001410 0.144368 0.161812 
1.718751 -0.205229 -0.183460 0.252215 0.053294 -0.073186 0.024023 -0.058129 0.141948 0.235484 0.322314 0.184112 
1.620624 -0.485415 0.012091 -0.207394 0.133588 -0.068086 0.182115 -0.022716 0.114885 0.291377 0.191884 0.291763 
1.599546 -0.482056 -0.040633 -0.104538 0.216054 -0.139021 0.151409 -0.077871 0.188519 0.421985 0.157078 0.158470 
1.620532 -0.733985 0.402813 0.205322 0.265640 -0.277626 -0.169461 -0.003424 0.159796 0.323727 0.162150 0.181634 
1.841837 -0.678851 0.765516 0.345967 0.158024 -0.203792 -0.071084 0.259743 0.046355 -0.005539 0.171358 0.198850 
2.039857 -0.401355 0.772155 0.570436 -0.188998 -0.020438 0.096694 0.003084 0.104865 0.107784 0.041248 0.159247 
1.971160 0.031330 0.651660 0.528644 -0.148454 0.125241 0.116962 -0.101560 0.029126 0.056749 0.034324 0.150254 
1.294427 0.570509 0.517478 0.532728 0.311619 0.138249 0.200594 0.266691 0.187802 0.117528 0.169656 0.148678 
1.105801 0.603440 0.438049 0.353665 0.298779 0.265372 0.243765 0.228009 0.218535 0.217168 0.218550 0.135723 
1.081394 0.586199 0.424913 0.345210 0.298384 0.269920 0.251212 0.237098 0.227021 0.219926 0.217853 0.133366 
1.078107 0.583341 0.423140 0.343325 0.297657 0.270909 0.250887 0.237640 0.228719 0.221840 0.218177 0.132914 
1.077887 0.583473 0.421792 0.343666 0.298586 0.270626 0.250297 0.238347 0.229174 0.221775 0.218259 0.132924 
1.078232 0.582720 0.422034 0.342893 0.298517 0.270456 0.250430 0.237994 0.229095 0.222511 0.218532 0.132879 
1.077237 0.583120 0.421145 0.343243 0.297809 0.269677 0.250056 0.238486 0.228548 0.223217 0.219332 0.132739 
