1.042331 0.578923 0.415037 0.365739 0.299890 0.263968 0.246234 0.244068 0.222277 0.225962 0.216628 0.130387 
1.033433 0.555352 0.466732 0.300418 0.299940 0.282465 0.221789 0.253790 0.250884 0.194292 0.233326 0.127967 
1.028625 0.595647 0.403157 0.354375 0.310355 0.271352 0.230436 0.254954 0.231285 0.214937 0.215753 0.129204 
1.052600 0.572319 0.445873 0.333326 0.291425 0.275457 0.238575 0.239680 0.238184 0.204570 0.231881 0.130477 
1.064385 0.572984 0.430835 0.350883 0.297253 0.257420 0.256751 0.225038 0.247991 0.204774 0.220976 0.131169 
1.332772 0.495860 0.359524 0.275240 0.171904 0.180355 0.187511 0.231835 0.339719 0.342223 0.156748 0.098228 
1.867807 0.998502 0.458970 0.113680 -0.043139 -0.086168 0.106284 0.075633 0.168970 0.137163 0.103885 0.075843 
2.338824 0.979953 0.781737 -0.078149 -0.654369 -0.415527 0.231614 -0.183780 0.001100 0.171271 0.063538 -0.168188 
1.875190 0.944770 0.655880 -0.184130 -0.804510 -0.365144 0.130341 -0.269048 0.037306 0.104058 0.061497 -0.190272 
1.993133 0.753508 0.615527 -0.195747 -0.765340 -0.327763 0.129726 -0.242594 0.067191 0.088992 -0.019424 -0.144215 
2.253834 0.653757 0.219347 -0.161889 -0.662851 -0.166489 0.202923 -0.194929 -0.067106 0.110522 -0.096127 -0.206634 
2.561670 0.315998 0.236956 -0.085245 -0.217869 -0.017492 0.322450 -0.281506 -0.227353 -0.021013 -0.110099 -0.081793 
2.006178 0.246565 0.152094 0.032706 0.123557 -0.017873 0.071088 -0.226282 -0.229054 -0.134197 0.072939 0.167343 
1.778013 0.038584 0.872332 -0.089576 0.312581 -0.056070 0.075779 0.170131 -0.137365 -0.009935 0.017286 0.139163 
1.500552 -0.288306 0.511394 0.121369 0.369375 0.035795 0.029394 -0.270311 -0.115271 0.129962 0.037821 0.203256 
1.642894 0.519389 0.341676 0.420977 0.377750 0.303105 0.293215 0.072830 -0.088658 -0.041426 0.186556 0.163832 
1.093885 0.587673 0.417867 0.320718 0.305458 0.281658 0.268475 0.209438 0.194819 0.223649 0.234660 0.132926 
1.046977 0.586089 0.422418 0.347161 0.306665 0.264239 0.270842 0.224081 0.219987 0.218399 0.215694 0.130527 
1.049014 0.593107 0.425264 0.343758 0.302459 0.263378 0.254911 0.224408 0.239486 0.213065 0.219572 0.130731 
1.046772 0.589909 0.418526 0.357191 0.302233 0.268134 0.243846 0.229423 0.235780 0.224805 0.210623 0.130813 
1.044512 0.580949 0.426177 0.334163 0.306721 0.271622 0.242688 0.238350 0.221757 0.232553 0.216812 0.129615 
