1.075635 0.582591 0.421551 0.345326 0.298060 0.269392 0.247581 0.237254 0.227639 0.224578 0.218256 0.132408 
1.079122 0.587300 0.421193 0.345070 0.296949 0.271215 0.245623 0.234936 0.225654 0.220693 0.223995 0.132730 
1.062758 0.583626 0.425216 0.349282 0.285847 0.265717 0.255954 0.213404 0.238734 0.237497 0.213951 0.130936 
1.036401 0.494324 0.398635 0.376191 0.250314 0.371956 0.250773 0.190595 0.223510 0.274845 0.176412 0.124751 
1.027748 0.465406 0.265168 0.372067 0.300177 0.368654 0.273026 0.184328 0.166850 0.331531 0.193354 0.114014 
1.069655 0.361834 0.225708 0.364406 0.299403 0.450107 0.299151 0.115733 0.161290 0.338061 0.221181 0.106837 
2.717169 -0.295253 0.707472 0.561927 -0.077336 0.048113 -0.041688 -0.339907 -0.093146 0.219882 0.015627 -0.113002 
2.036228 -0.445652 0.511481 0.455976 0.059908 -0.130913 -0.181332 -0.315933 -0.081887 0.079226 0.003782 0.018865 
2.407394 -0.467932 0.238249 0.406114 0.207155 -0.207708 -0.196471 -0.239420 -0.189304 -0.025733 0.062823 0.076719 
2.695311 -0.203715 0.286112 0.773294 0.219826 -0.145990 -0.110440 -0.094541 -0.011911 0.050422 0.015877 -0.015170 
2.845164 0.207215 0.104492 0.517020 -0.021641 -0.220381 0.101646 -0.011870 -0.084804 -0.027813 0.122902 0.052321 
3.405047 -0.130653 -0.062519 0.110265 0.047314 -0.185443 0.121279 0.086856 -0.159161 -0.049818 0.254376 0.342768 
2.940619 0.153183 0.022902 0.445562 -0.025745 -0.256625 -0.016040 0.064508 0.041975 0.145845 0.271244 0.168710 
2.365378 0.578303 0.154608 0.328082 0.105367 -0.175548 -0.018661 0.137455 0.069554 0.125689 0.135681 0.153194 
1.724931 1.026051 0.648796 0.350272 0.253727 0.178542 0.133840 0.093630 0.028708 0.033532 0.105715 0.081374 
1.123698 0.616651 0.450613 0.358208 0.294019 0.264505 0.234783 0.225662 0.214844 0.207398 0.209556 0.135526 
1.083186 0.582517 0.430631 0.347935 0.301216 0.260294 0.244809 0.227833 0.226904 0.228216 0.219243 0.132791 
1.091311 0.581377 0.413415 0.347908 0.306475 0.260155 0.232664 0.225029 0.231045 0.229701 0.227595 0.132158 
1.086453 0.590110 0.421933 0.351859 0.298201 0.270132 0.244959 0.234176 0.221870 0.222174 0.219537 0.133552 
1.085077 0.584781 0.427417 0.349075 0.295281 0.261225 0.238683 0.232619 0.227174 0.225695 0.226234 0.132930 
1.080842 0.583642 0.425311 0.350818 0.295487 0.259927 0.245497 0.234025 0.230464 0.219485 0.225143 0.132687 
