1.076805 0.583067 0.420960 0.342948 0.298902 0.269992 0.250398 0.237682 0.229288 0.222809 0.218705 0.132719 
1.074927 0.582959 0.421704 0.343468 0.298074 0.268617 0.251999 0.238167 0.228550 0.222826 0.218849 0.132599 
1.064734 0.588611 0.416983 0.345517 0.298637 0.267352 0.253940 0.233543 0.234549 0.218859 0.220742 0.131946 
1.047325 0.587354 0.415503 0.332422 0.328621 0.247170 0.275679 0.222323 0.224331 0.247241 0.198784 0.132624 
1.099446 0.523971 0.375080 0.338435 0.314808 0.291710 0.280173 0.228489 0.215708 0.209710 0.226835 0.130987 
1.065612 0.525100 0.441710 0.352502 0.277959 0.281635 0.273990 0.215180 0.220792 0.240409 0.215835 0.127431 
1.539860 -0.285490 0.728391 0.480039 -0.011746 0.007835 -0.194597 -0.226222 0.085287 0.106796 -0.066447 0.035396 
1.363276 -0.397662 0.552293 0.483440 0.029331 -0.201447 -0.161009 -0.153246 -0.025402 0.089180 0.022889 0.048815 
1.996835 -0.218161 0.169284 0.349290 0.178042 -0.076447 -0.005351 -0.030632 -0.107551 -0.029294 0.038113 0.089261 
2.126942 0.053189 0.421236 0.309383 0.062131 -0.086604 0.222082 -0.137814 -0.070514 0.098644 -0.014541 -0.023611 
2.731588 -0.260302 0.014961 0.092840 0.004212 -0.112760 0.145212 0.040574 -0.111607 0.072970 0.229152 0.173830 
2.444388 -0.057626 -0.120312 0.346030 0.085248 -0.223212 0.114933 -0.099242 0.159818 0.244352 0.245093 0.077861 
2.100051 0.256551 0.116113 0.262233 0.301155 0.002736 -0.063560 0.234019 0.064850 0.143202 0.166759 0.141716 
1.671029 0.622662 0.275482 0.368626 0.394633 0.163925 -0.034288 0.035092 0.209327 0.257774 0.229231 0.120117 
1.271034 0.694757 0.446383 0.291409 0.228805 0.206188 0.211882 0.226768 0.228672 0.236835 0.229137 0.149596 
1.077280 0.581279 0.422252 0.344333 0.297883 0.268034 0.250045 0.238262 0.230841 0.223350 0.218042 0.132722 
1.077055 0.581705 0.421259 0.343805 0.297152 0.271619 0.251496 0.237464 0.228945 0.223170 0.217928 0.132728 
1.076996 0.582408 0.420833 0.343864 0.298192 0.269893 0.250627 0.237883 0.229303 0.222453 0.219017 0.132710 
1.076399 0.583166 0.421190 0.342904 0.299235 0.269521 0.251025 0.238467 0.227701 0.224043 0.218175 0.132745 
1.076012 0.583333 0.421582 0.343745 0.297254 0.271114 0.250501 0.237647 0.229575 0.222304 0.218816 0.132749 
1.076983 0.583182 0.421224 0.343611 0.298062 0.269836 0.252046 0.237212 0.229755 0.222373 0.218070 0.132792 
