1.078564 0.588927 0.425003 0.346211 0.295375 0.265187 0.247429 0.232290 0.225883 0.227737 0.220161 0.132841 
1.079366 0.587223 0.424952 0.342110 0.298152 0.265900 0.248179 0.234363 0.227326 0.223040 0.220755 0.132714 
1.075814 0.585714 0.423770 0.343456 0.299854 0.268590 0.249841 0.236843 0.226283 0.220407 0.219815 0.132622 
1.027854 0.597153 0.423207 0.332330 0.318680 0.248390 0.276256 0.228923 0.217607 0.249878 0.196487 0.132166 
0.993211 0.547283 0.418036 0.260760 0.389439 0.258853 0.282138 0.258770 0.149334 0.306290 0.169176 0.125231 
1.037517 0.329341 0.447424 0.361130 0.285632 0.420272 0.215637 0.136602 0.294092 0.263845 0.156833 0.120965 
1.162727 -0.020554 0.812196 0.610276 0.109721 0.115475 -0.198706 -0.409906 0.049710 0.083986 -0.234544 -0.191884 
1.149213 -0.215396 0.625601 1.069910 -0.109988 -0.245617 -0.095554 -0.069407 -0.130941 -0.140481 -0.117194 -0.103966 
1.607174 0.090140 0.585967 1.407907 -0.134261 0.094928 0.075975 -0.133445 -0.054007 0.032193 0.002924 -0.126289 
1.417336 0.048719 0.497879 1.285203 0.040427 -0.114022 -0.026203 -0.040672 0.074679 -0.109295 -0.029184 -0.073854 
1.630242 0.441415 0.756507 1.219329 0.229570 -0.074001 0.004337 0.053670 0.102113 -0.167142 -0.051415 0.024895 
1.081318 -0.322811 0.683648 0.550200 0.651715 0.275061 0.053160 -0.098793 0.319174 0.175465 0.004239 0.141544 
1.028875 0.436632 0.383828 0.367055 0.344360 0.290132 0.257375 0.199250 0.227547 0.248417 0.215079 0.115102 
0.954644 0.472980 0.498767 0.364768 0.235880 0.303029 0.293751 0.131081 0.246876 0.340153 0.145873 0.110364 
0.980109 0.418882 0.542822 0.404801 0.175365 0.274274 0.328477 0.181265 0.129312 0.347621 0.237623 0.075904 
1.040796 0.515330 0.481995 0.379850 0.236110 0.281865 0.268621 0.202931 0.248921 0.264127 0.175992 0.126147 
1.081862 0.586965 0.428539 0.346979 0.277973 0.262480 0.244055 0.223625 0.228163 0.229530 0.231312 0.131967 
