1.027910 0.602277 0.401236 0.353166 0.305997 0.255752 0.239186 0.216662 0.233257 0.245631 0.182425 0.127285 
1.057142 0.509992 0.477284 0.398310 0.245347 0.177492 0.151579 0.244899 0.342098 0.167606 0.222985 0.139461 
1.026981 0.518224 0.363470 0.438905 0.325848 0.154802 0.172862 0.299198 0.343265 0.134871 0.203032 0.127647 
1.061988 0.547994 0.443862 0.388570 0.244658 0.137152 0.155675 0.266552 0.343947 0.215696 0.207619 0.138950 
0.926714 0.100594 0.612662 0.406055 0.289790 0.057786 0.214435 0.364227 0.270783 0.162397 -0.018875 0.144019 
0.726142 0.055915 0.604614 0.357279 0.308860 0.116552 0.224514 0.354424 0.245480 0.131915 0.024705 0.139613 
1.440989 0.409299 0.774696 0.524875 0.006152 0.026979 0.100664 -0.110703 0.012450 -0.075477 -0.041419 0.010474 
1.893071 -0.288736 1.065093 0.605898 0.025277 -0.110459 0.010696 -0.268617 -0.180225 -0.181715 -0.207979 0.026987 
1.135286 -0.126077 1.055223 0.528185 -0.227095 -0.005869 -0.158375 -0.056727 -0.091519 -0.337383 -0.161412 0.103068 
1.314115 0.008656 1.133932 0.664563 -0.188159 -0.025554 -0.167951 -0.072930 -0.102178 -0.321982 -0.156965 0.062410 
1.567133 0.463813 0.981706 0.899316 -0.266885 0.190443 -0.071061 -0.098039 -0.173568 -0.252379 -0.181694 0.030268 
2.054905 0.526564 0.868845 0.608763 -0.302752 0.078697 0.107984 -0.002156 -0.181097 -0.319016 -0.116140 -0.029356 
1.739739 0.649784 1.248555 0.691142 -0.164436 0.071033 0.085467 -0.066391 -0.027164 -0.268154 -0.042249 0.062989 
2.078907 1.397268 1.341282 0.681432 0.210280 0.161120 0.023532 -0.100200 -0.075510 -0.097084 -0.148078 -0.086070 
1.193039 0.727168 0.578801 0.413175 0.318808 0.235083 0.225283 0.178545 0.118889 0.134331 0.118343 0.099435 
1.030318 0.625347 0.422284 0.363147 0.290544 0.288117 0.281642 0.211313 0.213675 0.184873 0.205562 0.128402 
1.077397 0.613153 0.537809 0.335497 0.303764 0.312622 0.209128 0.201523 0.182062 0.170706 0.224973 0.128152 
1.017836 0.619594 0.463121 0.349413 0.280843 0.303348 0.247152 0.212937 0.200692 0.204739 0.211592 0.128416 
0.972396 0.613701 0.450030 0.362352 0.290341 0.224182 0.321541 0.168303 0.216085 0.203606 0.240173 0.120757 
1.044732 0.570809 0.484364 0.355650 0.225116 0.277373 0.284586 0.152245 0.222946 0.245597 0.221340 0.122755 
