1.075235 0.582167 0.421455 0.343494 0.298743 0.269125 0.251647 0.238159 0.229962 0.222570 0.217905 0.132634 
1.075662 0.582617 0.422034 0.343035 0.297199 0.269463 0.251665 0.237464 0.229424 0.222539 0.219227 0.132610 
1.075290 0.582515 0.421480 0.343826 0.297917 0.270157 0.251820 0.237772 0.229919 0.222207 0.217797 0.132657 
1.077435 0.581590 0.423172 0.342826 0.298481 0.269230 0.251177 0.237861 0.228930 0.221765 0.219406 0.132748 
1.076272 0.581053 0.422927 0.342201 0.299568 0.269899 0.250551 0.237779 0.229315 0.223162 0.217858 0.132643 
1.073898 0.564820 0.424491 0.362123 0.278545 0.247547 0.305035 0.230509 0.209228 0.201564 0.247930 0.131323 
2.684245 0.008481 -0.064935 0.153548 -0.266521 0.026435 0.208196 0.104688 -0.079457 0.093057 0.237814 0.204681 
2.472103 -0.054265 -0.159960 0.127469 -0.260785 0.075038 0.184302 -0.030324 -0.227914 0.152360 0.367146 0.256053 
2.310587 -0.198277 0.017076 0.229810 -0.177232 -0.005217 0.139250 -0.092010 -0.180758 0.160459 0.374916 0.236948 
2.283138 -0.288943 0.350638 0.496018 -0.049870 -0.112536 -0.145394 -0.156331 0.087366 0.236761 0.056257 -0.004582 
1.921623 -0.168633 0.827708 0.522325 0.188102 -0.165953 -0.057755 -0.141004 -0.058253 0.068260 -0.057723 0.000967 
2.000641 -0.040774 0.682728 0.638894 0.236670 -0.246579 -0.066014 -0.058276 -0.090069 0.033290 0.002367 -0.020384 
1.999581 0.500725 0.387178 0.663342 0.421274 0.093742 -0.021735 -0.091169 -0.034540 0.066353 0.125038 0.051507 
1.642339 0.699048 0.465225 0.582464 0.496382 0.112655 -0.136259 -0.034227 0.129761 0.109855 0.117997 0.040298 
1.080485 0.581223 0.419243 0.345137 0.300066 0.269721 0.248593 0.237056 0.228227 0.222890 0.218787 0.132707 
1.079077 0.584481 0.422642 0.343776 0.298500 0.268018 0.250590 0.239139 0.227184 0.222344 0.218519 0.132956 
1.076561 0.583088 0.421938 0.342824 0.298053 0.269708 0.250987 0.239402 0.227930 0.222375 0.218829 0.132732 
1.075043 0.582314 0.420424 0.343899 0.298173 0.269878 0.251777 0.238565 0.229472 0.222825 0.217819 0.132610 
1.076325 0.582761 0.421227 0.342431 0.298066 0.269860 0.251439 0.237973 0.229328 0.224184 0.217360 0.132671 
