1.073158 0.583785 0.421274 0.343964 0.295839 0.271288 0.250203 0.239398 0.225701 0.223471 0.219699 0.132397 
1.074085 0.583970 0.419465 0.343927 0.299871 0.268618 0.251311 0.240276 0.225916 0.223531 0.218446 0.132554 
1.075725 0.579085 0.422645 0.343763 0.299775 0.267153 0.250884 0.239531 0.226995 0.221643 0.220951 0.132425 
1.072262 0.581291 0.421537 0.340274 0.301084 0.271532 0.250480 0.236068 0.230611 0.222891 0.218013 0.132265 
1.074604 0.583964 0.423901 0.341930 0.300991 0.266565 0.251300 0.237983 0.228797 0.219861 0.220664 0.132635 
1.073398 0.583251 0.421659 0.344683 0.295623 0.269817 0.252001 0.237838 0.229043 0.226963 0.214403 0.132504 
1.148858 0.638641 0.462091 0.359027 0.301838 0.264083 0.240902 0.223384 0.210335 0.201439 0.205227 0.138238 
1.842872 0.997888 0.601768 0.177278 -0.003046 0.004386 0.172547 0.182793 0.057965 0.056204 0.024915 -0.022309 
2.131968 1.237145 0.525835 0.341218 -0.349286 -0.008818 0.216686 -0.083335 -0.025775 0.201346 0.013580 -0.104711 
1.823347 1.423740 0.550168 0.155621 -0.408841 -0.092288 0.108046 -0.205427 0.076397 0.145639 -0.015828 -0.038261 
1.582047 1.475912 0.152771 -0.076740 -0.785855 -0.058952 0.090096 -0.102327 0.145584 0.191161 -0.021538 -0.060195 
1.703584 1.103331 -0.212369 -0.109743 -0.660596 0.070596 0.214283 0.066553 0.095444 0.016540 -0.028174 -0.132890 
1.846760 0.671414 -0.405661 -0.089031 -0.609794 0.157696 0.188085 0.113405 0.118863 0.034360 0.038715 -0.019905 
1.903115 0.422339 -0.553065 0.191191 -0.368607 0.133474 0.116804 0.067220 -0.043712 -0.016159 0.203409 0.170074 
1.898852 0.064322 -0.169830 0.323549 -0.132637 -0.094866 -0.018108 -0.051464 -0.049535 0.207538 0.216887 0.059676 
1.665874 0.060857 0.145268 0.570236 -0.046549 0.046308 -0.125749 0.065201 0.111324 0.189921 0.082086 0.099561 
1.720047 0.352652 0.465416 0.451527 -0.057096 0.242192 0.155838 0.016020 -0.013856 0.142436 0.188581 0.117104 
2.020955 0.230871 0.525467 0.416695 0.013652 0.269094 -0.029809 0.048543 0.127916 0.218554 0.106160 0.093922 
1.566996 0.580723 0.610679 0.426988 0.152995 0.250416 0.213546 0.061910 0.076664 0.171826 0.172806 0.110326 
1.084473 0.585152 0.427347 0.346611 0.299243 0.267450 0.246004 0.236342 0.224183 0.220531 0.220790 0.133267 
1.077617 0.586159 0.427088 0.341228 0.300280 0.270314 0.247799 0.240942 0.226815 0.219636 0.218071 0.133081 
1.073631 0.582045 0.426500 0.340892 0.301201 0.265976 0.249190 0.240453 0.228636 0.222792 0.217670 0.132509 
1.075210 0.583247 0.419577 0.344004 0.299370 0.268803 0.252419 0.234398 0.229504 0.223254 0.219061 0.132485 
1.079525 0.593788 0.425958 0.340456 0.296598 0.262624 0.245715 0.235155 0.226327 0.226745 0.222033 0.133065 
1.085435 0.587339 0.424933 0.338914 0.290902 0.263273 0.246061 0.233809 0.230666 0.225924 0.224923 0.132852 
