1.079579 0.583794 0.423087 0.343360 0.297480 0.270008 0.250943 0.238099 0.228062 0.223314 0.217361 0.133024 
1.078471 0.583684 0.421768 0.342592 0.297839 0.268870 0.250970 0.237026 0.229322 0.223216 0.218734 0.132797 
1.079213 0.583849 0.423278 0.342832 0.297263 0.268888 0.250599 0.237245 0.228463 0.223603 0.218377 0.132894 
1.077559 0.582216 0.421499 0.343489 0.296759 0.269723 0.250729 0.237507 0.229536 0.223097 0.219078 0.132682 
1.078164 0.583300 0.423428 0.343076 0.299569 0.269297 0.250872 0.236983 0.229629 0.221434 0.218523 0.132960 
1.077299 0.583600 0.422577 0.342658 0.298389 0.270391 0.250681 0.238676 0.228250 0.222564 0.217979 0.132854 
0.304482 0.227012 1.123519 0.731982 -0.162479 -0.131034 0.053632 -0.078633 0.099787 -0.203896 0.030171 0.188320 
0.348903 -0.048341 1.003122 0.607621 -0.165883 -0.262577 0.104672 -0.144725 0.076154 -0.154069 0.063973 0.144407 
0.564672 -0.016446 0.981471 0.690132 -0.214492 -0.276674 0.221910 -0.237464 -0.017290 -0.135816 -0.015791 0.016274 
0.833140 0.022844 0.938081 0.744311 -0.193591 -0.184149 0.324871 -0.176885 -0.170628 -0.094880 0.007914 -0.093364 
0.756053 0.087179 1.117310 0.885464 -0.179664 -0.075016 0.270781 -0.154938 -0.147155 -0.106266 -0.032955 -0.115848 
1.057191 0.380007 0.969496 1.030688 -0.065887 -0.152892 0.396363 -0.100454 -0.054526 -0.181379 0.020112 -0.085573 
0.893184 0.474605 1.094140 1.075842 -0.052721 -0.178858 0.603706 -0.107079 -0.039945 -0.047209 0.180806 -0.101011 
1.373825 0.361325 1.021533 0.943645 -0.083159 -0.033849 0.414304 0.025340 -0.137208 -0.011850 0.115023 -0.079318 
1.125372 0.596253 0.485984 0.395367 0.289566 0.256813 0.249384 0.218695 0.191597 0.187730 0.218452 0.134395 
1.076948 0.577598 0.426607 0.348897 0.294918 0.267582 0.255179 0.235094 0.225941 0.223946 0.218440 0.132644 
1.076871 0.581611 0.425274 0.341219 0.297754 0.270860 0.249417 0.238135 0.230095 0.221927 0.218374 0.132729 
1.080235 0.584765 0.422506 0.344518 0.297538 0.268720 0.251829 0.237156 0.226346 0.222253 0.219787 0.133068 
1.078239 0.583048 0.423773 0.342946 0.297945 0.269995 0.249589 0.237963 0.229609 0.223189 0.217321 0.132902 
1.078740 0.583778 0.421778 0.344163 0.297624 0.269814 0.249826 0.238334 0.229181 0.223438 0.217305 0.132931 
