1.043985 0.577511 0.431847 0.355545 0.307528 0.262169 0.256700 0.230261 0.235851 0.221326 0.205339 0.131373 
1.027585 0.588951 0.445196 0.334476 0.307576 0.269127 0.249746 0.221878 0.229904 0.218224 0.221689 0.129528 
1.048313 0.594565 0.440883 0.330946 0.298927 0.274328 0.235366 0.245443 0.225222 0.223952 0.212623 0.131025 
1.030934 0.585700 0.424699 0.358803 0.286728 0.268918 0.271718 0.228677 0.218951 0.243074 0.197264 0.130408 
1.029651 0.583638 0.426735 0.359820 0.288135 0.269441 0.260856 0.232255 0.221631 0.233860 0.208255 0.129871 
1.040308 0.588468 0.434063 0.350566 0.313740 0.254502 0.238277 0.259529 0.212391 0.225802 0.209440 0.130977 
2.223106 0.405479 0.241071 -0.055995 0.362376 -0.265150 0.005110 0.129670 -0.193124 -0.390739 -0.271882 0.101236 
2.357121 0.544673 0.653805 -0.330142 0.036289 -0.555904 0.033756 0.384708 -0.122926 -0.049060 -0.169139 -0.084749 
2.164134 0.736112 0.715845 -0.179460 0.062262 -0.567443 0.072726 0.267121 -0.231731 -0.097717 -0.089703 -0.012320 
2.298077 0.783872 0.807320 -0.165067 0.028702 -0.652747 0.095565 0.345824 -0.121545 -0.039073 -0.086855 0.010407 
2.487934 0.827037 0.888706 -0.019986 -0.057173 -0.708966 0.063191 0.227071 -0.196789 0.016810 -0.003235 0.044944 
2.377950 1.545043 0.813144 -0.071178 0.059525 -0.217269 -0.026505 0.150919 -0.065693 -0.014931 -0.067185 -0.184978 
2.134544 1.276437 0.665249 0.070518 -0.049792 -0.122610 -0.031146 0.183551 0.054972 0.041068 -0.002032 -0.112158 
2.462871 1.557455 0.819339 0.206823 0.042857 -0.047843 0.115753 0.163495 0.115631 -0.027920 0.001377 -0.111784 
2.077787 1.231363 0.655388 0.255406 0.186659 0.184635 0.287545 0.248622 0.151712 0.109215 0.011876 -0.029683 
1.282426 0.791431 0.607987 0.426591 0.380909 0.284756 0.196098 0.176456 0.134775 0.096451 0.138477 0.096267 
1.066433 0.616160 0.465689 0.338674 0.305109 0.260616 0.232890 0.209696 0.235142 0.218951 0.210914 0.133997 
1.026252 0.610079 0.424491 0.337877 0.306903 0.239206 0.266306 0.232167 0.213763 0.245153 0.210489 0.131003 
1.025905 0.596117 0.417231 0.353378 0.296405 0.267044 0.251506 0.241861 0.219381 0.253922 0.188920 0.131492 
1.053542 0.573522 0.430816 0.344031 0.289124 0.274569 0.245644 0.226527 0.238976 0.222970 0.219596 0.130053 
1.030518 0.604606 0.441836 0.341253 0.301904 0.264579 0.269274 0.213210 0.246226 0.214795 0.201203 0.132161 
