1.076013 0.584781 0.427788 0.342099 0.295664 0.268444 0.246817 0.236747 0.229124 0.223517 0.220090 0.132686 
1.074997 0.584191 0.424455 0.340948 0.299780 0.268987 0.249441 0.238346 0.228117 0.222794 0.218412 0.132629 
1.076772 0.583656 0.423331 0.342518 0.298167 0.269917 0.249941 0.237727 0.227480 0.223588 0.218903 0.132756 
1.078144 0.587301 0.425172 0.343181 0.296376 0.266144 0.249159 0.235038 0.229130 0.223414 0.220818 0.132920 
1.093493 0.589567 0.416867 0.331198 0.290405 0.264873 0.257362 0.245608 0.233496 0.223232 0.209373 0.132745 
2.284298 0.970327 0.507541 -0.007889 -0.356056 -0.065723 0.351589 0.024327 0.090222 0.179522 0.017432 -0.083086 
2.507815 0.595832 0.684646 -0.044988 -0.457407 -0.152454 0.291092 -0.007100 -0.005424 0.080746 -0.029247 -0.094933 
2.235784 0.680757 0.617599 -0.132893 -0.401423 -0.138945 0.357689 -0.104950 0.099664 0.016063 -0.116132 -0.034828 
2.401020 0.668937 0.506113 -0.111075 -0.472010 -0.101356 0.367291 -0.143131 0.045107 0.038534 -0.160606 -0.133859 
2.414068 0.644728 0.434207 -0.054018 -0.272682 0.051005 0.368220 -0.088826 -0.139176 -0.057443 -0.147841 -0.105267 
2.255728 0.681894 0.174646 0.079303 -0.061115 0.034619 0.326625 -0.078246 -0.193848 -0.146465 -0.034603 0.038708 
2.362602 0.496107 0.412351 0.230919 0.148423 0.215618 0.169938 -0.321477 0.036851 -0.086372 -0.067304 0.126473 
1.846189 0.041152 0.893125 0.030294 0.302215 0.156742 -0.080231 0.051008 0.033095 -0.038311 0.032773 0.105692 
1.331917 0.558110 0.427455 0.324403 0.334755 0.289693 0.217466 0.214354 0.166724 0.080017 0.220544 0.143425 
1.084954 0.588779 0.423889 0.346199 0.298419 0.269356 0.248974 0.232415 0.226887 0.218164 0.221771 0.133410 
1.076777 0.582687 0.422375 0.341964 0.298223 0.268607 0.248278 0.237239 0.229899 0.222933 0.219776 0.132473 
1.075500 0.585351 0.420804 0.343970 0.297060 0.268827 0.252308 0.236408 0.228947 0.222677 0.218689 0.132633 
1.079697 0.581282 0.423336 0.342120 0.298168 0.271370 0.250743 0.239004 0.229117 0.221425 0.217080 0.132886 
1.077556 0.585812 0.423904 0.342452 0.299581 0.269703 0.249230 0.236815 0.228609 0.223571 0.216904 0.132953 
