1.069589 0.580252 0.420017 0.344091 0.300137 0.264108 0.252227 0.241476 0.231816 0.218661 0.219831 0.131943 
1.072518 0.576283 0.421667 0.343177 0.295790 0.274597 0.251964 0.238660 0.230195 0.219454 0.218982 0.132057 
1.070635 0.583355 0.421310 0.341939 0.298547 0.272593 0.249214 0.235433 0.229613 0.221344 0.221061 0.132148 
1.073328 0.577120 0.422588 0.345427 0.295177 0.269599 0.253162 0.235947 0.228798 0.222973 0.219755 0.132041 
1.071059 0.571696 0.422644 0.344778 0.298274 0.268449 0.252165 0.236449 0.227618 0.225367 0.220266 0.131564 
1.072643 0.580764 0.424048 0.341360 0.293795 0.272476 0.248760 0.235026 0.229485 0.223903 0.220183 0.131939 
0.275390 -0.096581 0.651809 0.867473 -0.169726 -0.363868 0.170187 -0.052449 -0.086007 -0.177802 0.127711 0.032471 
0.119222 -0.135230 0.798088 0.759223 -0.249889 -0.342565 0.165004 -0.074485 -0.192110 -0.177590 -0.014484 -0.025143 
0.180068 -0.017758 0.966713 0.644455 -0.278614 -0.242870 0.250286 -0.215806 -0.159244 -0.179887 0.022514 -0.111637 
0.255450 0.110188 1.152313 0.812064 -0.143768 -0.159626 0.295097 -0.149771 -0.214731 -0.180765 0.010484 -0.140411 
0.394746 0.255751 1.489020 0.899270 -0.155022 -0.148045 0.336939 -0.182504 -0.046406 -0.243199 0.057792 -0.026236 
1.414308 -0.030936 1.615147 1.040890 -0.307273 0.081978 0.285209 0.018780 -0.221441 -0.021244 0.067615 -0.037882 
1.422641 0.089024 1.276779 1.080289 -0.222053 -0.067268 0.406803 -0.039533 -0.260284 -0.019212 0.105856 -0.108485 
1.225934 0.402617 0.673583 0.694145 0.164727 0.136356 0.449759 0.251792 0.001508 0.151808 0.263029 0.089593 
1.065216 0.535010 0.440821 0.375974 0.277376 0.248673 0.276633 0.232541 0.204246 0.227938 0.236309 0.128458 
1.071141 0.542310 0.420899 0.367329 0.299777 0.251842 0.256661 0.234706 0.209478 0.232285 0.235227 0.129560 
1.078971 0.573338 0.422965 0.351479 0.292323 0.267428 0.254912 0.240036 0.225139 0.217868 0.223095 0.132420 
1.072502 0.570970 0.423372 0.348170 0.295168 0.269402 0.255149 0.236246 0.224287 0.226468 0.219574 0.131754 
1.068411 0.581148 0.419873 0.343140 0.294594 0.276597 0.249964 0.237198 0.227872 0.229017 0.214200 0.131977 
1.076088 0.578010 0.417360 0.342141 0.301632 0.274419 0.248776 0.237320 0.231004 0.219532 0.219443 0.132241 
