1.072659 0.582454 0.419448 0.344673 0.297801 0.269786 0.252535 0.236623 0.230167 0.223017 0.217801 0.132333 
1.073310 0.581580 0.420333 0.342029 0.296887 0.271833 0.250278 0.240035 0.231320 0.218962 0.219279 0.132238 
1.072283 0.586618 0.421022 0.343641 0.295316 0.269879 0.251654 0.239653 0.224897 0.223911 0.218996 0.132411 
1.068953 0.583066 0.420927 0.342971 0.299688 0.268541 0.251885 0.237088 0.230544 0.221931 0.218789 0.132113 
1.039113 0.399113 0.541772 0.285617 0.269950 0.262389 0.224360 0.368809 0.278965 0.219896 0.083113 0.120861 
0.768946 0.329270 0.511142 0.484497 0.284802 0.219356 0.179351 0.366046 0.289883 0.221969 0.067430 0.155074 
1.564590 0.515923 0.828261 0.671112 0.251399 -0.028586 -0.158584 -0.011012 0.174105 -0.030840 -0.178269 0.036999 
2.196604 -0.558733 1.105989 1.278989 -0.229805 -0.267505 -0.046011 -0.055022 -0.148830 -0.194298 -0.261823 -0.034641 
1.750795 -0.464827 1.347000 1.216763 -0.342858 -0.135239 -0.025062 -0.045201 -0.157130 -0.237694 -0.200246 0.056267 
1.857956 -0.389989 1.176310 1.390930 -0.351846 -0.191086 0.020031 0.073714 -0.279153 -0.186390 -0.116127 0.048270 
1.762347 -0.179101 1.225761 1.203792 -0.427305 -0.059115 0.026758 0.042578 -0.281268 -0.157984 -0.103947 0.103572 
1.951902 0.109490 1.260696 1.299886 -0.132999 -0.265369 0.208742 0.173440 -0.370515 -0.229188 0.067244 -0.038626 
1.949681 1.068406 1.078780 0.824974 0.156402 -0.026444 0.179204 0.084078 -0.241972 -0.114346 -0.002543 -0.097443 
1.781223 1.147048 1.078315 0.669195 0.257716 0.059982 0.170548 0.027093 -0.071518 -0.052320 -0.027937 -0.052030 
1.312289 0.797432 0.616165 0.488647 0.334267 0.260387 0.195255 0.137009 0.085833 0.104989 0.148738 0.089240 
1.091127 0.586909 0.447452 0.365217 0.298480 0.261052 0.255339 0.239508 0.213651 0.208183 0.215906 0.134987 
1.076021 0.585385 0.426940 0.348115 0.297389 0.266425 0.252472 0.236614 0.226453 0.220362 0.218022 0.132953 
1.069346 0.585668 0.420689 0.346218 0.301545 0.263925 0.253326 0.240617 0.226211 0.226169 0.213913 0.132502 
1.070075 0.584778 0.425904 0.341072 0.300851 0.270016 0.252040 0.236698 0.229572 0.222172 0.215384 0.132532 
1.072374 0.587430 0.421047 0.344477 0.299438 0.270134 0.249062 0.236619 0.228641 0.221087 0.219846 0.132591 
1.072585 0.585114 0.418027 0.341555 0.299348 0.270883 0.251106 0.239857 0.227476 0.221271 0.219940 0.132339 
