1.069234 0.583499 0.421790 0.344857 0.298383 0.271002 0.249848 0.237301 0.227645 0.222107 0.220176 0.132222 
1.073484 0.579083 0.423746 0.341693 0.296308 0.274166 0.249528 0.237149 0.231789 0.220358 0.219359 0.132332 
1.069367 0.583476 0.422860 0.343746 0.296523 0.272124 0.250099 0.239328 0.227740 0.224241 0.216583 0.132292 
1.072569 0.584266 0.419850 0.343196 0.299563 0.269895 0.249513 0.241080 0.226693 0.222802 0.218185 0.132398 
1.073740 0.580823 0.424944 0.343822 0.299689 0.265197 0.253258 0.237515 0.228886 0.224738 0.216177 0.132517 
1.072313 0.581963 0.421033 0.341171 0.298827 0.270486 0.253786 0.238258 0.228229 0.222421 0.218647 0.132350 
1.197229 0.764781 0.497167 0.452710 0.321990 0.313839 0.216026 0.201725 0.177877 0.153767 0.144510 0.124580 
0.968968 0.749934 0.389007 0.389216 0.431426 0.324408 0.205000 0.172857 0.184980 0.233723 0.139133 0.137978 
1.040249 0.904038 0.711484 0.584363 0.302294 0.259248 0.179257 0.014556 0.094452 0.146376 -0.022912 0.045725 
1.667743 0.320120 0.741850 1.338335 0.343321 -0.380458 -0.034916 0.302441 -0.055221 -0.259287 -0.129477 0.079802 
1.953811 0.263771 0.641603 1.439742 0.235313 -0.435171 -0.058120 0.186365 -0.052420 -0.406552 -0.160102 0.030033 
2.324636 -0.286621 0.665106 1.599518 0.216939 -0.338224 -0.040049 0.052351 -0.146273 -0.179458 -0.109938 -0.192821 
3.346866 -0.473356 0.194279 0.684746 -0.230163 0.030470 0.264541 -0.094925 -0.466532 -0.113865 0.105698 -0.034471 
3.592420 0.857079 0.034946 -0.033359 -0.469766 -0.120973 0.464388 0.056783 -0.190477 -0.164403 -0.075473 -0.213505 
3.668815 1.237886 -0.052730 -0.342203 -0.438158 -0.147522 0.320087 -0.015398 0.065057 -0.118223 -0.109048 -0.121111 
3.263669 1.325644 0.105400 -0.395375 -0.414964 -0.127945 0.119536 0.040950 0.023410 -0.094395 -0.159233 -0.121331 
2.852273 1.222672 0.094362 -0.379716 -0.277310 0.048815 0.218135 0.113507 -0.025019 -0.077906 -0.169885 -0.084461 
2.654013 1.249271 0.250663 -0.278818 -0.238476 0.056507 0.228964 0.099352 -0.035753 -0.055976 -0.174229 -0.070763 
2.213026 1.102022 0.347148 -0.066075 -0.117154 0.028686 0.167516 0.120997 0.005656 -0.066561 -0.100961 -0.066557 
1.195244 0.666036 0.461411 0.352949 0.287002 0.253136 0.239943 0.220021 0.201520 0.193188 0.204764 0.138324 
1.102769 0.603553 0.433192 0.344316 0.297225 0.260253 0.245749 0.226093 0.223061 0.222946 0.218559 0.134956 
1.083703 0.595763 0.428206 0.344996 0.300249 0.269914 0.247763 0.234643 0.224681 0.220601 0.216240 0.133965 
1.074375 0.585604 0.427160 0.341457 0.297594 0.270087 0.251390 0.236341 0.227774 0.223672 0.216773 0.132800 
1.075489 0.585592 0.422984 0.345448 0.299168 0.269529 0.251331 0.235030 0.230453 0.219567 0.218881 0.132887 
1.071423 0.582325 0.422312 0.341604 0.298092 0.270527 0.255350 0.234161 0.231635 0.223697 0.216198 0.132396 
