1.088363 0.540086 0.442342 0.394256 0.317501 0.215614 0.219592 0.281105 0.246648 0.176706 0.213501 0.137069 
1.060723 0.530389 0.459008 0.387967 0.285348 0.236703 0.235054 0.265458 0.232764 0.218505 0.203158 0.132364 
1.073904 0.518755 0.431756 0.405740 0.299446 0.220151 0.240164 0.293804 0.237795 0.190912 0.203416 0.136740 
1.054732 0.506763 0.413930 0.453205 0.302629 0.212216 0.207848 0.266228 0.261214 0.205983 0.195754 0.132560 
0.825608 0.651539 0.330647 0.510767 0.147195 0.346278 0.262350 0.236289 0.133311 0.290406 0.204156 0.121778 
0.893749 0.639396 0.279418 0.385687 0.260077 0.326309 0.251507 0.128102 0.251841 0.247335 0.259116 0.098522 
0.835725 0.396044 0.533731 0.419600 0.092544 0.541137 0.179347 0.098461 0.329940 0.360782 -0.012992 0.168961 
2.538497 -0.322735 0.651349 0.381975 0.075327 -0.010129 -0.159375 -0.384141 -0.078843 0.130009 -0.090080 -0.061465 
1.756213 -0.451595 0.362094 0.527367 -0.151424 -0.112785 -0.218715 -0.346187 -0.138842 0.125828 0.024112 -0.067047 
2.072628 -0.811874 0.360493 0.378884 -0.013470 -0.262743 -0.221087 -0.301865 -0.158562 0.099537 0.018743 -0.070215 
2.760360 -0.398941 0.331875 0.196948 0.292324 -0.170252 -0.140308 -0.089232 -0.260210 -0.115147 0.003046 0.114676 
3.059948 -0.029266 0.096340 0.501652 -0.089944 -0.141894 0.042314 0.016547 -0.051954 -0.035201 0.008186 0.071373 
3.160766 -0.095026 -0.364665 0.074908 0.193764 -0.289530 0.348957 -0.146615 -0.202635 -0.000941 0.272819 0.363040 
3.935523 -0.556249 -0.161458 0.476601 -0.256290 -0.282474 0.005843 0.046763 -0.087698 0.112434 0.303619 0.228136 
3.544860 -0.061859 -0.019140 0.658882 0.018200 -0.115641 0.048167 0.112164 -0.012892 0.108649 0.182784 0.046203 
2.520426 0.359164 0.679808 0.060339 -0.260892 0.246940 0.084086 0.033327 -0.026815 0.015125 0.091582 0.092243 
1.633202 0.659502 1.068027 0.244397 0.023500 0.252130 0.173002 0.107287 -0.017116 0.087215 0.204439 0.043074 
1.183569 0.635146 0.468119 0.371720 0.264559 0.206462 0.195237 0.174615 0.197774 0.243161 0.252220 0.143386 
1.083382 0.614895 0.448551 0.339355 0.285138 0.269205 0.230911 0.217052 0.230057 0.227141 0.216938 0.134298 
1.106257 0.609283 0.459827 0.345282 0.293968 0.225612 0.216848 0.216982 0.214159 0.232672 0.237531 0.135040 
1.079533 0.590162 0.443595 0.358167 0.291970 0.264245 0.239282 0.227218 0.212395 0.212971 0.234704 0.132527 
1.098667 0.596511 0.439580 0.346813 0.305077 0.246450 0.237275 0.227270 0.218623 0.215846 0.229915 0.133831 
