1.077211 0.582541 0.421240 0.343230 0.298306 0.270239 0.251100 0.238373 0.229197 0.222519 0.218406 0.132790 
1.077210 0.582051 0.421159 0.342913 0.298531 0.270200 0.251369 0.238575 0.229009 0.222714 0.218232 0.132756 
1.076989 0.582919 0.420917 0.343048 0.298323 0.270371 0.251089 0.238393 0.229118 0.222746 0.218164 0.132767 
1.077316 0.582363 0.420968 0.343158 0.297993 0.270120 0.251395 0.238486 0.229043 0.222829 0.218314 0.132756 
1.083495 0.586000 0.426149 0.344060 0.298390 0.270563 0.249692 0.236670 0.229046 0.221085 0.216719 0.133595 
1.090767 0.581758 0.441670 0.349696 0.292890 0.272518 0.245570 0.230681 0.226859 0.215792 0.219860 0.134126 
1.587637 0.088137 0.886750 0.262023 0.190275 0.269146 0.084700 0.096917 0.067153 -0.071569 0.166807 0.167424 
1.195912 -0.073039 -0.163641 0.250715 0.000765 0.089072 -0.223280 0.022217 0.251352 0.223914 0.328718 0.202172 
1.223017 -0.151313 -0.128018 -0.214241 0.114964 0.156967 -0.063756 -0.002267 0.093488 0.332500 0.339601 0.177336 
1.236914 -0.268066 -0.005327 -0.120936 0.081988 0.105028 -0.018092 -0.107842 0.239483 0.345109 0.326865 0.159393 
1.419653 -0.516315 0.195639 0.001835 0.104224 -0.027980 -0.029637 -0.116612 0.310404 0.365277 0.205278 0.173909 
1.180708 -0.450333 0.503663 0.246242 0.023680 -0.309528 0.034111 0.086409 0.296636 0.203690 0.071817 0.230915 
1.033348 -0.230154 0.827651 0.326884 -0.115288 -0.218942 0.133558 0.140953 0.129800 0.040923 0.177523 0.262901 
1.289646 -0.023062 0.830062 0.503548 -0.100263 0.152791 0.152519 -0.069240 0.119821 0.120798 0.008261 0.089605 
1.454827 0.108554 0.940175 0.569533 0.050162 0.066270 0.011282 -0.049641 0.095211 -0.006786 0.083531 0.153217 
1.233921 0.560436 0.515941 0.449797 0.264985 0.212714 0.245596 0.211817 0.190749 0.187325 0.178227 0.131594 
1.089745 0.582228 0.431160 0.348630 0.293824 0.270558 0.248936 0.233160 0.231993 0.221260 0.211293 0.133647 
1.078704 0.582157 0.421957 0.343908 0.297991 0.269609 0.250907 0.238248 0.229089 0.222730 0.217766 0.132852 
1.076825 0.581909 0.420830 0.343426 0.298134 0.270100 0.250987 0.238352 0.229233 0.222970 0.218521 0.132695 
1.076578 0.582541 0.420995 0.343654 0.298396 0.269553 0.250840 0.238588 0.229309 0.222650 0.218583 0.132731 
1.077214 0.583014 0.421214 0.343058 0.298416 0.269967 0.251551 0.238257 0.228741 0.223076 0.218114 0.132813 
1.077204 0.582639 0.421274 0.343243 0.298366 0.269847 0.251362 0.238291 0.229419 0.222389 0.218344 0.132792 
