1.072243 0.581532 0.422684 0.342271 0.300262 0.265427 0.253853 0.237060 0.229734 0.219790 0.220923 0.132235 
1.071276 0.582122 0.424434 0.344383 0.296683 0.270908 0.250181 0.238190 0.227960 0.224613 0.215544 0.132313 
1.072725 0.583510 0.421543 0.339790 0.296576 0.272843 0.253888 0.235649 0.228920 0.224345 0.216801 0.132324 
1.071708 0.585713 0.424581 0.342665 0.297679 0.270431 0.248594 0.240541 0.225917 0.222912 0.217984 0.132489 
1.069341 0.585070 0.422329 0.343780 0.296768 0.270233 0.249473 0.238708 0.230342 0.221409 0.218474 0.132251 
1.071891 0.580497 0.424715 0.342136 0.299940 0.267192 0.254581 0.235123 0.234263 0.221540 0.215150 0.132413 
1.280725 0.742214 0.522963 0.395168 0.293459 0.241398 0.222727 0.195084 0.178643 0.163546 0.167686 0.129566 
1.718759 1.019652 0.655553 0.246005 0.160090 0.109308 0.134852 0.134179 0.130252 0.051082 0.005088 0.002132 
2.863097 1.651722 0.699936 -0.136577 -0.209860 -0.150493 0.093817 -0.000945 0.093588 0.092565 -0.053984 -0.061722 
2.248452 1.556494 0.167737 0.199274 -0.892948 -0.039372 0.137435 -0.100038 -0.023927 0.219165 -0.028048 -0.239152 
1.899341 1.198423 -0.099139 -0.046031 -0.906729 -0.001919 0.184287 -0.147698 0.097198 0.138623 -0.028583 -0.223112 
1.913229 0.968805 -0.440237 -0.019068 -0.889620 0.193196 0.332732 0.149956 0.052978 0.145986 -0.011866 -0.220600 
2.075153 0.695675 -0.614648 0.032391 -0.587385 0.084817 0.214125 0.083378 -0.042517 0.006583 0.123740 -0.008570 
2.557803 0.178039 -0.692930 0.247151 -0.221548 0.040466 0.305495 -0.035920 0.030757 -0.069607 0.300276 0.016358 
3.040841 -0.369351 -0.112354 0.459859 -0.079844 -0.130976 -0.084095 0.005610 -0.008284 0.102277 0.100926 0.022988 
2.717888 0.284509 -0.057244 0.320852 0.220442 0.041784 0.170115 0.156154 0.094397 0.024836 0.040818 0.049814 
2.205543 0.996627 0.301027 0.109558 0.171095 0.297452 0.273373 0.143657 0.051069 0.097614 0.039432 0.065557 
1.297053 0.725953 0.536030 0.414669 0.325110 0.292455 0.245659 0.182597 0.163819 0.157118 0.140858 0.121314 
1.080431 0.584298 0.421593 0.346760 0.293788 0.270519 0.245384 0.237181 0.223863 0.225817 0.220726 0.132637 
1.079335 0.585893 0.426177 0.343064 0.294867 0.270746 0.252665 0.231156 0.230780 0.224847 0.216675 0.133128 
1.071535 0.581329 0.423432 0.344673 0.294965 0.269421 0.247843 0.240416 0.226769 0.221177 0.222762 0.132073 
1.071460 0.584519 0.426065 0.339497 0.303478 0.266324 0.250257 0.236348 0.227337 0.225088 0.218376 0.132493 
1.075432 0.582046 0.424239 0.342556 0.297955 0.272181 0.250119 0.239869 0.228533 0.221191 0.217015 0.132710 
1.069775 0.581755 0.426383 0.342015 0.297143 0.272631 0.250449 0.240721 0.227172 0.221039 0.217560 0.132329 
