1.049908 0.577056 0.429293 0.346182 0.297556 0.266356 0.249934 0.243663 0.228788 0.222741 0.215695 0.130771 
1.070968 0.580581 0.421965 0.346322 0.288989 0.276514 0.241992 0.227841 0.236476 0.221074 0.224323 0.131488 
1.057686 0.575354 0.432129 0.339992 0.292013 0.268327 0.252290 0.237210 0.233083 0.225607 0.214999 0.130861 
1.064653 0.583469 0.427892 0.341547 0.297110 0.275646 0.248217 0.237843 0.227178 0.224540 0.213786 0.132016 
1.383221 0.352022 0.569446 0.240217 0.048827 0.229005 0.186837 0.120347 0.189612 0.281472 0.287300 0.140672 
1.121644 0.566059 0.400454 0.241593 0.155815 0.163869 0.336850 0.167752 0.250480 0.302373 0.324284 0.121058 
2.375331 1.240711 0.698685 -0.102972 -0.483834 -0.488487 0.224428 -0.126798 -0.053852 0.236823 0.061272 -0.087906 
2.226762 0.892172 0.657563 -0.121322 -0.708322 -0.358210 0.115953 -0.135881 -0.031716 0.182611 0.074153 -0.138779 
2.082468 0.746197 0.575562 -0.194763 -0.658557 -0.368173 0.182721 -0.130691 0.001949 0.173448 0.023534 -0.148746 
2.157483 0.542302 0.452466 -0.222720 -0.537343 -0.198453 0.207142 -0.083026 -0.033643 0.066708 -0.086805 -0.138710 
2.454296 0.305662 0.365174 -0.149906 -0.264865 -0.215752 0.285429 -0.214575 -0.291576 0.040976 -0.082664 -0.113318 
2.205914 0.277739 0.122445 0.033155 -0.012378 0.067816 0.069550 -0.119420 -0.227793 -0.147757 -0.009358 0.072229 
2.326690 0.140942 0.288588 -0.102671 0.335878 0.142381 0.045071 -0.251883 -0.161737 -0.016848 -0.022007 0.157148 
1.360181 -0.009933 0.536232 0.026418 0.500765 -0.168245 -0.018967 -0.089505 -0.006180 0.109674 -0.003077 0.242095 
1.370944 0.208203 0.469439 0.406973 0.383346 0.175807 0.337906 -0.151346 0.028364 0.041368 0.102482 0.113744 
1.147998 0.572210 0.404371 0.360942 0.317456 0.275996 0.255145 0.229830 0.200854 0.197938 0.220476 0.136412 
1.067639 0.587384 0.423588 0.340277 0.303438 0.264436 0.258590 0.224470 0.242965 0.221768 0.209278 0.132339 
1.065635 0.580778 0.426849 0.347960 0.303197 0.264542 0.259511 0.233893 0.228018 0.216508 0.217166 0.132203 
1.067859 0.583982 0.424709 0.334372 0.294202 0.274912 0.254710 0.239008 0.222322 0.226896 0.215197 0.131605 
1.059600 0.576570 0.418357 0.349887 0.296127 0.273059 0.249590 0.245265 0.227312 0.225203 0.210325 0.131251 
