1.079731 0.583150 0.422049 0.342052 0.298363 0.270478 0.249898 0.238082 0.229658 0.222627 0.217844 0.132923 
1.077786 0.582121 0.421647 0.342649 0.298981 0.268778 0.249794 0.238842 0.230793 0.221472 0.218866 0.132733 
1.077689 0.583850 0.421953 0.342124 0.297491 0.267642 0.249495 0.237704 0.229936 0.224121 0.219407 0.132696 
1.077549 0.582616 0.422693 0.342244 0.296067 0.269337 0.250308 0.238251 0.230337 0.223553 0.218494 0.132704 
1.076827 0.581968 0.421727 0.342370 0.297829 0.269082 0.250845 0.238169 0.230587 0.223280 0.217932 0.132637 
1.080282 0.585124 0.424398 0.341723 0.297754 0.269745 0.249550 0.237510 0.227989 0.222694 0.219430 0.133111 
1.155943 0.641055 0.450114 0.350317 0.293568 0.263309 0.244916 0.231716 0.220352 0.206884 0.196515 0.138244 
1.303799 0.752534 0.516403 0.361589 0.288433 0.247269 0.238914 0.216088 0.192265 0.165608 0.129497 0.121082 
1.899291 1.427198 0.249286 0.142034 -0.436772 -0.261918 0.387813 -0.087887 0.083553 0.156389 0.066418 -0.079088 
1.597211 1.491440 -0.141266 -0.071587 -0.586993 -0.229505 0.272313 0.004900 0.200021 0.094277 0.061950 -0.046119 
1.678149 1.244774 -0.497089 -0.192536 -0.319098 0.056483 0.133471 0.191277 0.130289 0.001260 0.062063 0.002457 
1.850348 0.813318 -0.472128 -0.071013 -0.269353 0.098514 0.257342 0.073461 0.171836 -0.015637 0.193752 0.027160 
1.998636 0.361517 -0.370459 0.109943 0.044602 0.044610 0.236600 -0.005579 0.040317 -0.028796 0.171715 0.122642 
2.023106 0.020237 -0.119395 0.286765 0.064504 -0.027994 -0.079027 0.077942 0.136292 0.245664 0.122227 0.013682 
1.983696 0.199612 0.295618 0.270388 0.001978 0.199318 0.129612 0.029537 0.061896 -0.029094 0.004981 0.112119 
1.985348 0.222520 0.581644 0.345932 -0.057276 0.267995 0.164585 0.161404 0.101146 0.068521 0.066173 0.094331 
1.970676 0.368562 0.383783 0.501557 0.233485 0.355501 0.199435 0.078431 0.076827 0.136268 0.086353 0.066238 
1.131417 0.595716 0.436977 0.347925 0.285575 0.270206 0.269681 0.244437 0.211518 0.199231 0.199446 0.134417 
1.083141 0.584150 0.423279 0.342903 0.296432 0.265451 0.246859 0.238328 0.230453 0.222167 0.219187 0.132801 
1.077014 0.581025 0.422871 0.341184 0.298318 0.270984 0.250075 0.237346 0.231230 0.221803 0.218062 0.132590 
1.079126 0.583999 0.421292 0.342430 0.298113 0.268319 0.248961 0.237039 0.229123 0.224411 0.219828 0.132799 
1.077810 0.582719 0.420101 0.343135 0.297266 0.268978 0.250192 0.237372 0.228983 0.224645 0.219290 0.132614 
1.079237 0.580808 0.418510 0.341878 0.298210 0.270670 0.250235 0.237556 0.231177 0.224460 0.217167 0.132560 
