1.073388 0.590887 0.426999 0.342172 0.301782 0.266298 0.254444 0.232870 0.226847 0.222686 0.215484 0.132983 
1.076220 0.586110 0.428600 0.343477 0.298042 0.273354 0.246067 0.230049 0.231911 0.220553 0.217749 0.132821 
1.077526 0.587962 0.425692 0.347014 0.297963 0.271997 0.247518 0.230603 0.228763 0.223747 0.216191 0.133023 
1.156656 0.535328 0.394703 0.305517 0.264068 0.272232 0.245672 0.223321 0.237226 0.255484 0.223945 0.128189 
1.122864 0.568926 0.412544 0.290827 0.257621 0.262671 0.263499 0.250393 0.223950 0.236285 0.231124 0.128913 
2.573551 1.332212 0.648743 -0.023762 -0.583142 -0.175119 0.225899 -0.111550 0.004902 0.279702 -0.013037 -0.148372 
2.274266 1.282376 0.557047 -0.118335 -0.551972 -0.299021 0.273353 -0.087721 -0.035307 0.255702 -0.049661 -0.171365 
2.315895 1.061926 0.433075 -0.123515 -0.552919 -0.222374 0.206437 -0.066414 -0.037824 0.136592 -0.056341 -0.171814 
2.332640 0.935002 0.348829 -0.185009 -0.501487 -0.155897 0.272518 -0.233085 0.144947 0.009919 -0.110565 -0.120630 
2.543988 0.815129 0.234204 0.010451 -0.504646 -0.151562 0.341670 -0.303511 -0.040705 0.035730 -0.019173 -0.197776 
2.504548 0.555745 0.230213 0.096817 -0.228360 -0.048597 0.386680 -0.247419 -0.122966 -0.015666 -0.024675 -0.113213 
2.354261 0.427493 0.188936 0.158335 -0.121395 0.038314 0.232909 -0.220813 -0.176629 0.043682 0.040373 -0.039973 
2.148183 0.543155 0.461001 0.208222 0.188492 0.113981 0.168287 -0.018657 0.052224 0.033557 0.023779 0.058551 
1.309783 -0.147741 0.368221 0.404702 0.416487 -0.016323 0.082182 -0.327542 -0.092616 0.004686 0.029945 0.143839 
1.333690 0.374747 0.339397 0.502562 0.489485 0.380853 0.295990 0.114547 -0.022393 0.153822 0.296525 0.177435 
1.097185 0.570441 0.396616 0.332868 0.317237 0.293469 0.266475 0.218392 0.200653 0.210423 0.239083 0.134041 
1.074648 0.585595 0.419237 0.345434 0.302629 0.280246 0.248474 0.237271 0.220548 0.222838 0.213792 0.132791 
1.067437 0.584485 0.427109 0.339498 0.296615 0.268849 0.248468 0.237681 0.226365 0.220569 0.224732 0.131789 
1.072755 0.588088 0.424592 0.341093 0.298203 0.265735 0.251182 0.232384 0.230315 0.224294 0.219767 0.132472 
1.076989 0.580744 0.424856 0.343055 0.300043 0.270510 0.249474 0.233067 0.221357 0.227544 0.220592 0.132394 
