1.077555 0.582476 0.422250 0.343185 0.298393 0.270446 0.251467 0.237815 0.229170 0.222092 0.218372 0.132867 
1.077082 0.582135 0.421186 0.343085 0.297965 0.270288 0.251210 0.238370 0.229177 0.222666 0.218664 0.132741 
1.077073 0.582659 0.420994 0.342825 0.297667 0.270604 0.251182 0.238213 0.229096 0.222881 0.218499 0.132730 
1.076740 0.582998 0.421121 0.343555 0.298337 0.269764 0.251172 0.238403 0.229114 0.222754 0.218202 0.132774 
1.080921 0.584564 0.426025 0.344483 0.298539 0.270322 0.249267 0.237658 0.228013 0.220875 0.218368 0.133358 
1.117099 0.580155 0.457865 0.360720 0.292511 0.266365 0.240388 0.231736 0.207990 0.199500 0.232816 0.135643 
1.840553 -0.131089 0.912408 0.397223 0.211580 0.287115 -0.068787 0.100433 0.068076 0.013159 0.222171 0.056259 
1.462767 -0.253266 -0.096509 0.318009 0.044031 0.081346 -0.257091 -0.028155 0.360005 0.283179 0.222281 0.150015 
1.671287 -0.465872 -0.025457 -0.010108 0.217670 -0.111167 -0.043232 0.027109 0.194773 0.350971 0.221866 0.097852 
1.616361 -0.565043 0.045958 0.021081 0.249985 -0.230708 0.129415 -0.004498 0.205222 0.406178 0.161676 0.161197 
1.598485 -0.731557 0.388535 0.300055 0.151830 -0.241358 -0.174395 0.059654 0.163073 0.211103 0.211036 0.174152 
1.640803 -0.423735 0.568326 0.678124 0.103964 -0.310781 -0.037221 0.239837 0.048181 -0.048286 0.135068 0.202838 
1.939813 -0.033940 0.692647 0.534978 -0.004769 -0.130735 -0.060593 0.163896 0.061565 -0.060304 0.153461 0.255727 
1.977636 -0.118041 0.646476 0.619207 -0.096618 -0.010677 0.014855 -0.009173 0.146707 0.108435 0.009649 0.148342 
1.360330 0.441437 0.598380 0.597107 0.238904 0.113371 0.149742 0.197481 0.234536 0.137487 0.148826 0.149416 
1.097946 0.585244 0.431567 0.363407 0.304802 0.258833 0.244518 0.245643 0.230071 0.208837 0.211707 0.135418 
1.081475 0.584543 0.424497 0.346557 0.299324 0.269203 0.250776 0.238052 0.227110 0.220172 0.217510 0.133381 
1.078654 0.583155 0.422895 0.343757 0.298931 0.270296 0.250577 0.238687 0.228159 0.221862 0.217990 0.133018 
1.078341 0.583638 0.421992 0.343910 0.299147 0.269617 0.251465 0.238118 0.228531 0.222443 0.217899 0.133028 
1.076741 0.582397 0.421015 0.343268 0.297792 0.270557 0.251734 0.238052 0.229549 0.222469 0.218308 0.132749 
1.076920 0.582991 0.421364 0.343617 0.298344 0.269661 0.250798 0.238348 0.229116 0.222670 0.218497 0.132787 
