1.076172 0.583484 0.422712 0.342686 0.296655 0.270996 0.251670 0.236987 0.229983 0.222766 0.217596 0.132742 
1.075415 0.579688 0.423498 0.343042 0.298379 0.269765 0.248724 0.240256 0.228001 0.221491 0.220443 0.132469 
1.072801 0.584151 0.421513 0.343696 0.299908 0.269889 0.252466 0.234503 0.230019 0.224344 0.216042 0.132564 
1.016749 0.627397 0.383262 0.370458 0.281515 0.273535 0.251476 0.234798 0.238052 0.210608 0.228172 0.128045 
1.047538 0.521198 0.389763 0.335869 0.389558 0.242898 0.210287 0.248632 0.226400 0.267145 0.194792 0.120601 
1.136351 0.337972 0.418676 0.412202 0.328750 0.347791 0.255372 0.209002 0.213633 0.235985 0.212584 0.128239 
2.100078 -0.607696 0.733298 0.723385 0.010865 0.080212 -0.164502 -0.163561 0.044395 -0.096355 -0.260840 -0.037565 
1.760379 0.090348 0.780412 1.068237 0.243755 -0.188690 -0.078404 0.075891 0.001154 -0.171793 -0.100693 0.017883 
2.116190 0.134816 0.737127 1.385391 0.499462 -0.253586 -0.017372 0.291033 0.095496 -0.181546 -0.078854 0.082879 
1.843274 1.084702 0.929421 0.780832 0.348970 0.027086 0.053888 0.111796 -0.053636 -0.145343 -0.000537 0.018451 
1.835938 -0.689211 0.389809 0.829616 0.366738 0.375309 0.071223 -0.168291 -0.044530 0.161683 0.038372 -0.019312 
0.992724 0.464439 0.443823 0.331712 0.359024 0.220256 0.282939 0.256289 0.180223 0.309081 0.163246 0.116103 
1.017635 0.541218 0.445592 0.368009 0.293698 0.277959 0.237672 0.248652 0.229503 0.238515 0.186952 0.128866 
1.035962 0.546505 0.460803 0.350936 0.252855 0.303100 0.278555 0.194518 0.226197 0.269493 0.187471 0.127395 
