1.067038 0.579085 0.416885 0.332446 0.294633 0.266201 0.250348 0.234208 0.222277 0.218586 0.238555 0.129764 
1.056382 0.584308 0.421362 0.329044 0.297213 0.266349 0.249968 0.235741 0.220806 0.228327 0.230751 0.129688 
1.076603 0.562702 0.424510 0.339142 0.295028 0.255261 0.243351 0.242555 0.228254 0.228562 0.227636 0.130156 
1.064621 0.575270 0.411101 0.348954 0.281357 0.256111 0.235422 0.233775 0.244725 0.229302 0.230482 0.128951 
0.818415 0.773778 0.265035 0.415288 0.255156 0.309972 0.225348 0.211481 0.240479 0.217641 0.253670 0.104686 
0.985176 0.635921 0.143288 0.400519 0.397613 0.301211 0.280028 0.160521 0.204282 0.144987 0.315662 0.110508 
0.986295 0.447530 0.556051 0.569363 0.351842 0.289462 0.312263 -0.060125 0.167726 0.196400 0.177041 0.048667 
1.047088 0.060020 0.893941 0.649394 0.005255 0.021443 0.052322 -0.158669 0.031928 0.002220 -0.166210 -0.090826 
0.519277 0.076040 0.801697 0.831631 -0.200944 -0.152170 0.007775 -0.188644 -0.012493 -0.186014 -0.170365 -0.060027 
0.530923 -0.026460 0.712298 0.763440 -0.109330 -0.100882 -0.039909 -0.221780 -0.086571 -0.057391 -0.288302 -0.107430 
0.860272 0.065137 0.566356 0.689962 0.183290 -0.208144 -0.057480 -0.256607 0.064641 -0.106010 -0.261661 -0.103310 
1.868166 -0.155721 0.470779 -0.081692 -0.037676 0.045866 0.104672 -0.071835 -0.291866 -0.090738 0.021580 -0.020058 
2.348432 0.309146 0.249446 0.158139 -0.178880 -0.430497 0.310982 -0.174875 -0.070112 -0.126636 -0.084004 -0.024946 
2.669722 0.402428 0.261425 0.172221 -0.376277 -0.326245 0.323000 0.010407 -0.017062 -0.002223 0.039017 -0.096281 
3.228684 0.171522 0.258916 0.222340 -0.556182 -0.122842 0.344733 0.258832 -0.065945 0.039487 0.122407 0.014804 
2.279377 0.862305 0.443660 0.226833 0.072712 0.033563 0.348676 0.256846 -0.160016 -0.002215 0.099931 0.114746 
1.451707 0.730785 0.339958 0.162473 0.138960 0.220294 0.311187 0.273540 0.213396 0.157367 0.177163 0.108179 
1.104221 0.584682 0.446094 0.340384 0.274762 0.268212 0.265675 0.224057 0.220872 0.211275 0.222921 0.133358 
1.077977 0.597355 0.424398 0.346949 0.286455 0.274398 0.234324 0.234568 0.230771 0.223763 0.218569 0.132785 
1.054444 0.585083 0.422989 0.355516 0.293470 0.264788 0.259850 0.245732 0.215813 0.223570 0.211909 0.131442 
1.061631 0.589020 0.423769 0.338754 0.282370 0.250593 0.248628 0.243146 0.216683 0.231819 0.234176 0.129854 
1.067461 0.576068 0.406303 0.344443 0.297107 0.263191 0.235050 0.222912 0.232971 0.239551 0.227982 0.128941 
