1.105827 0.620663 0.502243 0.369504 0.262447 0.217581 0.171734 0.200985 0.205665 0.200856 0.260818 0.133694 
1.204418 0.629407 0.516445 0.366799 0.241368 0.123907 0.149744 0.142035 0.246533 0.219052 0.246049 0.151894 
1.098403 0.534597 0.576716 0.515616 0.066703 0.079752 0.112943 0.106836 0.231704 0.314501 0.261119 0.147038 
0.846673 0.390130 0.462478 0.338366 0.212672 0.338663 0.347421 -0.008481 0.321813 0.318937 0.054375 0.095321 
0.876648 0.467176 0.234326 0.101937 0.187849 0.496711 0.252906 0.365308 0.118776 0.150671 0.189161 0.075881 
0.857767 0.494220 0.387245 0.264963 0.212345 0.354400 0.216341 -0.083361 0.238639 0.412574 0.165957 0.087542 
2.524372 -0.226865 0.456869 0.513822 -0.022597 -0.081524 -0.184801 -0.466354 -0.095612 0.107808 -0.156343 -0.143645 
2.269322 -0.514329 0.473900 0.404708 0.046171 -0.243756 -0.340708 -0.337887 -0.180061 -0.062105 -0.043828 -0.021922 
2.920484 -0.788057 0.234294 0.194055 0.164580 -0.141282 -0.305404 -0.226397 -0.215254 -0.060310 0.089070 0.065554 
2.653437 -0.123918 -0.087763 0.590041 0.189822 -0.136578 -0.053304 -0.171045 -0.196085 -0.080550 0.104362 0.069666 
3.300770 0.129403 0.004694 0.478734 -0.061653 -0.274932 0.074356 -0.013436 -0.102860 -0.009884 0.139232 0.020400 
3.664154 -0.458391 0.069405 -0.163994 0.042005 -0.138505 0.018488 0.148877 -0.277819 -0.122959 0.277137 0.239426 
3.606744 -0.204285 -0.087880 0.539018 -0.102445 -0.184632 -0.089443 -0.002993 -0.042027 0.121776 0.172976 0.081388 
3.044895 -0.033408 0.110453 0.661769 -0.048011 -0.240018 0.016784 0.119736 0.091862 0.189169 0.198211 0.029779 
2.434672 0.352208 0.504744 0.696658 0.221721 -0.124365 0.021891 -0.010385 -0.175540 0.091878 0.232905 0.061799 
1.484527 0.629671 0.549678 0.534224 0.395704 0.186311 0.065429 -0.099730 0.023923 0.154357 0.213972 0.072754 
1.374797 0.699972 0.524960 0.460285 0.331008 0.184675 0.141087 -0.002634 0.029033 0.142921 0.249735 0.116317 
1.265700 0.648690 0.508186 0.525200 0.323296 0.157559 0.150339 0.054314 0.046004 0.188867 0.249331 0.105113 
1.314669 0.670377 0.527707 0.436315 0.310146 0.195416 0.138001 0.095561 0.094355 0.165948 0.214113 0.119422 
1.207341 0.620765 0.467493 0.391119 0.283323 0.225762 0.176248 0.079688 0.135462 0.196658 0.296384 0.132195 
1.188706 0.583778 0.392079 0.383561 0.327230 0.196757 0.145449 0.090741 0.179246 0.294844 0.293478 0.130806 
