1.081322 0.582578 0.420839 0.341528 0.298582 0.271782 0.253379 0.234264 0.226642 0.222262 0.219704 0.132851 
1.080080 0.580982 0.419826 0.344167 0.299393 0.268266 0.250941 0.235820 0.226212 0.224498 0.220640 0.132649 
1.080528 0.580949 0.421105 0.341562 0.296366 0.268036 0.249782 0.238974 0.228414 0.221346 0.222321 0.132525 
1.084457 0.515304 0.455231 0.364819 0.272248 0.279808 0.246904 0.214776 0.238582 0.233764 0.213000 0.129223 
1.056010 0.517557 0.467805 0.362339 0.241283 0.270074 0.303062 0.207597 0.203065 0.256131 0.221343 0.121832 
1.039399 0.519855 0.464278 0.313264 0.251520 0.240756 0.328534 0.226004 0.192570 0.281364 0.208265 0.117195 
2.633785 0.138632 0.039905 0.063493 -0.467585 0.070654 0.421817 0.101342 -0.063092 0.185012 0.205526 0.071462 
2.559365 -0.070602 -0.018990 -0.045102 -0.380266 -0.010454 0.305587 0.007181 -0.090360 0.178138 0.239015 0.117181 
2.277330 -0.340351 0.052020 0.216116 -0.185116 0.009600 0.012089 -0.170470 -0.032874 0.299600 0.296267 0.136036 
2.113113 -0.332125 0.561717 0.437661 0.055376 -0.271306 -0.149792 -0.114071 -0.008186 0.098954 0.000427 0.028816 
1.829592 -0.142220 0.867126 0.593591 0.277492 -0.288402 0.064710 -0.112465 -0.049984 0.083928 -0.167243 0.016444 
2.430725 0.130651 0.290080 0.765479 0.316193 0.003346 0.064637 -0.075966 0.064407 0.022115 0.084494 0.110425 
1.710891 0.683351 0.517394 0.627739 0.413693 0.047106 -0.092253 -0.056377 -0.001167 0.060324 0.074049 0.036797 
1.517880 0.782828 0.547559 0.512392 0.418019 0.188681 0.004554 -0.013258 0.070972 0.132745 0.146864 0.075457 
1.089341 0.584858 0.423922 0.343641 0.298722 0.270704 0.250495 0.237925 0.228230 0.219449 0.215258 0.133636 
1.081197 0.583403 0.420916 0.342342 0.299726 0.267961 0.251468 0.236238 0.227138 0.224421 0.218479 0.132870 
1.077369 0.581056 0.423478 0.343194 0.296732 0.267942 0.251605 0.237556 0.228928 0.224541 0.218415 0.132647 
1.077976 0.583144 0.418752 0.342314 0.298224 0.271047 0.253668 0.236373 0.229942 0.220622 0.218461 0.132639 
