1.076791 0.581950 0.421587 0.343142 0.298362 0.269856 0.251805 0.238578 0.228751 0.222477 0.218279 0.132726 
1.076667 0.582446 0.421024 0.342891 0.298672 0.270046 0.251491 0.238764 0.229041 0.221884 0.218498 0.132713 
1.077432 0.582388 0.421597 0.342618 0.298298 0.269979 0.251530 0.238178 0.229405 0.223074 0.217505 0.132762 
1.076746 0.582729 0.421591 0.343600 0.297571 0.270908 0.250736 0.238054 0.229074 0.222872 0.218144 0.132764 
1.077399 0.582492 0.421151 0.343334 0.298026 0.270094 0.251770 0.238814 0.228385 0.222588 0.218217 0.132785 
1.075944 0.581410 0.422752 0.340881 0.297621 0.272223 0.250203 0.238738 0.230792 0.221333 0.218353 0.132618 
1.103501 0.601681 0.433260 0.347686 0.298132 0.267982 0.250641 0.234156 0.222897 0.217937 0.209499 0.135363 
1.119125 0.615394 0.444038 0.352851 0.300378 0.267146 0.244321 0.229829 0.219588 0.212754 0.208646 0.136926 
1.748945 1.406963 0.337698 0.050383 -0.385338 -0.193658 0.352154 -0.060501 0.074888 0.178509 -0.018382 -0.046461 
1.746833 1.335682 0.068094 0.004371 -0.685907 -0.192508 0.394025 -0.089366 0.075935 0.192811 0.048668 -0.113591 
1.788164 1.106457 -0.321517 -0.024954 -0.693172 0.069167 0.446489 -0.040655 0.134331 0.155527 0.158393 -0.094627 
1.936741 0.743983 -0.425842 0.001674 -0.417872 0.124105 0.412347 0.055717 0.077521 0.075178 0.250544 0.050150 
2.046934 0.434085 -0.359475 0.034965 -0.015537 0.151153 0.301523 -0.106047 0.044988 0.089030 0.298229 0.159470 
1.838365 0.119267 -0.113194 0.425988 -0.061608 0.126066 -0.037496 -0.066792 0.174323 0.312316 0.225766 0.079908 
1.962224 0.229776 0.313601 0.151128 0.013982 0.274566 0.132691 0.172085 -0.116021 -0.003467 0.087887 0.073372 
1.522909 0.581021 0.571978 0.326548 0.204568 0.247309 0.148953 0.131863 0.130746 0.128863 0.207186 0.147419 
1.410438 0.574427 0.510238 0.378975 0.295310 0.283037 0.145109 0.141921 0.129857 0.129513 0.233304 0.144776 
1.079193 0.582891 0.423493 0.343904 0.297379 0.269940 0.251647 0.238040 0.228443 0.221912 0.217557 0.132969 
1.077860 0.581384 0.420504 0.343616 0.297563 0.269287 0.251997 0.238990 0.229569 0.222136 0.218327 0.132693 
1.076824 0.582446 0.422625 0.342950 0.297031 0.270677 0.250552 0.237510 0.229334 0.223334 0.218314 0.132724 
1.076589 0.581849 0.422108 0.342123 0.298279 0.270040 0.250676 0.238254 0.229485 0.222792 0.218886 0.132675 
1.075717 0.579377 0.424661 0.343080 0.295306 0.271308 0.251641 0.238256 0.229204 0.223203 0.218073 0.132573 
1.075630 0.579399 0.423789 0.343878 0.296224 0.269816 0.252533 0.238635 0.227784 0.222214 0.219838 0.132556 
1.076665 0.581697 0.421911 0.342657 0.297512 0.270927 0.251375 0.238376 0.229619 0.222019 0.218610 0.132706 
