1.089288 0.610849 0.437596 0.339245 0.312087 0.248579 0.235096 0.218714 0.224473 0.222541 0.226343 0.134057 
1.070070 0.582933 0.431133 0.351090 0.300400 0.264062 0.257918 0.226432 0.223947 0.222859 0.214865 0.132211 
1.066591 0.586540 0.417890 0.349498 0.295093 0.268901 0.253500 0.224996 0.231769 0.217545 0.223318 0.131192 
1.071763 0.582954 0.448321 0.344062 0.275288 0.272639 0.241167 0.229300 0.222821 0.243869 0.208360 0.131946 
1.072611 0.517934 0.478783 0.256238 0.190727 0.289599 0.255537 0.199404 0.260770 0.245642 0.260867 0.123388 
1.354992 0.685619 0.457726 0.161380 0.141291 0.145044 0.197305 0.186885 0.260239 0.331645 0.265110 0.171200 
2.072274 1.248908 0.764280 0.004411 -0.691322 -0.245625 0.169531 -0.201644 0.029563 0.203587 0.075070 -0.174652 
1.913651 1.129597 0.664896 -0.051788 -0.711306 -0.248932 0.100765 -0.201534 -0.041916 0.175791 0.030313 -0.171257 
1.966646 1.069779 0.657289 -0.085674 -0.713467 -0.291982 0.192997 -0.229149 0.016988 0.108790 0.017074 -0.233369 
2.026626 0.854319 0.732017 -0.214359 -0.631491 -0.343248 0.160841 -0.169355 0.025994 0.096307 -0.006304 -0.146981 
2.141419 0.621008 0.420663 -0.200510 -0.528436 -0.173919 0.260465 -0.130733 -0.017584 0.094123 -0.112062 -0.155962 
2.102992 0.597710 0.312070 0.009177 -0.388319 -0.095914 0.304416 -0.141073 -0.183200 -0.053008 -0.082620 -0.149904 
2.039434 0.420752 0.206433 -0.018505 -0.130076 0.075591 0.300759 -0.226323 -0.299753 -0.028829 -0.037990 -0.010204 
2.045158 0.538051 0.043828 0.208983 0.163393 0.045947 0.189460 -0.157847 -0.438933 0.049798 0.128435 0.128388 
1.983826 -0.156180 0.490782 -0.051727 0.463231 -0.155358 -0.028833 0.296642 -0.046998 0.229691 0.134681 0.045704 
1.358847 -0.169786 0.527955 0.357306 0.581570 0.055220 0.479301 -0.009355 -0.254394 0.105668 0.103312 0.236024 
1.128764 0.548804 0.384531 0.353792 0.327763 0.299903 0.270179 0.183115 0.163853 0.194463 0.277548 0.137765 
1.095203 0.582482 0.406086 0.327818 0.292438 0.280499 0.248509 0.223747 0.220211 0.220209 0.237815 0.131978 
1.076633 0.574322 0.419626 0.339882 0.298913 0.270292 0.257405 0.228396 0.236603 0.227206 0.206334 0.131411 
1.090456 0.609994 0.433128 0.348224 0.303658 0.259909 0.238599 0.219256 0.219395 0.231300 0.215310 0.134298 
1.117649 0.619700 0.443540 0.356522 0.303063 0.259289 0.242537 0.238270 0.213296 0.201720 0.213387 0.136292 
