1.074513 0.582421 0.420723 0.343512 0.299303 0.268439 0.251152 0.239240 0.228200 0.223934 0.218081 0.132550 
1.075972 0.582009 0.421454 0.343191 0.297521 0.269868 0.251278 0.237954 0.229492 0.222895 0.218651 0.132609 
1.076351 0.582491 0.422341 0.343597 0.296945 0.270128 0.251506 0.237728 0.228334 0.223123 0.218775 0.132697 
1.076555 0.582755 0.421801 0.343240 0.297180 0.270106 0.250901 0.237829 0.229312 0.222885 0.218656 0.132690 
1.076065 0.582781 0.421813 0.343169 0.297392 0.271735 0.252128 0.236441 0.230494 0.221998 0.217580 0.132737 
1.116952 0.610357 0.435989 0.347002 0.291495 0.263033 0.246384 0.232997 0.222841 0.217268 0.213734 0.136255 
1.219942 0.665768 0.453458 0.335611 0.267928 0.251170 0.254386 0.239862 0.218243 0.200043 0.179848 0.135703 
1.221663 0.683672 0.475345 0.360681 0.289164 0.255453 0.241698 0.228266 0.208317 0.190417 0.175780 0.136533 
1.926532 0.948249 0.350842 0.351375 -0.243217 -0.166068 0.160873 0.236735 -0.011461 0.092885 0.047240 -0.010271 
1.932945 1.154867 0.102810 0.016632 -0.609255 -0.271313 0.403722 -0.068083 0.074340 0.112888 0.116816 -0.159711 
2.109937 0.963398 -0.169997 -0.201849 -0.427591 -0.117866 0.558914 -0.031524 0.065529 0.012775 0.053197 -0.028508 
2.061329 0.752630 -0.395285 0.050564 -0.462901 0.045219 0.305798 0.281164 0.004421 -0.009319 0.088742 0.081652 
2.108053 0.403557 -0.470852 0.144287 -0.241304 0.074631 0.326479 0.081831 0.021344 -0.000697 0.288363 0.146149 
2.172202 -0.027031 -0.192326 0.268912 0.055414 -0.207445 0.217320 -0.135443 0.149667 0.167489 0.265206 0.097635 
1.906870 0.009030 0.045727 0.598732 -0.027813 -0.060446 0.001836 0.088481 0.037350 0.178481 0.095045 0.011827 
2.015830 0.081972 0.590620 0.488125 0.097946 0.262921 0.244202 -0.070984 0.016201 0.188072 0.075600 -0.001908 
1.815987 0.371976 0.441174 0.342957 0.076942 0.341188 0.269974 -0.021261 0.117892 0.104953 0.114460 0.133538 
1.172449 0.591999 0.482115 0.388444 0.279618 0.246634 0.228137 0.221001 0.226123 0.195475 0.200149 0.137633 
1.081956 0.581361 0.423105 0.346134 0.297976 0.267648 0.253220 0.238886 0.229026 0.219901 0.216660 0.133109 
1.077564 0.582629 0.421999 0.342627 0.298654 0.268603 0.250649 0.238933 0.230116 0.222321 0.217769 0.132750 
1.077014 0.582010 0.420945 0.342651 0.297696 0.270923 0.250833 0.238475 0.230263 0.222572 0.217528 0.132669 
1.075984 0.581867 0.421313 0.344110 0.298707 0.269854 0.250558 0.237813 0.228629 0.222226 0.219705 0.132649 
1.077151 0.582132 0.422233 0.343620 0.298851 0.269010 0.251851 0.237497 0.229446 0.222973 0.217545 0.132792 
