1.057253 0.576507 0.400839 0.339023 0.306895 0.279193 0.253173 0.229073 0.225782 0.234476 0.215581 0.129942 
1.042548 0.496079 0.370518 0.340700 0.397414 0.273808 0.227496 0.261186 0.188416 0.268897 0.183503 0.121260 
1.050935 0.436796 0.459576 0.292984 0.300363 0.408107 0.239666 0.204681 0.308388 0.189352 0.122521 0.143414 
1.640516 -0.393220 0.766484 0.685351 0.104676 -0.015594 -0.197742 -0.193720 0.069791 -0.155903 -0.296373 0.019786 
1.600203 -0.109326 0.767782 1.150718 0.002377 -0.363013 0.048068 0.095544 -0.148075 -0.240029 -0.053284 0.028286 
1.816482 -0.093057 0.853844 1.395520 0.240014 -0.035568 0.026798 -0.030962 0.119952 -0.032784 -0.101037 -0.050567 
1.514240 0.531250 0.788717 0.898329 0.285462 -0.100342 0.039800 0.103308 -0.011352 -0.066556 0.002344 0.045875 
0.844721 -0.156913 0.433752 0.354287 0.242071 -0.078376 0.572710 0.420487 0.081757 0.135958 0.038289 0.097457 
1.076863 0.390419 0.395429 0.377317 0.341318 0.240342 0.239333 0.254510 0.204482 0.293487 0.164902 0.103931 
1.081861 0.470583 0.335640 0.323683 0.418991 0.267230 0.229300 0.231258 0.165924 0.246147 0.255871 0.121850 
