1.051209 0.587898 0.440787 0.358635 0.299954 0.260824 0.259895 0.217027 0.206227 0.235225 0.212693 0.130514 
1.051314 0.564735 0.425759 0.337355 0.290102 0.283218 0.237694 0.225917 0.247047 0.229284 0.210788 0.128962 
1.052918 0.579248 0.417797 0.355800 0.299085 0.254720 0.269254 0.254956 0.238117 0.220740 0.182046 0.131958 
1.060026 0.572600 0.406836 0.356813 0.292370 0.286479 0.271494 0.210904 0.200708 0.192656 0.254863 0.128456 
0.767566 0.184417 0.553142 0.586520 0.091727 0.148046 0.156272 0.327673 0.361698 0.176711 0.040571 0.168436 
0.499312 0.100238 0.526418 0.577104 0.172981 0.276252 0.261383 0.221915 0.315710 0.332650 -0.031561 0.084423 
1.968909 0.224076 0.477987 0.716233 0.026194 0.061616 -0.065692 -0.092669 0.018420 -0.233758 -0.173255 0.058950 
1.460137 -0.112024 0.913701 0.876928 -0.151983 -0.123874 -0.110216 -0.096078 -0.111511 -0.207158 -0.212359 -0.019443 
0.850994 -0.071067 0.943909 0.702589 -0.164122 -0.050814 -0.138596 -0.040060 -0.082695 -0.316565 -0.196134 0.095573 
0.895884 0.196134 1.013430 0.813945 -0.182655 0.026783 -0.206325 0.026826 -0.187870 -0.281973 -0.096454 0.006208 
1.236235 0.326694 1.110122 0.762601 -0.049790 0.022063 -0.053075 -0.098954 -0.047091 -0.331651 -0.096946 0.012579 
1.422812 0.420972 0.965182 0.698012 -0.134144 0.142131 -0.042718 -0.013214 -0.120523 -0.330995 -0.053388 0.028824 
1.821620 0.990022 0.953244 0.969524 -0.260177 -0.132771 0.130820 -0.040123 -0.177674 -0.118680 0.024302 -0.081127 
2.151264 1.421797 1.196031 0.749259 0.229728 0.152520 0.000411 -0.030972 -0.063971 -0.093749 -0.103608 -0.058161 
1.300959 0.774670 0.599048 0.445072 0.291010 0.229198 0.172164 0.091175 0.080187 0.082696 0.108118 0.070362 
1.136169 0.643006 0.498247 0.400691 0.289989 0.264518 0.244311 0.228849 0.198599 0.182656 0.175576 0.133911 
1.052092 0.590068 0.453079 0.350489 0.304258 0.282845 0.257406 0.213738 0.224590 0.203759 0.212833 0.132123 
1.065859 0.586948 0.450539 0.336194 0.292292 0.254765 0.266974 0.232833 0.221259 0.215879 0.220034 0.131871 
0.994008 0.615938 0.428511 0.324005 0.288697 0.271170 0.246186 0.251042 0.215985 0.255332 0.194874 0.129793 
1.061762 0.570924 0.413788 0.321859 0.329941 0.246541 0.224769 0.235631 0.225665 0.241059 0.223399 0.126886 
1.092710 0.508749 0.392305 0.299631 0.384185 0.331508 0.213896 0.229058 0.228181 0.196151 0.211814 0.128289 
