1.079634 0.578065 0.415233 0.340256 0.297611 0.274411 0.255803 0.239915 0.228002 0.221039 0.217377 0.132389 
1.078325 0.582996 0.421782 0.343642 0.298576 0.270300 0.250820 0.237668 0.228498 0.222679 0.218358 0.132901 
1.077479 0.583335 0.422424 0.344037 0.297911 0.269795 0.250877 0.237235 0.228431 0.223165 0.218720 0.132877 
1.085053 0.588959 0.427210 0.347174 0.300349 0.269980 0.250361 0.236088 0.225462 0.218933 0.215815 0.133859 
1.118219 0.598816 0.442730 0.357079 0.304376 0.265159 0.240285 0.229046 0.214940 0.212692 0.214523 0.135883 
1.150078 0.572793 0.477482 0.375948 0.286848 0.243145 0.223717 0.234304 0.199871 0.192149 0.234716 0.136893 
2.731561 -0.868524 0.337665 0.193520 0.037742 -0.024287 -0.229508 0.012968 0.217485 0.228353 0.306526 0.129497 
2.228205 -0.684110 0.260003 -0.350633 0.167469 0.251934 -0.277798 -0.019542 0.271507 0.160972 0.269874 0.278927 
1.597699 -0.412469 -0.024707 -0.159398 0.266423 -0.033434 -0.003708 -0.146005 0.391238 0.333302 0.075109 0.207869 
1.985465 -1.014734 0.423669 -0.048879 0.061442 0.067053 -0.252948 -0.020360 0.293941 0.328787 0.219979 0.088238 
1.569177 -0.894825 0.822681 0.184341 0.186913 -0.201329 -0.257398 0.217490 0.217986 0.142270 0.168912 0.205504 
1.842050 -0.567617 1.249606 0.274655 -0.220671 0.004603 0.005015 0.035911 0.038496 -0.064681 0.010760 0.194315 
1.830377 -0.249984 1.060685 0.599462 -0.134521 0.251231 -0.036371 -0.079598 0.177852 0.120184 0.006008 0.124385 
1.724958 0.958850 0.624704 0.391875 0.161126 0.013476 0.021604 0.081424 0.085519 0.053183 0.095683 0.104360 
1.258647 0.709481 0.518454 0.388332 0.285451 0.231329 0.197685 0.177452 0.177391 0.192482 0.210959 0.141593 
1.090916 0.588450 0.431195 0.350015 0.299021 0.269439 0.247144 0.233768 0.227302 0.218692 0.217176 0.134481 
1.084561 0.587524 0.425554 0.346401 0.300755 0.269520 0.250040 0.237927 0.227224 0.219441 0.215710 0.133818 
1.082634 0.586911 0.424198 0.345803 0.299885 0.270390 0.250849 0.236346 0.227594 0.220667 0.216591 0.133594 
1.078674 0.584013 0.422171 0.343502 0.297802 0.268678 0.250964 0.237609 0.229392 0.222586 0.218435 0.132913 
1.077131 0.584034 0.421059 0.342425 0.298355 0.269440 0.251292 0.237722 0.228681 0.223259 0.218741 0.132767 
1.076800 0.581508 0.421508 0.343763 0.298178 0.269688 0.250732 0.238569 0.229747 0.222476 0.218463 0.132710 
