1.079458 0.583255 0.421155 0.343685 0.296912 0.266889 0.249585 0.238317 0.229080 0.223601 0.220156 0.132756 
1.078763 0.580983 0.421428 0.340290 0.294845 0.268730 0.249523 0.237470 0.231826 0.223765 0.220574 0.132405 
1.077202 0.582175 0.422376 0.341672 0.297246 0.269389 0.250630 0.237939 0.229090 0.222860 0.219700 0.132601 
1.076844 0.582115 0.420802 0.343842 0.296809 0.268824 0.252019 0.237355 0.228484 0.224304 0.218893 0.132601 
1.077770 0.582245 0.422085 0.342027 0.296846 0.269629 0.250687 0.237376 0.230117 0.223079 0.218749 0.132634 
1.076672 0.582587 0.419985 0.342232 0.296000 0.269708 0.249369 0.239091 0.230132 0.223586 0.219243 0.132451 
1.208095 0.664636 0.463995 0.332492 0.264673 0.239520 0.224163 0.212401 0.215624 0.212482 0.197165 0.137702 
2.269861 1.054229 0.737678 0.138156 -0.246793 -0.010546 0.388509 0.005769 -0.002798 0.183393 -0.031923 -0.158771 
1.677912 1.590039 0.444883 -0.002234 -0.505830 -0.222464 0.381677 -0.127137 0.141734 0.261196 -0.007102 -0.060534 
1.565229 1.339272 0.065452 -0.152615 -0.698970 -0.044500 0.321439 -0.098769 0.274982 0.066467 0.063309 -0.149659 
1.762457 1.032881 -0.359160 -0.178775 -0.636188 0.247501 0.287028 -0.022333 0.153804 0.066601 0.049163 -0.001593 
2.142640 0.577872 -0.364383 0.034022 -0.442335 0.357661 0.182347 -0.081293 0.055157 0.175849 0.165817 0.114707 
2.125363 0.297018 -0.179510 0.105936 -0.069693 0.172266 0.118785 -0.151177 0.125489 0.258309 0.285956 0.104670 
2.036979 0.191641 0.150053 0.295317 -0.159307 0.209881 -0.087028 -0.048853 0.154267 0.331692 0.048862 0.040287 
2.261896 0.117706 0.586281 0.131061 -0.125071 0.384598 -0.018577 -0.091258 0.036118 0.165196 0.060446 0.011063 
1.940023 0.511901 0.484133 0.368887 0.076435 0.234162 0.379402 0.118856 -0.056930 0.129475 0.109644 0.018971 
1.571006 0.761814 0.443955 0.404885 0.454123 0.345774 0.135923 0.011619 0.039771 0.137294 0.170302 0.106310 
1.082590 0.586543 0.426608 0.346483 0.299657 0.268443 0.247282 0.235756 0.229370 0.221348 0.215798 0.133426 
1.077186 0.583039 0.421567 0.342537 0.298658 0.270272 0.250134 0.238260 0.228766 0.223144 0.218450 0.132758 
1.078172 0.584589 0.421989 0.343110 0.297650 0.270715 0.250711 0.237219 0.229369 0.222016 0.218353 0.132923 
1.075717 0.583277 0.421568 0.342288 0.298100 0.270522 0.251542 0.237952 0.229002 0.221735 0.219339 0.132675 
1.076373 0.582298 0.421689 0.343604 0.297855 0.269694 0.251270 0.238613 0.228624 0.222426 0.218772 0.132692 
1.076547 0.582308 0.421364 0.342833 0.298214 0.270538 0.251801 0.238327 0.229629 0.221963 0.218090 0.132731 
1.077166 0.583129 0.421869 0.342539 0.298231 0.269697 0.252011 0.238204 0.228224 0.222870 0.218312 0.132782 
