1.074314 0.585506 0.421786 0.343106 0.298748 0.271371 0.248029 0.237543 0.228446 0.223607 0.218292 0.132659 
1.075597 0.583574 0.421957 0.343410 0.297960 0.270143 0.251878 0.237304 0.228939 0.223112 0.217399 0.132708 
1.065402 0.587890 0.418668 0.342873 0.295431 0.273401 0.254019 0.230018 0.234522 0.223311 0.216949 0.131964 
0.992442 0.587047 0.376831 0.336347 0.341668 0.249685 0.275877 0.184459 0.281689 0.187169 0.245232 0.121243 
0.985119 0.578541 0.323362 0.308421 0.401025 0.241846 0.337626 0.169894 0.231122 0.234440 0.200024 0.133565 
0.973036 0.492666 0.349154 0.319901 0.452572 0.229107 0.266957 0.170755 0.280260 0.306550 0.122836 0.119840 
1.895824 -0.339982 0.748198 0.472937 -0.058088 0.106634 -0.177700 -0.257608 0.039789 0.196003 -0.023292 -0.110557 
1.112801 -0.243220 0.587134 0.415746 0.005383 -0.139433 -0.196192 -0.253229 0.027696 0.170718 -0.053435 -0.060652 
1.378880 -0.279800 0.369896 0.443563 0.102679 -0.280587 -0.154990 -0.216670 -0.034248 0.059477 -0.033963 0.011898 
1.988162 -0.153711 0.434213 0.351932 0.232924 -0.060810 0.040117 -0.216392 -0.032062 0.097020 -0.066465 0.009475 
3.375644 -0.503331 0.081593 0.394051 -0.334416 0.014072 0.237203 -0.022392 -0.177408 0.053010 0.116963 0.125441 
3.086547 -0.599981 0.045554 0.298944 -0.150846 0.042686 0.043936 -0.122738 -0.081253 0.120666 0.200343 0.200309 
2.688438 -0.070428 -0.152863 0.392964 0.047581 -0.235062 -0.058909 0.055198 0.191471 0.233652 0.207208 0.095885 
2.222167 0.565224 0.179537 0.325290 0.239825 0.066128 -0.025775 -0.086040 -0.048471 0.032980 0.161980 0.185284 
1.755472 0.934435 0.477159 0.245982 0.172712 0.149893 0.124866 0.121733 0.166517 0.184131 0.123142 0.113340 
1.086219 0.584004 0.421890 0.335274 0.292091 0.264352 0.246742 0.238661 0.231220 0.230085 0.228915 0.133374 
1.079782 0.584938 0.422547 0.344274 0.299884 0.272943 0.248019 0.237945 0.227222 0.220608 0.218586 0.133170 
1.076373 0.585214 0.421552 0.344362 0.296606 0.269766 0.250291 0.237280 0.228360 0.223201 0.218870 0.132748 
1.073260 0.581531 0.424460 0.342326 0.297378 0.271681 0.249311 0.239296 0.230301 0.220281 0.218954 0.132499 
1.076031 0.583356 0.420050 0.346022 0.297217 0.268280 0.249070 0.239396 0.229035 0.223533 0.218169 0.132609 
1.076518 0.581050 0.423061 0.343259 0.298369 0.270140 0.250469 0.237444 0.229795 0.221984 0.218791 0.132668 
