1.075144 0.584038 0.420461 0.343486 0.298064 0.270356 0.251494 0.237271 0.228850 0.223769 0.218133 0.132681 
1.076644 0.582539 0.421293 0.343457 0.298539 0.269858 0.250496 0.237404 0.229729 0.222196 0.219332 0.132710 
1.075925 0.584248 0.420445 0.343226 0.297604 0.270136 0.250932 0.238120 0.228927 0.223917 0.217884 0.132706 
1.076475 0.582409 0.421172 0.343091 0.298753 0.269378 0.251334 0.238117 0.229360 0.222642 0.218527 0.132695 
1.076025 0.581384 0.421811 0.343255 0.297862 0.269773 0.251318 0.238620 0.229271 0.222510 0.218683 0.132631 
1.077320 0.584156 0.422039 0.344503 0.300117 0.269510 0.250454 0.237855 0.230930 0.221792 0.215808 0.132990 
1.244202 0.250873 1.109819 0.530868 -0.041068 -0.085085 -0.034087 0.087154 0.022752 -0.073578 0.044515 0.185724 
0.650371 -0.082905 0.964002 0.522332 -0.133247 -0.198009 -0.005520 0.017050 -0.121227 -0.104250 0.046404 0.172932 
0.408501 -0.195748 0.919662 0.536683 -0.223292 -0.220638 0.091600 0.039266 -0.134884 -0.003953 0.134237 0.096211 
0.533223 -0.233077 1.020094 0.499143 -0.128958 -0.282216 0.283177 -0.040341 -0.068757 -0.026573 0.075335 0.162424 
0.791626 -0.231046 1.191085 0.733158 -0.128523 -0.248341 0.285261 -0.068371 -0.231103 -0.035428 0.019048 -0.035992 
0.982452 -0.166528 1.213799 0.674901 -0.036027 -0.140691 0.337939 -0.079913 -0.130531 0.080534 0.037701 -0.019902 
1.092025 0.226157 1.202179 0.980027 -0.062227 -0.112448 0.489913 -0.120569 -0.015653 -0.052099 0.059241 -0.007464 
1.076797 0.190797 1.193237 0.929938 0.006978 -0.064605 0.548902 -0.059242 0.026039 -0.012927 0.108764 0.044844 
1.186935 0.217626 0.943427 0.863869 -0.008303 0.138245 0.590291 0.258234 0.020687 0.085264 0.156101 0.082189 
1.075969 0.568905 0.428374 0.357496 0.287453 0.260618 0.263022 0.241094 0.217601 0.219351 0.227398 0.132229 
1.076268 0.576914 0.421769 0.349049 0.298370 0.267372 0.249735 0.241553 0.229294 0.221574 0.217780 0.132605 
1.076529 0.580650 0.422851 0.344415 0.296912 0.269225 0.253176 0.238120 0.227727 0.223506 0.218199 0.132696 
1.075459 0.583209 0.421034 0.342307 0.298969 0.269634 0.252762 0.237641 0.227443 0.224394 0.217980 0.132664 
1.076406 0.583354 0.421170 0.343197 0.298754 0.269773 0.250825 0.237498 0.228999 0.222351 0.219320 0.132725 
