0.731657 0.470392 0.306882 0.121962 0.108269 0.052413 -0.115704 0.015714 -0.036349 -0.137688 0.009185 0.041298 
0.662367 0.454276 0.254103 -0.021701 0.097746 0.134839 -0.046725 0.029271 -0.030249 0.062789 -0.100522 0.075361 
0.615398 0.341476 0.250488 -0.031813 0.227896 0.031827 0.096432 0.003834 -0.055477 -0.089440 -0.012346 0.102060 
0.809085 0.227823 0.077356 0.229277 0.083808 0.094411 0.099529 0.162260 -0.057243 -0.051482 -0.052446 0.049277 
0.702377 0.378912 0.275713 0.056456 0.081687 0.013921 0.006052 0.032406 -0.003169 0.044374 -0.102716 0.069835 
0.684050 -0.666599 0.119862 0.448933 -0.085701 -0.211243 -0.215717 -0.010324 -0.094705 -0.049939 -0.126678 0.023522 
0.241342 -0.333767 0.092441 0.389283 -0.176431 -0.062565 -0.017796 -0.030985 0.090775 -0.011998 -0.031903 0.068513 
1.915238 -0.030475 0.473566 0.984342 -0.148155 -0.035987 -0.190550 -0.019887 -0.099610 -0.067937 -0.226346 -0.000827 
1.618485 -0.094101 0.865075 0.894412 0.014824 -0.225030 -0.165590 -0.062151 -0.119599 -0.270208 -0.173946 -0.034017 
0.857728 -0.001416 0.808851 0.737939 -0.195583 -0.190511 -0.260884 -0.002109 -0.196031 -0.334151 -0.119288 0.012357 
0.977553 0.082700 0.942860 0.789523 -0.148708 -0.276306 -0.104190 0.047623 -0.350427 -0.191838 -0.065039 -0.107076 
1.191170 0.188758 1.024542 0.862947 -0.053648 -0.144924 -0.135397 0.023950 -0.286023 -0.278850 -0.027009 -0.107646 
1.793483 0.102564 1.235532 0.639690 -0.030096 0.148108 -0.051170 -0.123816 -0.225618 -0.226714 -0.021150 -0.139138 
2.365604 0.146036 0.968243 0.708962 -0.381846 -0.129045 0.099745 -0.000851 -0.246336 -0.116778 -0.022771 -0.116165 
2.180429 0.471899 1.459525 0.965460 -0.272931 -0.091573 0.217537 0.018206 -0.277785 -0.031215 0.103809 -0.070155 
1.912934 1.248132 0.993708 0.600854 0.347469 0.171101 -0.000687 -0.038696 -0.105211 -0.138823 -0.122456 -0.131349 
1.366203 0.830292 0.805977 0.489516 0.294902 0.057078 -0.006347 -0.153554 -0.131146 -0.181530 -0.084836 -0.160548 
1.000575 0.474528 0.379400 0.306305 0.150937 0.072848 0.072620 0.036036 -0.065302 -0.186984 0.000449 -0.043187 
0.764336 0.301751 0.336261 0.216404 0.093270 0.213473 0.084903 0.030057 -0.130323 0.028150 -0.034987 -0.022909 
0.701486 0.393376 0.294239 0.155216 0.266758 0.195829 0.019011 0.063758 -0.039017 -0.072216 -0.027250 -0.005187 
0.676231 0.514048 0.201659 0.090510 0.197101 -0.074216 0.007501 0.037718 -0.059008 -0.020635 -0.025170 0.010593 
0.640882 0.400700 0.265835 0.179821 0.097276 -0.008564 -0.064005 0.101556 -0.097672 0.131570 0.028374 0.028551 
