0.998225 0.581098 0.418913 0.375684 0.258226 0.287501 0.263988 0.229136 0.239401 0.204054 0.220895 0.125444 
1.007716 0.583189 0.436258 0.336005 0.295049 0.267402 0.248586 0.236692 0.224259 0.221589 0.222794 0.126057 
1.024127 0.562183 0.437913 0.329023 0.289758 0.261372 0.250933 0.255894 0.220776 0.232122 0.214803 0.125964 
0.981626 0.616625 0.445637 0.321226 0.326110 0.261760 0.262722 0.222555 0.250085 0.183188 0.218341 0.127552 
1.020355 0.586890 0.465878 0.337209 0.296625 0.288203 0.202981 0.249099 0.243348 0.173348 0.239917 0.128108 
0.989361 0.542063 0.469776 0.345412 0.312870 0.244668 0.239124 0.288493 0.193226 0.206467 0.231507 0.123176 
1.796755 0.418626 0.119030 -0.101070 0.360836 -0.369898 0.149205 0.073058 -0.347517 -0.370535 -0.216680 0.198949 
2.169645 0.588722 0.644061 -0.421414 0.036230 -0.545501 -0.048240 0.368733 -0.081659 -0.144449 -0.155502 -0.083826 
2.231288 0.614783 0.755863 -0.404761 0.012037 -0.529254 -0.000774 0.360348 -0.138612 -0.123484 -0.114336 -0.069835 
2.507603 0.363027 0.835322 -0.301081 -0.091742 -0.456540 -0.019138 0.389540 -0.164652 -0.134009 -0.075216 -0.143136 
2.517523 0.544531 0.742675 -0.206328 0.043107 -0.609821 -0.000005 0.451363 -0.113602 -0.050012 -0.115532 -0.062152 
2.366729 0.595109 0.665292 0.060981 0.089769 -0.547812 -0.045145 0.305746 -0.229258 -0.123729 -0.063842 -0.027669 
2.428522 1.143200 0.674084 0.092874 0.086293 -0.378309 0.135181 0.389753 -0.149842 -0.116550 -0.146696 -0.181044 
3.118440 0.960719 0.573507 0.311786 -0.223501 -0.210774 0.332931 0.291167 -0.111831 -0.121947 -0.045029 -0.215522 
2.560215 1.503208 0.718886 0.168071 0.021495 -0.006525 0.144653 0.271108 0.055594 -0.049648 -0.095216 -0.187839 
2.429839 1.485702 0.793368 0.205551 0.135660 0.212742 0.309550 0.329680 0.194480 -0.002604 -0.041638 -0.145644 
1.102164 0.666437 0.471627 0.380797 0.340475 0.244351 0.237337 0.243693 0.212457 0.204305 0.163551 0.137994 
1.070502 0.634349 0.447814 0.383137 0.304253 0.254779 0.263694 0.223813 0.193347 0.206882 0.195004 0.133074 
0.986872 0.628279 0.436584 0.378457 0.273020 0.275981 0.231772 0.246050 0.203639 0.223637 0.210668 0.129037 
1.031541 0.545320 0.418689 0.367000 0.306014 0.258856 0.256246 0.207575 0.234413 0.199268 0.249880 0.124583 
1.034087 0.554654 0.455876 0.367677 0.281438 0.255364 0.257936 0.238803 0.211759 0.224429 0.216783 0.127699 
1.043655 0.610301 0.458061 0.376899 0.292918 0.226279 0.206094 0.250678 0.201594 0.248272 0.205287 0.132276 
