1.075908 0.582730 0.421274 0.342769 0.298145 0.270368 0.251032 0.238352 0.229726 0.222670 0.218077 0.132680 
1.076587 0.581814 0.421446 0.343138 0.297371 0.270154 0.252032 0.237725 0.229989 0.222604 0.218257 0.132682 
1.077052 0.581974 0.421987 0.343059 0.298292 0.270313 0.250775 0.238262 0.230074 0.222167 0.218100 0.132768 
1.077124 0.581839 0.421939 0.342315 0.298459 0.270291 0.251806 0.238488 0.229049 0.222535 0.217947 0.132745 
1.076672 0.581249 0.422305 0.343532 0.297877 0.270968 0.251151 0.237878 0.229866 0.222503 0.217612 0.132735 
1.076960 0.582148 0.421047 0.342999 0.298638 0.269953 0.250893 0.239009 0.229782 0.222879 0.218225 0.132800 
1.084216 0.589289 0.426378 0.346184 0.300790 0.269905 0.250899 0.236735 0.226427 0.221187 0.215633 0.134061 
1.281704 0.731007 0.467199 0.315508 0.275964 0.225408 0.207565 0.198810 0.195691 0.197477 0.204908 0.142208 
1.918105 1.414297 0.386294 -0.122389 -0.522045 -0.200093 0.411175 -0.168442 0.230902 0.195996 0.009822 -0.073919 
1.511332 1.388023 0.099138 -0.184484 -0.662619 -0.046590 0.383265 -0.178979 0.227226 0.158189 -0.093930 -0.032580 
1.798091 1.137289 -0.202077 -0.319508 -0.526520 0.152249 0.346371 0.005839 0.280958 0.073565 -0.004639 -0.004658 
2.001386 0.803388 -0.360339 -0.180604 -0.320704 0.226057 0.397931 0.111195 0.165542 -0.007285 0.122688 0.061987 
2.280475 0.641930 -0.410361 0.008062 -0.025414 0.103742 0.303371 -0.110452 0.097024 0.061980 0.342258 0.183487 
2.458046 0.154786 -0.202999 0.161141 0.099467 0.109124 0.088950 -0.113855 0.102620 0.243032 0.263879 0.117847 
2.153628 0.276652 0.191496 0.280067 -0.033019 0.196551 0.044016 -0.009964 0.119433 0.195819 0.099899 0.084628 
2.144371 0.484701 0.359522 0.224630 0.151945 0.311500 0.127523 0.024574 0.159053 0.144892 0.035987 0.031487 
1.283059 0.662034 0.447205 0.341892 0.290783 0.279410 0.248513 0.201595 0.182943 0.183560 0.184076 0.135460 
1.083863 0.583959 0.421093 0.344321 0.297611 0.269203 0.253219 0.238729 0.226065 0.221633 0.219694 0.133388 
1.077797 0.582965 0.421884 0.343334 0.298322 0.270727 0.251854 0.238674 0.228842 0.222094 0.217621 0.132947 
1.076540 0.582315 0.421269 0.342777 0.297658 0.270932 0.251690 0.238662 0.228838 0.222548 0.218184 0.132712 
1.077435 0.582300 0.421472 0.342421 0.298284 0.269864 0.251744 0.238247 0.229428 0.222715 0.218030 0.132754 
1.076772 0.582005 0.421139 0.343505 0.297690 0.270871 0.250642 0.238574 0.229176 0.223295 0.217917 0.132725 
1.077178 0.582174 0.421100 0.343478 0.298671 0.269574 0.251457 0.239112 0.228859 0.223242 0.217368 0.132782 
1.078493 0.582428 0.421223 0.342611 0.297674 0.268741 0.249758 0.238458 0.229943 0.223124 0.219317 0.132726 
