1.072938 0.582140 0.420878 0.344140 0.296684 0.271898 0.250534 0.239621 0.230445 0.220975 0.218112 0.132464 
1.074400 0.582602 0.420948 0.340609 0.298899 0.270952 0.249782 0.239858 0.229488 0.221532 0.219166 0.132429 
1.072623 0.582820 0.423063 0.342825 0.295441 0.269804 0.251538 0.240110 0.226872 0.224665 0.217453 0.132353 
1.073803 0.584377 0.424494 0.344172 0.296230 0.269944 0.252087 0.237939 0.227669 0.223458 0.216918 0.132698 
1.071711 0.582449 0.423258 0.341202 0.296877 0.270196 0.251446 0.238630 0.230417 0.218741 0.220889 0.132219 
1.067673 0.584492 0.423492 0.339012 0.299898 0.268834 0.252401 0.239141 0.226563 0.224817 0.217235 0.132059 
1.206099 0.673434 0.470969 0.360336 0.294089 0.253573 0.234499 0.222070 0.207618 0.197205 0.185693 0.137783 
1.299402 0.730393 0.490729 0.361865 0.284117 0.264732 0.245970 0.219403 0.192220 0.167684 0.133347 0.122530 
1.795087 0.901671 0.327791 0.260751 -0.142666 -0.037475 0.161718 0.038786 0.100631 0.180733 -0.062752 -0.084731 
1.603537 1.289757 0.319950 -0.205977 -0.722283 -0.105721 0.134981 -0.110858 0.061475 0.245282 -0.149533 -0.071189 
1.729285 1.085556 -0.211102 -0.270905 -0.688839 0.036240 0.210848 -0.059820 0.089646 0.076230 -0.098400 -0.061506 
1.846021 0.774034 -0.379737 -0.099449 -0.530987 0.176360 0.065896 0.149480 0.033840 -0.052038 0.000192 0.031707 
1.781444 0.444330 -0.303231 0.195286 -0.356919 0.109503 0.125206 -0.038731 -0.013882 0.068155 0.234666 0.066270 
1.722644 0.184035 -0.230901 0.369157 -0.088673 -0.016780 -0.099830 0.069316 0.067327 0.177831 0.056734 0.026042 
1.793667 0.181119 0.225659 0.501571 -0.188820 0.123157 -0.163662 0.033847 0.030620 0.008767 -0.108317 0.144251 
1.705722 0.295162 0.542334 0.463013 -0.085937 0.279788 0.048984 0.171515 0.041906 0.040861 0.075041 0.142933 
1.841803 0.219021 0.617284 0.551152 0.100414 0.393195 0.057272 0.197784 -0.021502 0.102892 0.115138 0.076771 
1.482220 0.492958 0.537615 0.463551 0.208196 0.275978 0.202600 0.196207 0.162722 0.062935 0.091732 0.108315 
1.100368 0.591803 0.431583 0.349523 0.302628 0.263627 0.244790 0.232084 0.222669 0.219564 0.214721 0.134398 
1.080122 0.586439 0.425813 0.343421 0.299472 0.270671 0.244578 0.237876 0.229764 0.220092 0.217698 0.133097 
1.073126 0.586242 0.423853 0.342608 0.296506 0.271563 0.248862 0.239465 0.228206 0.224979 0.215608 0.132713 
1.074797 0.584093 0.420944 0.342278 0.299166 0.271574 0.250490 0.239335 0.225942 0.223775 0.217592 0.132603 
1.076550 0.581967 0.422253 0.345493 0.297019 0.267610 0.252165 0.237222 0.228059 0.223928 0.218483 0.132649 
1.071361 0.581230 0.425463 0.342985 0.297694 0.270942 0.249431 0.236890 0.230548 0.223418 0.217595 0.132401 
