1.075881 0.581750 0.422032 0.341521 0.298776 0.269973 0.251554 0.239549 0.228002 0.222816 0.218361 0.132605 
1.076307 0.583397 0.420707 0.343516 0.298725 0.269389 0.250780 0.237013 0.229950 0.223735 0.217595 0.132685 
1.075282 0.583288 0.420478 0.342707 0.297879 0.269252 0.251514 0.237615 0.229314 0.222880 0.219369 0.132542 
1.075347 0.584372 0.421309 0.343025 0.298671 0.268803 0.251370 0.237334 0.229891 0.222723 0.218140 0.132676 
1.078425 0.581477 0.425871 0.342341 0.294274 0.270462 0.250364 0.235880 0.229510 0.223280 0.218853 0.132653 
1.046283 0.530617 0.442458 0.354852 0.273507 0.226907 0.331202 0.212639 0.195838 0.241551 0.237050 0.123759 
2.382201 0.172480 -0.004375 0.094046 -0.179900 -0.080683 0.325622 0.090649 0.004851 0.116143 0.263349 0.180843 
2.406444 -0.289441 -0.045883 0.037378 -0.135633 -0.008793 0.157041 -0.042362 -0.144743 0.144415 0.342111 0.238372 
2.151633 -0.434999 0.230820 0.386715 -0.016319 -0.176285 -0.110238 -0.104768 0.034523 0.201735 0.167843 0.077823 
1.853907 -0.240455 0.703020 0.428085 0.113459 -0.259818 -0.181449 -0.069159 0.013890 0.002111 -0.066126 0.089291 
2.036681 -0.288291 0.849573 0.628487 0.463103 -0.270464 -0.057622 -0.078934 -0.040934 0.096890 -0.178851 0.014052 
2.371773 0.118579 0.393548 0.605054 0.459742 -0.056270 0.029934 -0.082446 0.091566 0.011755 0.007761 0.149451 
2.031610 0.627615 0.346180 0.579935 0.451026 0.068471 -0.093802 -0.053798 -0.019887 -0.018692 0.039802 0.050321 
1.657921 0.690991 0.472937 0.623069 0.541916 0.139883 -0.134273 -0.062039 0.092444 0.103783 0.118360 0.012776 
1.082359 0.584646 0.421035 0.341405 0.298136 0.272012 0.251438 0.235226 0.224574 0.222470 0.221889 0.133044 
1.076309 0.576726 0.424107 0.349433 0.298393 0.265750 0.252104 0.240895 0.228614 0.222183 0.216330 0.132714 
1.075111 0.577457 0.424643 0.346682 0.298463 0.266793 0.251529 0.237629 0.230406 0.223655 0.216334 0.132501 
1.074231 0.580569 0.422671 0.343605 0.297664 0.271621 0.250427 0.237420 0.230497 0.224425 0.215920 0.132527 
1.074351 0.579863 0.423460 0.344793 0.297567 0.267976 0.253032 0.240241 0.226778 0.222626 0.218168 0.132501 
