1.076368 0.582680 0.420531 0.343497 0.298501 0.269846 0.251058 0.238520 0.229060 0.222316 0.218963 0.132700 
1.076478 0.582524 0.421088 0.342986 0.298984 0.270044 0.251053 0.238094 0.229653 0.222476 0.218150 0.132721 
1.076369 0.582942 0.421966 0.343154 0.298300 0.270469 0.250802 0.238197 0.228657 0.222612 0.218554 0.132763 
1.076464 0.582590 0.421067 0.343096 0.299143 0.269337 0.251591 0.237799 0.229113 0.222690 0.218628 0.132718 
1.076982 0.582181 0.421309 0.343479 0.297837 0.270150 0.250994 0.237768 0.228681 0.223522 0.218532 0.132707 
1.076187 0.582896 0.420760 0.342885 0.298228 0.269937 0.251619 0.238279 0.229743 0.222341 0.218275 0.132687 
0.948152 0.087083 1.038057 0.579920 -0.277135 -0.076437 0.199275 -0.053665 -0.105519 -0.011493 0.027742 0.090657 
0.176760 -0.090508 0.977599 0.622883 -0.337275 -0.117730 0.270930 -0.143721 0.001378 -0.026698 0.112314 0.104202 
0.521105 -0.141032 1.085492 0.619819 -0.232881 -0.112223 0.178605 -0.023989 -0.200198 -0.032179 0.067800 -0.013494 
0.618525 -0.049749 1.143481 0.733374 -0.191112 -0.043798 0.314759 -0.175678 -0.132115 -0.042804 -0.029875 -0.051092 
0.685738 0.096624 1.318010 0.703021 -0.099372 0.060658 0.347537 -0.202772 -0.091810 -0.054215 -0.044835 -0.079717 
0.851354 0.340094 1.124641 0.852839 -0.107193 0.047390 0.359988 -0.051285 -0.131223 0.006326 0.029495 -0.098421 
0.620879 0.457127 1.299729 0.825347 -0.079696 0.176873 0.275800 -0.099164 -0.035731 0.010860 -0.040720 -0.088994 
0.994700 0.396215 1.042365 0.746840 0.047152 0.101759 0.444226 0.019348 0.120741 0.008740 0.174387 0.070281 
1.038487 0.488954 0.578170 0.461894 0.180123 0.252994 0.362886 0.175023 0.173325 0.218645 0.219319 0.107198 
1.075314 0.580813 0.422036 0.345062 0.297384 0.268833 0.252138 0.239855 0.227200 0.221870 0.219423 0.132585 
1.076814 0.581659 0.420778 0.343310 0.298108 0.270325 0.251206 0.238208 0.228368 0.222682 0.219408 0.132657 
1.076832 0.582578 0.422469 0.343661 0.298165 0.269952 0.251707 0.238200 0.230055 0.222565 0.216865 0.132861 
1.076913 0.582606 0.421530 0.342916 0.298291 0.269815 0.251490 0.238837 0.229616 0.222354 0.217820 0.132779 
1.076116 0.583317 0.421367 0.343676 0.299122 0.269919 0.250983 0.238094 0.228776 0.223431 0.217525 0.132794 
1.075760 0.582527 0.421698 0.343672 0.297974 0.270181 0.251282 0.237766 0.229304 0.222836 0.218346 0.132705 
