1.063539 0.583645 0.424926 0.337678 0.306896 0.268974 0.252614 0.242641 0.227188 0.224383 0.210437 0.132153 
1.056707 0.588080 0.418894 0.349288 0.295006 0.276161 0.240466 0.246629 0.221456 0.224766 0.219928 0.131626 
1.072457 0.583320 0.423847 0.346857 0.296829 0.262776 0.254670 0.229715 0.231033 0.227207 0.216364 0.132181 
1.022807 0.588219 0.395610 0.335016 0.340982 0.243067 0.272662 0.231222 0.212803 0.234117 0.216269 0.129561 
1.011088 0.535583 0.333832 0.280197 0.366307 0.272007 0.282620 0.264535 0.160901 0.310995 0.159211 0.122858 
1.124504 0.234374 0.203554 0.319024 0.396323 0.355493 0.225902 0.175783 0.255725 0.200350 0.325459 0.106755 
1.725437 -0.150966 0.779897 0.546553 0.192239 0.157444 -0.241903 -0.144837 0.134818 -0.080771 -0.206830 -0.002342 
1.612287 -0.453801 0.874341 0.723275 0.091634 -0.201737 -0.194487 -0.103918 0.010591 -0.239580 -0.290970 0.043997 
2.517733 -0.395857 0.973411 1.310004 0.175420 -0.078163 -0.068175 0.163374 0.112829 -0.129462 -0.163750 0.068711 
1.635884 0.317246 0.869564 1.173472 0.392185 -0.200276 0.132041 0.366113 0.047454 -0.094514 -0.040939 0.119545 
2.365777 0.255205 -0.006270 0.622785 0.732891 0.042769 -0.214287 -0.135503 -0.027326 0.018019 -0.039946 -0.026315 
1.111758 0.148938 0.455381 0.456065 0.481395 0.318577 0.058157 0.216960 0.210723 0.250955 0.238912 0.068637 
0.921657 0.391228 0.446512 0.319009 0.346451 0.253160 0.288742 0.238640 0.112915 0.388542 0.165103 0.081581 
1.041508 0.421602 0.410297 0.338461 0.313938 0.325580 0.275820 0.189534 0.203324 0.289633 0.187859 0.111825 
0.965066 0.436767 0.543227 0.319073 0.204509 0.373213 0.301706 0.135658 0.198305 0.331732 0.176891 0.104506 
1.035178 0.550089 0.433792 0.335386 0.307375 0.289064 0.238438 0.216276 0.216597 0.260596 0.208095 0.126651 
1.064288 0.573497 0.425719 0.351466 0.290291 0.272419 0.250267 0.232826 0.226167 0.228997 0.217099 0.131055 
