1.077388 0.583052 0.421525 0.343504 0.298727 0.269631 0.251926 0.238255 0.229221 0.222460 0.217490 0.132867 
1.078525 0.583647 0.422153 0.343685 0.298675 0.269829 0.250944 0.237549 0.228196 0.222939 0.218229 0.132963 
1.077750 0.582859 0.421923 0.342905 0.298659 0.269915 0.251607 0.238182 0.228733 0.222374 0.218138 0.132852 
1.077478 0.583113 0.421618 0.343240 0.298379 0.270511 0.251187 0.237398 0.228370 0.223016 0.218494 0.132829 
1.077358 0.583226 0.421629 0.343523 0.297794 0.270342 0.250941 0.238358 0.229253 0.222371 0.218065 0.132836 
1.077579 0.583363 0.421797 0.342491 0.298389 0.269801 0.250939 0.238722 0.228633 0.222388 0.218616 0.132819 
1.077103 0.582963 0.421192 0.343266 0.298304 0.269779 0.251150 0.238094 0.228754 0.222978 0.218320 0.132751 
0.355006 0.060511 1.046168 0.551079 -0.107880 -0.168259 0.044764 -0.075733 0.075249 -0.106262 -0.039244 0.233167 
0.371584 0.017640 0.952502 0.555776 -0.153270 -0.164781 0.095597 -0.072474 -0.005042 -0.179877 0.006457 0.207822 
0.517831 -0.016931 1.156367 0.694031 -0.153186 -0.263346 0.200134 -0.183435 -0.029786 -0.205137 -0.036706 0.101747 
0.712905 0.183439 1.106530 0.750518 -0.149330 -0.185495 0.342854 -0.220412 -0.075431 -0.117922 0.015826 -0.029421 
0.685905 0.327509 1.262418 0.649397 -0.006787 -0.012800 0.278935 -0.133986 -0.060630 -0.176680 0.031258 -0.020813 
0.814097 0.476494 1.057310 0.828678 0.015512 -0.094348 0.317375 -0.156982 0.018895 -0.204273 -0.003158 -0.022969 
0.827837 0.499664 1.088284 0.757612 0.052138 -0.091335 0.383078 -0.024659 -0.015918 -0.087370 0.139832 0.022209 
1.154015 0.492006 0.919436 0.678092 0.211162 -0.025282 0.364101 0.147355 -0.059203 -0.019192 0.195560 0.045808 
1.198290 0.149360 0.681729 0.515987 0.182691 0.161382 0.085841 0.122167 0.327895 0.332387 0.100083 0.082108 
1.076767 0.580936 0.423988 0.344338 0.296675 0.270207 0.251956 0.237037 0.229069 0.222722 0.218171 0.132750 
1.080066 0.583842 0.423175 0.344290 0.298461 0.269486 0.250748 0.237426 0.228160 0.221941 0.218586 0.133117 
1.077509 0.581824 0.422004 0.343543 0.298653 0.269316 0.250831 0.238645 0.229007 0.221777 0.219020 0.132771 
1.077297 0.582909 0.421523 0.343540 0.298808 0.269464 0.250868 0.238196 0.228072 0.223612 0.218215 0.132802 
