1.075476 0.582675 0.421259 0.343091 0.298356 0.268517 0.250522 0.238523 0.228347 0.224050 0.218912 0.132557 
1.075388 0.583368 0.420350 0.343727 0.297924 0.270107 0.250821 0.237385 0.229302 0.223544 0.218180 0.132597 
1.071730 0.583965 0.423414 0.338612 0.300458 0.267354 0.252368 0.238405 0.227007 0.225980 0.218129 0.132369 
1.022633 0.591480 0.429092 0.345208 0.287771 0.267074 0.274368 0.214028 0.225744 0.240868 0.213718 0.129406 
0.856280 0.712887 0.315921 0.439567 0.198479 0.381426 0.181952 0.288766 0.167206 0.319940 0.131747 0.164661 
1.012269 0.527526 0.420271 0.350458 0.270345 0.361507 0.255470 0.195151 0.250022 0.239723 0.175970 0.130693 
1.322681 -0.171906 0.802096 0.687267 0.151807 -0.003133 -0.081129 -0.188598 -0.010582 0.075889 -0.222400 -0.174281 
1.678305 -0.109849 0.595222 1.127965 0.145672 -0.145463 -0.109966 0.063810 0.004959 -0.082991 -0.102350 -0.016041 
1.898945 -0.119887 0.646186 1.202595 0.264178 -0.051888 0.073943 -0.165213 0.015941 0.023325 -0.040576 -0.165850 
1.677278 0.591678 0.722609 0.939812 0.448653 -0.071120 -0.095189 0.019153 0.024309 -0.050082 -0.122247 -0.066703 
1.685977 -0.122401 0.267224 0.075045 0.426237 -0.064662 0.086329 0.121112 0.110805 0.140628 -0.054525 0.083257 
1.020216 0.463471 0.444563 0.363265 0.290670 0.277330 0.268169 0.252034 0.270944 0.223273 0.154173 0.127297 
1.026295 0.527367 0.404248 0.373947 0.317043 0.251646 0.289548 0.176278 0.259947 0.247346 0.197379 0.123849 
0.989345 0.515636 0.524100 0.325429 0.213130 0.385798 0.266441 0.134534 0.291919 0.294488 0.114737 0.141593 
1.032151 0.532685 0.485739 0.357834 0.227104 0.309535 0.286583 0.179370 0.233805 0.273591 0.185877 0.125485 
1.070871 0.577823 0.429132 0.345907 0.289690 0.273963 0.252743 0.231704 0.229470 0.229688 0.214810 0.132210 
