0.998364 0.603311 0.407260 0.351825 0.294354 0.293783 0.220401 0.231886 0.217714 0.232239 0.224572 0.126190 
1.016627 0.572227 0.443973 0.362710 0.304032 0.222905 0.256665 0.242271 0.234144 0.211031 0.212470 0.128437 
0.967083 0.503322 0.363786 0.423080 0.363024 0.178366 0.214373 0.240855 0.348144 0.245865 0.123577 0.119674 
0.438655 0.717561 0.336094 0.519996 0.145185 0.226323 0.433902 0.127870 0.147382 0.329871 0.255076 0.030710 
0.363417 0.541301 0.113093 0.455350 0.199909 0.466262 0.365928 0.098722 0.100082 0.374888 0.267595 -0.005649 
0.912013 0.706557 0.774434 0.334294 0.233882 0.294007 -0.060181 -0.233050 0.174616 0.017330 -0.064755 0.076224 
1.511754 -0.585295 1.463780 0.404146 -0.049001 0.075589 -0.466262 -0.393548 0.131815 -0.158185 -0.408385 -0.070611 
1.812073 -0.523167 1.047153 1.051587 -0.025291 -0.231471 -0.375142 -0.057620 0.078549 -0.417054 -0.401136 0.128651 
1.492611 0.691755 0.856932 0.721946 0.325654 0.138285 0.002271 0.062136 0.237138 -0.069314 -0.101133 0.034379 
1.099966 0.575903 0.786277 0.734069 0.151895 0.143163 0.049175 0.080045 0.251519 -0.053083 -0.000072 0.122666 
1.421934 -0.010926 0.242787 0.615389 0.509924 0.266997 0.019515 0.019692 0.124256 0.146594 0.118352 0.048786 
0.450548 0.012141 0.479434 0.445118 0.283144 0.219658 0.361482 0.198658 0.150676 0.277288 0.126084 0.009698 
0.557749 0.116791 0.382307 0.500481 0.287365 0.251656 0.467420 0.155658 0.151084 0.299305 0.025689 0.095099 
0.475753 0.332332 0.599942 0.338609 0.236193 0.354434 0.291433 0.163815 0.172406 0.331157 0.170013 0.032171 
