1.064127 0.582955 0.423605 0.342031 0.297813 0.269163 0.252340 0.239519 0.229414 0.217966 0.221166 0.131712 
1.068898 0.579877 0.426416 0.341607 0.303599 0.267662 0.253105 0.241398 0.227572 0.220655 0.214272 0.132266 
1.063435 0.588173 0.416930 0.343107 0.295805 0.277948 0.243396 0.246220 0.221675 0.225966 0.216329 0.131804 
1.058085 0.584521 0.423734 0.336800 0.303366 0.268169 0.253250 0.240429 0.226340 0.224193 0.216644 0.131406 
1.066103 0.578753 0.428305 0.339575 0.300662 0.271999 0.243752 0.246582 0.232712 0.216893 0.216261 0.131938 
1.285181 0.471084 0.326711 0.583272 0.147338 0.164652 0.177270 0.335954 0.088794 0.211952 0.199916 0.165005 
2.272491 0.169960 0.390875 -0.326718 0.241469 -0.243025 0.017395 0.372958 -0.156965 -0.155022 -0.184473 -0.107173 
2.399051 0.501257 0.648907 -0.235603 -0.018355 -0.417696 -0.013892 0.440294 -0.164748 -0.279333 -0.054766 -0.079247 
2.281992 0.563385 0.941911 -0.399573 0.045567 -0.486057 -0.044086 0.380752 -0.076167 -0.177556 -0.115797 0.037132 
2.441953 0.558836 1.097096 -0.260388 -0.073648 -0.461930 0.038922 0.413675 -0.170465 -0.092604 0.017210 -0.075563 
2.675920 0.792894 1.026697 -0.049534 -0.026259 -0.522916 0.002976 0.361491 -0.191932 -0.054680 0.047360 -0.081605 
2.718878 1.663488 0.948283 -0.393364 0.273564 -0.118395 -0.076640 0.299728 -0.081208 0.039894 -0.033641 -0.281504 
2.636006 1.422737 0.571840 0.056413 -0.097142 -0.012044 0.122604 0.148084 0.086089 0.033422 -0.083991 -0.154181 
2.275610 1.405071 0.797071 0.342479 0.105267 0.053726 0.108814 0.133237 0.053119 -0.073857 -0.007750 -0.072187 
1.782043 1.121539 0.768631 0.479201 0.320910 0.230382 0.179930 0.120266 0.066523 0.024557 0.029297 0.009410 
1.355542 0.843489 0.654891 0.468111 0.362261 0.261600 0.166085 0.102245 0.064219 0.057488 0.083465 0.046665 
1.073364 0.587849 0.433846 0.343738 0.295805 0.272460 0.244267 0.241306 0.216230 0.222972 0.221440 0.132739 
1.065096 0.585673 0.418035 0.340794 0.295870 0.266579 0.253097 0.236638 0.231105 0.223449 0.220201 0.131389 
1.063707 0.580796 0.425630 0.342405 0.295182 0.268951 0.253186 0.236101 0.232765 0.219995 0.219022 0.131559 
1.068405 0.578365 0.427480 0.344533 0.299574 0.269371 0.248838 0.241743 0.224809 0.213705 0.226011 0.131929 
1.068777 0.583859 0.424920 0.342776 0.304990 0.268197 0.252298 0.235046 0.225396 0.223818 0.216493 0.132351 
