1.073651 0.585325 0.424816 0.340866 0.297963 0.270081 0.248424 0.236956 0.231793 0.221938 0.217285 0.132538 
1.068965 0.584033 0.420459 0.342229 0.297505 0.270684 0.249926 0.243157 0.225473 0.225727 0.216254 0.132145 
1.068833 0.585987 0.426042 0.341564 0.294133 0.269001 0.248362 0.234340 0.231854 0.224857 0.219150 0.132107 
1.075316 0.583321 0.424957 0.344128 0.299889 0.267178 0.248311 0.235067 0.229401 0.224098 0.217301 0.132515 
1.136981 0.536290 0.363656 0.275418 0.259656 0.285395 0.261897 0.243532 0.237408 0.231841 0.250763 0.126235 
1.130383 0.564598 0.384168 0.294755 0.236952 0.239859 0.261727 0.252179 0.254156 0.260921 0.226891 0.125487 
2.337512 1.052843 0.378196 0.134083 -0.532807 -0.300443 0.320069 -0.043724 -0.010861 0.078898 0.127217 -0.147900 
1.909767 0.776660 0.495089 0.018187 -0.613169 -0.315915 0.170753 0.013292 -0.040884 0.216532 0.121605 -0.102849 
1.857323 0.809824 0.507345 0.019593 -0.707790 -0.280932 0.177306 -0.004017 -0.048543 0.239503 0.127065 -0.131019 
2.012385 0.770720 0.417594 -0.008927 -0.638492 -0.256542 0.189444 -0.010179 0.012157 0.149676 0.076463 -0.116217 
2.200845 0.785254 0.442854 -0.055698 -0.619034 -0.177986 0.174335 -0.094387 -0.013108 0.200836 -0.008858 -0.152593 
2.189297 0.465486 0.384748 0.006270 -0.215422 -0.180880 0.425521 -0.127824 -0.187531 0.018942 -0.043200 -0.087077 
2.127349 0.437136 0.148309 0.073148 -0.101084 0.127173 0.203342 -0.097555 -0.242857 -0.044537 0.007927 0.040899 
2.042323 0.418546 0.157177 0.189580 0.176101 0.073877 0.235332 -0.233827 -0.249120 -0.005444 0.128359 0.123551 
1.897816 0.592523 0.272574 0.220084 0.503130 -0.085334 0.056429 -0.019366 -0.222942 -0.068687 0.048053 0.189735 
0.713684 0.051420 0.597081 0.386450 0.725324 0.158615 0.212191 0.096104 -0.041277 0.209850 0.120465 0.106758 
1.090139 0.537216 0.385968 0.340320 0.336967 0.285090 0.255704 0.199676 0.210673 0.237508 0.235238 0.129861 
1.076680 0.579887 0.419741 0.343923 0.297298 0.270358 0.253779 0.235217 0.228541 0.219937 0.220384 0.132233 
1.076455 0.578441 0.417296 0.337337 0.304260 0.281586 0.253765 0.228188 0.224687 0.218898 0.222917 0.132253 
1.070344 0.583388 0.424300 0.341413 0.300705 0.268375 0.252057 0.240694 0.226775 0.219513 0.219257 0.132322 
1.075231 0.587560 0.423170 0.343725 0.299845 0.267448 0.252760 0.233139 0.229176 0.220176 0.219916 0.132771 
1.069083 0.586913 0.427243 0.343765 0.296365 0.260472 0.253421 0.236063 0.223575 0.229380 0.219259 0.132225 
