1.076825 0.580918 0.420786 0.343931 0.300029 0.269740 0.249658 0.238696 0.230496 0.222357 0.217223 0.132652 
1.073440 0.581645 0.421404 0.341837 0.299137 0.268787 0.252140 0.237848 0.228453 0.224352 0.218429 0.132369 
1.067806 0.584547 0.419067 0.349837 0.295705 0.269928 0.248989 0.236145 0.233520 0.225017 0.214568 0.132217 
1.074989 0.526425 0.358539 0.331143 0.367107 0.248910 0.223255 0.248296 0.189414 0.257512 0.242736 0.123597 
1.065571 0.463137 0.335868 0.367508 0.365035 0.292053 0.236029 0.202265 0.236433 0.249602 0.218506 0.116640 
0.994750 0.459372 0.363269 0.336910 0.343162 0.344961 0.191781 0.221285 0.252667 0.242607 0.219626 0.112144 
2.179898 -0.465675 0.849276 0.581988 -0.011550 0.032608 -0.098633 -0.108799 0.127075 -0.032371 -0.179792 0.099251 
1.759054 -0.493478 0.581272 0.639567 -0.080627 -0.097371 -0.196583 -0.099838 0.084653 0.063737 -0.002742 0.081816 
2.268881 -0.489292 0.310944 0.387098 0.125340 0.029750 -0.031884 -0.048024 -0.119060 -0.057565 0.204479 0.258447 
2.719818 -0.285475 0.211700 0.664381 -0.062659 -0.102639 0.129048 0.056337 -0.037401 0.110184 0.102846 -0.027024 
2.806466 -0.351657 -0.038613 0.093225 -0.128476 0.086325 0.250162 -0.060014 -0.128119 0.178134 0.335739 0.227400 
2.859893 -0.222503 -0.130563 0.212165 -0.063327 0.185567 0.146045 -0.086507 0.070948 0.388380 0.337911 0.127616 
2.605287 0.063055 0.037062 0.443772 0.098707 0.064717 0.175695 -0.034820 0.042354 0.226886 0.238440 0.050894 
2.264658 0.561345 0.051882 0.250380 0.302212 0.165308 0.120843 0.151577 0.197263 0.222866 0.179405 0.118185 
1.525776 0.817649 0.444495 0.223759 0.151122 0.156636 0.213836 0.273744 0.290266 0.274042 0.162448 0.128658 
1.079599 0.585679 0.421751 0.345940 0.300172 0.267948 0.251787 0.235356 0.227191 0.221720 0.220245 0.133212 
1.074458 0.582034 0.422225 0.341575 0.299599 0.269501 0.249072 0.238982 0.226788 0.223967 0.220365 0.132441 
1.075546 0.582874 0.422166 0.342380 0.298960 0.268459 0.250755 0.237298 0.228309 0.223685 0.219457 0.132570 
1.076369 0.581379 0.420114 0.344671 0.298139 0.270132 0.250032 0.237825 0.228974 0.222237 0.219783 0.132553 
1.075005 0.582561 0.421850 0.341460 0.299874 0.270261 0.252447 0.237817 0.227978 0.222104 0.218831 0.132612 
1.075055 0.582767 0.420545 0.343769 0.297614 0.270615 0.250129 0.237843 0.229918 0.223037 0.218385 0.132559 
