1.054731 0.571558 0.449580 0.335042 0.290804 0.284211 0.251693 0.219532 0.240309 0.228146 0.206913 0.131965 
1.066558 0.588510 0.422701 0.341254 0.298585 0.273975 0.242306 0.244817 0.225991 0.225094 0.212417 0.132041 
1.069708 0.574514 0.450608 0.335518 0.291372 0.278128 0.246336 0.232210 0.215734 0.224343 0.224656 0.131664 
1.060119 0.581854 0.430295 0.339600 0.299408 0.269956 0.260989 0.230961 0.230038 0.221515 0.213902 0.131811 
1.068295 0.583799 0.442376 0.336202 0.297111 0.275624 0.243026 0.235106 0.231426 0.212502 0.222589 0.132507 
1.152637 0.362332 0.238546 0.380058 0.423224 0.374062 0.346649 0.195506 0.192756 0.127990 0.236355 0.166072 
2.206982 0.432346 0.343414 -0.016457 0.164006 -0.411791 0.414926 0.144174 -0.380642 -0.261518 -0.199582 0.129241 
2.044158 0.741659 0.733057 -0.214356 -0.132808 -0.551302 0.259851 0.143277 -0.122137 -0.007312 -0.105893 -0.050426 
2.114565 0.962257 0.839042 -0.240857 -0.106711 -0.566132 0.235209 0.221451 -0.239462 0.145239 -0.062307 -0.158629 
2.457606 0.879288 0.910486 -0.036165 -0.186503 -0.563542 0.370045 0.159856 -0.152873 0.178905 0.017244 -0.095430 
2.268370 1.040268 0.971273 0.078759 -0.160718 -0.515040 0.158351 0.083050 -0.276036 0.122030 0.088003 -0.086404 
2.337014 1.319089 0.841368 0.170986 -0.178489 -0.182801 0.139761 0.179304 0.013540 0.008447 0.016337 -0.172708 
3.007431 1.657749 0.698052 0.051642 -0.050468 -0.028792 0.114531 0.163527 0.042572 0.055672 -0.085591 -0.144505 
2.095131 1.258662 0.673400 0.246457 0.042185 0.049990 0.163345 0.248834 0.210284 0.110194 0.056954 -0.040333 
1.674120 1.032827 0.675210 0.434358 0.290098 0.190887 0.114142 0.042564 -0.015968 -0.018308 0.036183 0.015254 
1.058363 0.575081 0.431461 0.326694 0.294888 0.279212 0.253378 0.238081 0.239050 0.230720 0.207805 0.131586 
1.079266 0.587561 0.444345 0.348698 0.295536 0.275764 0.249188 0.232344 0.223466 0.217811 0.212608 0.133902 
1.059970 0.588099 0.421969 0.348127 0.297139 0.268316 0.251960 0.244972 0.222230 0.223384 0.213738 0.131906 
1.074136 0.579157 0.429410 0.344504 0.298657 0.270240 0.245756 0.233390 0.231892 0.217043 0.221413 0.132258 
1.064709 0.585896 0.429723 0.341250 0.295517 0.269219 0.253510 0.229127 0.229807 0.220029 0.222046 0.131778 
1.064231 0.587686 0.426116 0.344267 0.300206 0.271860 0.237336 0.236261 0.233629 0.220290 0.218449 0.131773 
