1.076484 0.582654 0.421864 0.343310 0.297544 0.270386 0.251544 0.237123 0.229046 0.223675 0.217958 0.132724 
1.076475 0.583657 0.420972 0.343504 0.297862 0.269380 0.251866 0.238017 0.228359 0.223688 0.218068 0.132747 
1.076336 0.583582 0.421322 0.342663 0.297907 0.269471 0.251254 0.238358 0.229378 0.223233 0.217854 0.132705 
1.075901 0.582204 0.422046 0.342926 0.298235 0.270364 0.251026 0.239241 0.229402 0.221716 0.218023 0.132689 
1.079206 0.584768 0.422791 0.343163 0.298112 0.270807 0.250832 0.236633 0.229320 0.222206 0.218611 0.133137 
1.131959 0.587845 0.443778 0.358868 0.302804 0.270638 0.231706 0.216962 0.209366 0.206407 0.233111 0.136266 
1.198393 0.558121 0.464965 0.347673 0.295888 0.238190 0.177822 0.168474 0.131031 0.199534 0.321942 0.139593 
1.232216 0.118465 -0.256660 0.101969 0.410476 0.010441 -0.214976 -0.018429 0.175613 0.232805 0.271965 0.075375 
1.202240 -0.118953 -0.152593 -0.243347 0.477374 0.091926 -0.046067 -0.155507 0.254861 0.171792 0.253228 0.182700 
1.167010 -0.269774 -0.141029 -0.263131 0.392773 0.252118 -0.100337 -0.076579 0.323557 0.127803 0.259060 0.140207 
1.101111 -0.363297 -0.006027 -0.084463 0.281027 0.197738 -0.152223 -0.085831 0.325084 0.194580 0.176000 0.114472 
1.007795 -0.465152 0.390508 0.067954 0.036461 -0.155001 -0.089125 -0.023744 0.271690 0.222020 0.105378 0.244521 
0.890758 -0.187487 0.849772 0.120889 0.026091 -0.146162 0.004089 -0.021014 0.139216 0.160334 0.111715 0.195131 
0.861274 -0.043174 0.801056 0.207909 -0.120115 -0.022694 0.003781 -0.094914 0.094164 0.059225 0.129819 0.191925 
1.450069 0.063112 0.912942 0.244179 0.123555 0.137649 0.056744 -0.061506 0.145263 0.105177 0.062861 0.156320 
1.255137 0.620312 0.530874 0.428288 0.277483 0.215161 0.203457 0.160162 0.230201 0.194846 0.179981 0.136206 
1.164533 0.652267 0.495400 0.387962 0.325737 0.274588 0.224780 0.200295 0.202839 0.196298 0.189442 0.137081 
1.078518 0.581267 0.421197 0.343521 0.298478 0.269334 0.250372 0.236585 0.229407 0.223032 0.219055 0.132648 
1.077038 0.581808 0.421348 0.343857 0.299243 0.270097 0.250213 0.238028 0.229443 0.222805 0.217721 0.132730 
1.076541 0.582614 0.421284 0.343335 0.298366 0.269997 0.250721 0.237938 0.230275 0.222142 0.218292 0.132718 
1.078315 0.583200 0.421148 0.342588 0.298676 0.270969 0.250134 0.238396 0.228477 0.222750 0.218429 0.132851 
1.077041 0.581708 0.421208 0.343843 0.298407 0.270047 0.250360 0.238172 0.229758 0.223238 0.217764 0.132721 
1.075941 0.582338 0.421033 0.343625 0.298627 0.269434 0.251381 0.238730 0.229422 0.222890 0.217856 0.132701 
