1.070043 0.584781 0.427151 0.336487 0.301185 0.262180 0.248119 0.241460 0.228128 0.217744 0.220039 0.131493 
1.074963 0.587630 0.422157 0.350443 0.294854 0.254093 0.247171 0.239717 0.222936 0.221793 0.225519 0.131952 
1.067188 0.586968 0.425276 0.343369 0.296892 0.273355 0.241575 0.244535 0.224366 0.220683 0.218872 0.132013 
1.069394 0.584551 0.438596 0.338444 0.306510 0.263803 0.247283 0.227659 0.233702 0.211518 0.225184 0.132380 
1.071409 0.583769 0.427710 0.347932 0.296707 0.263833 0.244726 0.233674 0.229540 0.228061 0.217141 0.132152 
1.066793 0.592989 0.438810 0.352237 0.296943 0.258168 0.250109 0.216482 0.231967 0.236234 0.209081 0.132826 
1.015118 0.974541 0.310265 0.560058 0.316062 0.323188 0.183015 0.099094 0.138198 0.164964 0.127717 0.102179 
1.103624 0.663104 0.404009 0.555836 0.280290 0.348219 0.255177 0.097133 0.165232 0.161705 0.156507 0.099043 
1.077068 0.679826 0.426869 0.345176 0.363304 0.280571 0.169439 0.199946 0.177490 0.195882 0.117269 0.115437 
1.104629 0.342609 0.895434 1.061453 -0.176135 0.131281 -0.043083 -0.020282 0.072465 -0.050794 -0.230698 0.055874 
1.258752 0.001337 1.123470 1.011277 -0.219352 -0.006187 -0.037902 -0.070538 -0.067146 -0.110545 -0.218708 -0.016146 
1.437857 -0.013247 1.182724 0.957018 -0.205631 0.039294 0.037445 -0.105565 -0.069938 -0.070803 -0.228740 -0.056989 
1.557690 0.002692 1.025030 0.557718 0.330131 -0.161075 0.066386 -0.223733 -0.007454 0.107527 -0.284311 -0.062916 
2.675815 -0.130162 0.693776 -0.071973 -0.033564 0.156238 -0.019597 -0.094827 -0.300737 -0.179734 0.104225 -0.002267 
3.045911 0.573673 0.152668 0.103303 -0.188682 -0.273237 0.235578 0.106553 -0.092541 -0.100650 0.009835 -0.016240 
3.560009 0.390495 0.238920 0.048114 -0.208376 -0.190231 0.400190 0.238494 -0.069402 0.024749 0.132461 0.021334 
2.193679 1.073382 0.322842 -0.051800 -0.095560 0.014483 0.156305 0.074902 0.069788 -0.052437 -0.005399 0.022936 
1.153360 0.620264 0.439181 0.340907 0.272284 0.247931 0.235973 0.229250 0.220226 0.211904 0.224090 0.137080 
1.118908 0.611344 0.443291 0.341179 0.291256 0.262003 0.231760 0.231370 0.222709 0.208360 0.223569 0.135575 
1.088357 0.588487 0.420479 0.344636 0.298794 0.257268 0.239670 0.240197 0.220108 0.226010 0.223296 0.132507 
1.118729 0.609090 0.444401 0.335006 0.276328 0.259658 0.230784 0.225533 0.223942 0.224247 0.226045 0.135515 
1.074365 0.576623 0.423831 0.332526 0.287091 0.275580 0.245487 0.239565 0.234406 0.231616 0.210007 0.130995 
1.084051 0.579925 0.431298 0.341358 0.281987 0.274411 0.235440 0.236298 0.224848 0.212047 0.236334 0.131896 
