0.885726 0.577389 0.485202 0.305741 0.297027 0.311282 0.170568 0.335182 0.265327 0.169286 0.125767 0.134019 
0.883838 0.495500 0.491700 0.267518 0.394917 0.256578 0.181366 0.204199 0.296477 0.178932 0.233861 0.109073 
0.943936 0.657069 0.480228 0.306209 0.256072 0.291885 0.232255 0.185219 0.274396 0.191250 0.177235 0.128855 
0.917991 0.622257 0.447892 0.319539 0.320448 0.324817 0.173067 0.205301 0.306615 0.208787 0.118447 0.136493 
0.986783 0.586199 0.368105 0.390498 0.188492 0.242565 0.333304 0.235626 0.177754 0.203519 0.249128 0.106058 
0.820109 0.332605 0.379757 0.547858 0.038686 0.081670 0.051304 0.179842 0.171737 0.153155 -0.121629 0.137329 
0.552388 -0.045626 0.479745 0.720677 0.052679 0.203475 0.117682 0.070163 0.343016 0.137505 -0.071820 0.087362 
1.858089 -0.009972 0.612689 0.656559 0.038895 -0.127967 -0.066634 -0.131458 0.004181 -0.081466 -0.209632 -0.094030 
1.424039 -0.151346 0.907636 0.876659 -0.079023 -0.159245 -0.151058 -0.104932 -0.066649 -0.239869 -0.240603 -0.022029 
1.027038 0.088218 0.888335 0.963604 -0.101278 -0.161121 -0.105612 0.047761 -0.159450 -0.245541 -0.186562 -0.017665 
1.028751 0.253467 0.954714 0.870066 -0.113686 -0.066256 -0.055970 0.017368 -0.230491 -0.160791 -0.164431 -0.082494 
1.416909 0.187622 0.810898 0.799866 -0.054337 -0.349350 0.126574 -0.092924 -0.197400 -0.279082 -0.115611 -0.085107 
1.725438 0.755148 0.765570 0.924082 -0.169616 -0.169827 0.107960 0.036524 -0.176841 -0.174256 -0.011970 -0.069944 
2.005419 1.656757 1.151317 0.815077 -0.092286 -0.053939 0.103838 0.011384 -0.275095 -0.145980 0.073265 -0.150350 
1.690774 1.226877 1.089558 0.623584 0.323832 0.017719 0.097923 -0.157212 -0.007136 -0.018429 -0.196003 -0.041949 
1.114352 0.713159 0.624363 0.421100 0.311085 0.195074 0.215089 0.160825 0.084033 0.054828 0.132027 0.071986 
0.958010 0.585045 0.487912 0.283936 0.317030 0.299498 0.237450 0.149454 0.252279 0.242830 0.143123 0.131892 
1.009308 0.591558 0.536938 0.346206 0.274021 0.240411 0.246250 0.218551 0.244185 0.215495 0.095755 0.133370 
0.969741 0.528504 0.463290 0.325734 0.258626 0.313448 0.230889 0.257902 0.195283 0.222023 0.193785 0.118232 
0.848042 0.532286 0.424855 0.313621 0.329141 0.254936 0.308132 0.299673 0.204725 0.197214 0.154925 0.123880 
0.955230 0.611739 0.495869 0.355129 0.327827 0.287030 0.240389 0.203277 0.229089 0.145845 0.179515 0.124760 
0.944732 0.640362 0.360769 0.428383 0.273693 0.257573 0.190210 0.252303 0.213821 0.211726 0.196039 0.121943 
