0.682704 0.521499 0.343617 0.205610 0.113783 0.101372 -0.005886 0.036640 0.150387 0.033238 0.159724 0.082804 
0.749006 0.514842 0.369386 0.164753 0.214416 0.117639 0.196221 -0.063565 0.256709 -0.025881 0.119443 0.094587 
0.747397 0.393025 0.381575 0.266633 0.165367 0.188410 0.073351 0.033069 0.073506 -0.049294 0.131994 0.088926 
0.691010 0.588807 0.264850 0.293874 0.107975 0.219783 0.101429 -0.044794 -0.024821 0.128543 0.228899 0.042055 
0.607929 0.207567 -0.028937 0.048939 0.263719 0.163637 -0.012726 0.161923 0.081543 0.178125 0.085727 0.078598 
0.657665 0.026075 0.219152 -0.086165 0.212011 0.279106 -0.060674 -0.081997 0.176237 0.241673 0.098317 0.105694 
2.056912 0.264191 0.661735 0.572866 0.508947 -0.098647 -0.304047 -0.465004 0.092978 -0.112574 -0.353853 -0.183739 
2.812599 -0.449381 0.510280 1.049434 -0.030691 -0.350833 -0.336508 -0.041207 -0.092419 -0.277057 -0.289724 0.004351 
1.769821 0.293917 0.745274 1.042521 0.265083 -0.374658 -0.100775 0.153795 -0.129484 -0.221374 -0.067310 0.034348 
1.269013 0.281812 0.685021 0.556527 0.214395 0.003165 0.017651 0.035754 0.181501 -0.238161 -0.175100 0.090216 
1.709659 -0.070195 -0.002042 0.382465 0.483091 0.289115 -0.164911 -0.162928 -0.041725 -0.073552 -0.027464 0.039472 
0.574123 -0.174708 0.187852 0.143817 0.352246 0.100898 -0.045236 0.118667 0.020795 0.261482 0.016735 -0.070031 
0.548527 -0.206861 -0.014679 0.022223 0.129683 0.148457 0.046175 0.236293 0.097008 0.207853 0.090780 0.005706 
0.476667 -0.026398 0.001987 0.058185 0.158717 0.109072 0.222928 0.079172 0.024353 0.188941 0.017095 0.127662 
