1.042965 0.308185 0.438820 0.318895 0.205107 0.310201 0.321209 0.273817 0.218538 0.223748 0.229880 0.098708 
1.036934 0.392321 0.437293 0.383118 0.256784 0.292422 0.261349 0.283241 0.220854 0.175296 0.238404 0.126419 
1.052297 0.405791 0.474182 0.333707 0.256759 0.320021 0.272690 0.242238 0.236624 0.197872 0.210407 0.125033 
1.030791 0.479808 0.480708 0.326915 0.231587 0.266722 0.297258 0.239212 0.214126 0.243475 0.206671 0.115210 
0.213839 0.685387 0.532411 0.091231 0.472528 0.086301 0.226437 0.370434 0.185073 0.217076 0.155073 0.055880 
0.018795 0.399804 0.597847 0.270948 0.427803 -0.019068 0.259844 0.250747 0.456399 0.266898 0.088280 0.037729 
1.412303 0.372418 0.862964 0.697245 0.087260 -0.185491 -0.062358 -0.162658 -0.107101 -0.052777 -0.215789 -0.141210 
0.547940 0.502607 0.665669 0.709268 -0.076384 -0.237957 0.017432 -0.161427 -0.172088 -0.123021 -0.227254 -0.043139 
0.579187 0.544423 0.957276 0.707435 -0.029924 -0.241494 0.117017 -0.168411 -0.172012 -0.204759 -0.111067 -0.097212 
0.978909 0.452913 1.148716 0.694191 -0.169607 0.013055 0.074620 -0.167138 -0.169433 -0.215321 -0.066480 -0.123568 
1.610279 0.135070 1.422732 0.590090 -0.359663 0.037879 -0.025816 0.074858 -0.205653 -0.196432 0.044812 -0.059739 
1.646170 0.330764 1.462449 0.500628 -0.393468 0.061462 -0.071087 0.025595 -0.144499 -0.161769 0.020358 -0.022578 
1.911858 0.161906 1.815234 1.148689 -0.304301 0.167710 0.185928 0.099853 -0.214284 -0.139829 0.066074 0.022011 
1.307630 0.541532 0.859138 0.682239 0.158665 0.124985 0.244221 0.097160 -0.022213 -0.022565 0.129013 0.018974 
1.123381 0.608837 0.566912 0.435316 0.270203 0.274301 0.260130 0.219772 0.151305 0.181116 0.192454 0.127155 
1.045355 0.585839 0.442778 0.370495 0.286467 0.258984 0.264046 0.229058 0.210159 0.222273 0.218225 0.130531 
1.046792 0.581398 0.426821 0.363546 0.283478 0.256294 0.265404 0.243829 0.209768 0.226090 0.217004 0.130032 
1.018688 0.582099 0.433023 0.340810 0.305399 0.270635 0.248576 0.239501 0.250610 0.208710 0.203225 0.129752 
1.035270 0.550149 0.460727 0.339988 0.278172 0.257802 0.271760 0.235612 0.219178 0.226588 0.221312 0.126968 
1.042415 0.562993 0.431786 0.354850 0.286921 0.275260 0.261027 0.242796 0.222753 0.210071 0.220681 0.129425 
