1.164526 0.691611 0.460672 0.340813 0.232637 0.271736 0.233074 0.208499 0.164043 0.161628 0.154038 0.116293 
1.361971 0.788789 0.461386 0.367988 0.106142 0.142053 0.244226 0.166875 0.104368 0.121528 0.155839 0.096464 
1.278896 0.814826 0.498147 0.357981 0.319538 0.154293 0.184441 0.168897 0.175798 0.086998 0.135253 0.099452 
1.132743 0.663105 0.506354 0.386590 0.274654 0.290214 0.274141 0.204773 0.217111 0.193952 0.106949 0.128729 
1.224369 0.192028 0.640021 0.321657 0.096246 0.040742 0.102864 0.306816 0.230899 0.138669 0.012683 0.100956 
0.676028 0.098021 0.527194 0.491967 0.216707 0.331860 0.258088 0.209016 0.184162 0.199081 0.055685 0.116743 
1.715818 0.210332 0.751627 0.658607 0.083490 -0.056107 0.154629 -0.147646 0.084552 -0.044162 -0.112981 0.018609 
2.006453 -0.363689 1.029703 0.739467 0.075318 -0.217017 -0.093782 -0.154811 -0.157543 -0.177481 -0.200996 -0.066727 
1.035162 -0.042914 0.747971 0.698462 -0.106989 -0.214606 -0.260322 -0.021627 -0.165733 -0.382281 -0.078061 0.027869 
1.139898 0.087575 1.017593 0.772335 -0.020021 -0.135474 -0.157913 -0.040698 -0.155336 -0.326052 -0.072157 -0.048531 
1.655064 0.240506 1.055324 0.823295 -0.011012 0.014481 -0.152629 0.087621 -0.249522 -0.283852 -0.018837 -0.048065 
1.943683 0.345861 1.206215 0.673731 -0.127871 -0.040452 -0.109775 0.136213 -0.301501 -0.233749 0.063335 -0.114180 
1.716747 0.577368 1.481367 0.798526 -0.058207 0.062833 0.044881 0.119891 -0.275116 -0.166576 0.072968 -0.102676 
1.624837 1.096998 0.866792 0.530038 0.375879 0.205889 0.085856 0.012122 -0.092181 -0.069155 -0.012224 -0.065422 
1.180651 0.689952 0.565703 0.420741 0.301163 0.247752 0.231971 0.182029 0.069879 0.172111 0.173942 0.106691 
1.078474 0.616138 0.514842 0.386745 0.306894 0.238574 0.198102 0.272528 0.215158 0.155938 0.178103 0.132139 
1.012475 0.611737 0.491305 0.354017 0.272078 0.259779 0.271630 0.200813 0.212562 0.212722 0.186509 0.127130 
1.059336 0.604996 0.480377 0.353104 0.263130 0.270550 0.208356 0.235157 0.245329 0.204107 0.178378 0.131963 
1.047248 0.555612 0.471980 0.307102 0.261617 0.326247 0.261000 0.206617 0.255549 0.229126 0.152618 0.132107 
0.980244 0.563588 0.429340 0.310372 0.264596 0.260926 0.220896 0.290537 0.210218 0.233611 0.230047 0.115768 
1.012451 0.585872 0.430363 0.329543 0.314780 0.246548 0.249304 0.240109 0.208039 0.234024 0.203084 0.125377 
