1.068639 0.581830 0.422904 0.347291 0.294370 0.270449 0.251092 0.239526 0.229979 0.224563 0.214585 0.132248 
1.072849 0.579939 0.423010 0.345248 0.294929 0.271379 0.248740 0.237194 0.228892 0.224600 0.218741 0.132202 
1.067556 0.586721 0.420266 0.344657 0.298465 0.268971 0.252875 0.237639 0.233029 0.215258 0.220721 0.132220 
1.073069 0.579489 0.428859 0.342518 0.297503 0.271821 0.246124 0.245123 0.229567 0.215653 0.219031 0.132536 
1.090722 0.553475 0.433639 0.300280 0.264773 0.264793 0.227553 0.227538 0.256141 0.249291 0.226923 0.128140 
1.658355 0.979473 0.569761 0.222015 0.062584 0.070137 0.156194 0.175858 0.214033 0.156111 0.155230 0.112321 
2.514015 0.888622 0.823488 -0.017230 -0.697063 -0.265903 0.230721 -0.163780 0.088263 0.248253 0.048336 -0.122553 
2.106340 0.872666 0.628037 -0.002305 -0.695208 -0.160833 0.203075 -0.200265 0.016870 0.118638 -0.011770 -0.164847 
2.297856 0.726983 0.545081 -0.114119 -0.618336 -0.031426 0.189224 -0.181035 -0.003963 0.011902 -0.179058 -0.143629 
2.267519 0.433000 0.283803 0.024839 -0.486875 0.000486 0.294293 -0.193074 -0.082929 0.057181 -0.117461 -0.156928 
2.633348 0.142917 0.245251 0.067417 -0.193939 0.162227 0.325305 -0.167235 -0.267796 -0.008390 0.004664 -0.032496 
2.403948 0.149137 0.166087 -0.005485 0.195878 0.161609 0.231914 -0.407780 -0.192846 0.047879 0.011924 0.145343 
2.302706 -0.029027 0.451346 0.181651 0.311517 0.043190 -0.040506 0.088595 -0.072183 0.012795 0.084074 0.001085 
1.857442 -0.019916 0.516653 0.188232 0.151044 0.299295 -0.053266 -0.127735 -0.119108 -0.003506 0.185384 0.144474 
1.372161 0.615488 0.333656 0.332001 0.416303 0.396300 0.265551 0.117737 0.046776 0.093661 0.252177 0.173549 
1.078413 0.583316 0.418601 0.345702 0.298316 0.268725 0.252118 0.235241 0.225213 0.222604 0.221710 0.132584 
1.069247 0.582003 0.423432 0.343126 0.300674 0.272361 0.250353 0.237714 0.228436 0.222584 0.215928 0.132291 
1.075649 0.583815 0.422916 0.340712 0.300544 0.270739 0.250889 0.240532 0.227629 0.220483 0.216611 0.132653 
1.068203 0.582252 0.424331 0.343191 0.298335 0.271400 0.249622 0.240505 0.230677 0.220846 0.216732 0.132304 
