1.065279 0.569048 0.414067 0.328301 0.304521 0.274837 0.256764 0.249878 0.222678 0.222256 0.209920 0.129907 
1.055510 0.561636 0.443203 0.344567 0.295700 0.269943 0.242992 0.246309 0.227481 0.221988 0.213669 0.130453 
1.050185 0.568974 0.440481 0.333149 0.315532 0.268469 0.216607 0.265271 0.213720 0.212675 0.233232 0.128373 
1.067799 0.556755 0.421803 0.327909 0.300921 0.308693 0.241098 0.238913 0.218938 0.213568 0.222696 0.130905 
1.416502 0.474777 0.402694 0.310503 0.191521 0.269646 0.256281 0.171615 0.221773 0.240718 0.111990 0.090398 
1.144414 0.531885 0.394434 0.250847 0.241792 0.248295 0.254431 0.255612 0.280839 0.268394 0.203212 0.118222 
2.415419 1.039561 0.844988 -0.105784 -0.591521 -0.254403 0.126286 -0.029990 -0.000985 0.161221 0.045664 -0.159224 
2.314400 0.842494 0.664370 -0.071269 -0.719927 -0.381469 0.214103 -0.198539 0.032855 0.150436 0.042345 -0.163595 
2.429397 0.648920 0.505467 -0.127539 -0.581780 -0.351719 0.213491 -0.159636 0.009240 0.173009 0.002859 -0.117883 
2.440537 0.726515 0.410229 -0.239098 -0.583336 -0.113245 0.195430 -0.051031 -0.106011 0.085994 -0.115359 -0.191956 
2.512862 0.668450 0.329046 -0.125496 -0.283801 -0.099714 0.365711 -0.234110 -0.128819 -0.078472 -0.180724 -0.111448 
2.616926 0.267733 0.389849 -0.130405 -0.140975 -0.011197 0.293461 -0.151534 -0.333586 0.068114 0.003360 -0.099258 
2.463312 0.465665 0.293035 0.065674 0.152669 -0.044632 0.255661 -0.200889 -0.317531 0.061581 0.112209 0.097711 
1.921031 0.686440 0.356527 -0.154683 0.515106 -0.144117 -0.011126 -0.013578 -0.224851 0.097566 -0.086312 0.061345 
0.623880 -0.185227 0.533003 0.379109 0.696468 0.169775 0.294368 0.085677 0.042504 0.140192 0.140879 0.242219 
1.136005 0.485507 0.368277 0.312384 0.332743 0.332508 0.245688 0.210449 0.158834 0.176808 0.316811 0.141814 
1.094347 0.576727 0.425168 0.333954 0.320309 0.290546 0.252453 0.204531 0.206981 0.218943 0.225817 0.133257 
1.068088 0.573617 0.441887 0.320811 0.306685 0.271963 0.254851 0.244512 0.216457 0.201541 0.233226 0.130898 
1.065011 0.560442 0.424968 0.336515 0.311670 0.272430 0.242250 0.229255 0.223496 0.224616 0.228821 0.129634 
1.062447 0.590946 0.420780 0.325595 0.308740 0.268803 0.255482 0.239907 0.240535 0.201588 0.217218 0.130986 
1.065635 0.585351 0.427861 0.334378 0.306666 0.274363 0.235272 0.238841 0.234139 0.212261 0.223300 0.131400 
1.081226 0.600831 0.418681 0.338397 0.309027 0.273941 0.222033 0.229760 0.225318 0.230642 0.216965 0.132225 
