1.033508 0.586011 0.408195 0.358289 0.302306 0.264784 0.222891 0.237617 0.214740 0.224062 0.232041 0.126269 
1.072784 0.605864 0.480523 0.321944 0.255651 0.180996 0.173931 0.226271 0.238437 0.269529 0.249381 0.135414 
0.948254 0.421160 0.420076 0.474191 0.303070 0.250236 0.156918 0.261590 0.312867 0.260677 0.093065 0.120404 
0.727719 0.380337 0.563476 0.366020 0.100771 0.465864 0.336791 0.084818 0.277453 0.302493 0.086271 0.109865 
0.586979 0.342773 0.434142 0.307640 0.369861 0.333291 0.296934 0.053260 0.273952 0.289201 0.216330 0.046854 
0.649185 0.209243 0.335483 0.374456 0.358383 0.362293 0.438399 0.023248 0.207662 0.305834 0.117161 0.081950 
0.998760 -0.222934 0.834688 0.538220 0.173059 -0.021955 -0.075754 -0.468896 -0.020930 0.072185 -0.220163 -0.229855 
1.054922 -0.142479 0.842682 0.829018 -0.104113 -0.311242 -0.016967 -0.158360 -0.062120 -0.170066 -0.205314 -0.063054 
1.426278 -0.059390 0.748945 1.149819 -0.064893 -0.018642 0.005347 -0.190262 0.079439 -0.001081 -0.183443 -0.133236 
0.926912 0.276325 0.960568 0.543616 0.374092 -0.123773 0.094501 -0.139600 -0.054292 0.110944 -0.167057 -0.069324 
1.555055 0.471956 0.664166 0.711525 0.299113 0.012970 0.253339 0.132810 0.150318 -0.022439 -0.026061 0.051150 
0.733454 -0.015855 0.523454 0.376461 0.327443 0.278789 0.246330 0.240467 0.191041 0.172319 0.089781 0.094533 
0.734346 0.193120 0.416471 0.340204 0.389236 0.359872 0.288362 0.086156 0.255302 0.252236 0.093531 0.100592 
0.706366 0.111567 0.624119 0.291252 0.143478 0.429438 0.425332 0.039326 0.249792 0.290713 0.187902 0.037949 
0.884542 0.150918 0.578187 0.439993 0.177644 0.332289 0.394023 0.156161 0.085871 0.274736 0.303532 0.033819 
0.998489 0.478853 0.459369 0.396836 0.340215 0.213228 0.225594 0.216795 0.230674 0.239291 0.218269 0.117757 
