1.074101 0.583787 0.420334 0.344193 0.297216 0.270628 0.251419 0.237738 0.229322 0.222703 0.218483 0.132583 
1.076757 0.581833 0.422542 0.341971 0.298228 0.268453 0.250376 0.238040 0.229956 0.220945 0.220619 0.132557 
1.076064 0.583175 0.420239 0.343690 0.297020 0.270181 0.252210 0.237414 0.227640 0.224391 0.218186 0.132605 
1.076453 0.583135 0.421600 0.343194 0.297385 0.270334 0.251524 0.236289 0.229524 0.223852 0.217845 0.132686 
1.093115 0.564207 0.416941 0.345631 0.294184 0.265599 0.249267 0.247228 0.239800 0.216351 0.211523 0.132098 
1.117373 0.588630 0.433981 0.344135 0.261014 0.256436 0.230460 0.226914 0.221759 0.238683 0.224540 0.133134 
2.738501 0.837458 0.201556 0.428013 -0.581650 -0.221875 0.153683 0.189175 -0.012672 0.062443 0.114823 -0.044668 
2.276619 0.786853 0.313637 0.142458 -0.562465 -0.206542 0.210072 0.067540 -0.030430 0.107463 0.088311 -0.096327 
2.279634 0.731008 0.241824 0.154039 -0.521880 -0.145543 0.277288 0.102762 -0.088357 -0.033827 0.014845 -0.108193 
2.718841 0.776456 0.013906 0.185501 -0.355369 -0.111006 0.234489 0.028078 -0.091426 -0.087320 0.010825 -0.071817 
2.680882 0.483378 0.019364 0.323219 -0.217976 0.113642 0.271164 -0.009198 -0.274441 -0.100876 0.052836 0.053704 
2.387525 0.350326 0.316839 0.263475 0.060921 0.023929 0.141344 0.024507 -0.043808 -0.102463 0.033637 0.151072 
1.664845 0.232234 0.873128 0.221334 0.286999 0.339234 0.205202 -0.004308 0.035500 -0.082047 0.092542 0.188302 
1.384047 0.683145 0.477357 0.371003 0.294494 0.269266 0.195608 0.068200 0.034422 0.122649 0.297689 0.156005 
1.079233 0.586122 0.423627 0.343178 0.300259 0.268191 0.249359 0.236157 0.226859 0.223477 0.218565 0.133018 
1.079776 0.583105 0.423495 0.343090 0.297743 0.270124 0.249659 0.238284 0.229264 0.221428 0.217745 0.132913 
1.078297 0.583716 0.422374 0.343492 0.296942 0.269606 0.250660 0.237008 0.228372 0.222793 0.219201 0.132795 
1.078672 0.584943 0.420473 0.342531 0.297513 0.269939 0.250760 0.237154 0.228788 0.223199 0.218761 0.132818 
1.076892 0.582043 0.420917 0.343879 0.297916 0.268460 0.251885 0.237846 0.228690 0.222561 0.219328 0.132619 
1.076798 0.584211 0.421711 0.344361 0.297367 0.270208 0.250058 0.238749 0.227996 0.224144 0.217067 0.132827 
