1.068592 0.583691 0.423633 0.344605 0.294545 0.272331 0.250606 0.240817 0.228024 0.223668 0.215752 0.132325 
1.067267 0.587502 0.419820 0.345176 0.296044 0.273995 0.244678 0.238926 0.227392 0.217841 0.225061 0.131974 
1.069179 0.583597 0.419895 0.345019 0.298442 0.267419 0.252100 0.239294 0.227304 0.224289 0.217259 0.132090 
1.004161 0.511316 0.493088 0.375520 0.212400 0.289898 0.319261 0.172240 0.203155 0.302467 0.188341 0.112970 
0.842632 0.559626 0.457487 0.374654 0.175131 0.462273 0.196547 0.145652 0.308452 0.231737 0.173017 0.142591 
0.886092 0.480980 0.535125 0.292261 0.251009 0.433052 0.185542 0.158273 0.363666 0.200017 0.141017 0.160894 
1.280119 -0.134194 0.747915 0.451765 0.274864 0.233966 -0.317509 -0.239775 0.192128 -0.078691 -0.332593 -0.033741 
1.277106 -0.269107 0.820274 0.923653 0.014183 -0.095567 -0.218471 -0.039557 0.022098 -0.276128 -0.232591 0.047346 
2.033387 -0.113753 0.945910 1.137511 0.309862 0.200140 -0.058806 -0.164983 0.147783 -0.072528 -0.177429 0.066796 
2.093874 0.156447 0.850240 1.375145 0.404556 -0.256632 -0.021589 0.210433 0.007457 -0.190448 -0.094563 0.013315 
1.987016 0.532216 0.642380 1.046332 0.579190 -0.033540 -0.032698 0.149665 0.039253 -0.172418 -0.040427 0.066570 
0.947436 -0.247104 0.457358 0.219567 0.472393 0.013808 0.083105 0.123626 0.077549 0.193624 0.138790 0.043393 
0.980087 0.217689 0.435136 0.314592 0.501010 0.241929 0.355819 0.253363 0.089694 0.298099 0.118803 0.113713 
0.975923 0.541477 0.396814 0.365951 0.287701 0.309327 0.322942 0.213297 0.183660 0.231179 0.199228 0.124610 
0.949854 0.491540 0.477249 0.421386 0.168498 0.350016 0.285707 0.144909 0.220660 0.340710 0.155313 0.107963 
1.063072 0.549369 0.432212 0.368605 0.283235 0.266427 0.255153 0.233883 0.233501 0.233031 0.206426 0.130217 
1.066484 0.579452 0.428827 0.343390 0.291132 0.276733 0.251009 0.234754 0.229832 0.228360 0.212427 0.132053 
1.069791 0.584870 0.420510 0.342755 0.297974 0.272197 0.252354 0.236630 0.231510 0.220254 0.217507 0.132301 
1.068993 0.581092 0.424662 0.344732 0.295607 0.270271 0.251426 0.237839 0.230064 0.222135 0.217877 0.132158 
