1.076664 0.582884 0.421375 0.343256 0.297940 0.269996 0.251353 0.238245 0.229749 0.222591 0.218044 0.132769 
1.076920 0.582507 0.421073 0.343057 0.298647 0.270038 0.251197 0.238537 0.228921 0.223045 0.218026 0.132758 
1.077115 0.582355 0.421855 0.342804 0.298566 0.270018 0.250657 0.238536 0.229408 0.222694 0.218156 0.132774 
1.077239 0.582450 0.421518 0.343824 0.298074 0.270000 0.251276 0.238386 0.228811 0.222678 0.218277 0.132806 
1.076958 0.582386 0.421414 0.343514 0.297696 0.270026 0.250815 0.238829 0.228559 0.223195 0.218490 0.132746 
1.076643 0.582462 0.421187 0.343054 0.298665 0.269472 0.251099 0.238574 0.229095 0.222894 0.218446 0.132723 
1.051568 0.097166 1.070496 0.474533 0.038941 -0.093690 0.125524 0.003773 -0.027398 -0.156231 0.037101 0.158133 
0.317141 0.047303 1.197106 0.463496 -0.030010 -0.114142 0.171628 -0.098764 -0.073915 -0.025451 -0.042376 0.064318 
0.548629 0.043287 1.249959 0.397846 -0.018103 -0.028639 0.231070 -0.109234 -0.138812 -0.047970 -0.048892 0.029246 
0.564504 0.021040 1.274497 0.561685 -0.000960 -0.026490 0.254125 -0.075064 -0.125858 -0.120472 -0.068475 0.062295 
0.409305 0.093916 1.261479 0.511953 0.317368 -0.032231 0.129034 0.024068 -0.031042 -0.191235 -0.000009 0.053959 
0.843014 0.340862 1.191601 0.628374 0.200107 -0.089493 0.223670 0.026877 -0.053987 -0.165808 0.108130 0.038885 
0.942697 0.493468 1.121422 0.542383 0.112854 0.057540 0.350944 -0.077205 0.065893 -0.145307 0.068560 0.039931 
1.120514 0.606409 0.535863 0.393517 0.290756 0.279364 0.265575 0.194275 0.221669 0.186509 0.173167 0.135888 
1.079488 0.583804 0.417978 0.345091 0.302269 0.265581 0.252145 0.241115 0.228563 0.219935 0.218943 0.133032 
1.077439 0.582318 0.421108 0.343700 0.298715 0.269950 0.251421 0.237898 0.229730 0.222606 0.217771 0.132819 
1.076954 0.582557 0.421207 0.343280 0.298690 0.269876 0.250928 0.238630 0.229435 0.222724 0.217607 0.132755 
1.077086 0.582415 0.421040 0.343002 0.298555 0.269762 0.251390 0.238612 0.229407 0.222827 0.217811 0.132753 
1.076782 0.582120 0.421203 0.343063 0.298670 0.269978 0.250879 0.238269 0.229769 0.222598 0.218332 0.132730 
1.077249 0.582567 0.421059 0.343039 0.298139 0.270408 0.251011 0.238069 0.228844 0.222942 0.218700 0.132758 
