1.076600 0.582078 0.422360 0.343193 0.297818 0.269923 0.250718 0.238555 0.227616 0.223038 0.219508 0.132700 
1.076758 0.581766 0.423097 0.343436 0.297205 0.270617 0.251236 0.237330 0.230008 0.223037 0.217461 0.132762 
1.077488 0.582253 0.421016 0.343412 0.298133 0.269913 0.250808 0.238360 0.229621 0.222609 0.218324 0.132752 
1.077838 0.583062 0.421821 0.342755 0.297992 0.269770 0.250689 0.238298 0.228731 0.223175 0.218418 0.132803 
1.076425 0.582046 0.421036 0.342687 0.298380 0.269876 0.251544 0.238437 0.229432 0.223316 0.217602 0.132657 
1.076819 0.582105 0.421447 0.343095 0.297919 0.269806 0.251551 0.238340 0.228950 0.223089 0.218273 0.132706 
0.310708 -0.042987 0.945018 0.632097 -0.218149 -0.116683 -0.039797 -0.057391 0.040676 -0.095184 0.042753 0.194133 
0.405864 -0.181922 0.929592 0.604829 -0.223002 -0.227491 0.032033 -0.076718 0.009000 -0.123831 0.097800 0.206164 
0.529514 -0.148785 1.025300 0.633042 -0.176317 -0.110586 0.135067 -0.103769 -0.061526 -0.135676 0.018510 0.116827 
0.714243 0.041927 1.048843 0.745037 -0.188539 -0.018296 0.294724 -0.199223 -0.127947 -0.068132 -0.013074 -0.070518 
0.806365 0.161706 1.134628 0.839492 -0.004655 -0.021646 0.238665 -0.119096 -0.025801 -0.201280 0.009012 -0.017316 
1.079654 0.320612 1.139163 0.862077 -0.019577 -0.180676 0.433111 -0.071322 -0.103316 -0.076200 0.023931 -0.008610 
1.376392 0.203633 1.108526 1.095388 -0.091071 -0.146568 0.324170 0.049117 -0.164953 -0.094948 0.037070 -0.026982 
1.335049 0.664946 0.740251 0.641359 0.225617 0.145983 0.303410 0.136023 -0.087746 0.047479 0.213161 0.030411 
1.076374 0.544673 0.438953 0.382082 0.277550 0.238999 0.272619 0.260153 0.199331 0.201683 0.246109 0.132605 
1.077228 0.580616 0.423630 0.345560 0.296081 0.267699 0.253839 0.237719 0.226089 0.223277 0.219796 0.132702 
1.076813 0.582428 0.421312 0.343420 0.298152 0.270003 0.251490 0.238039 0.229185 0.222929 0.218097 0.132749 
1.076499 0.582311 0.421291 0.343194 0.298237 0.269796 0.250756 0.238094 0.230445 0.222233 0.218314 0.132688 
1.076564 0.582674 0.422073 0.342362 0.298741 0.269835 0.251007 0.238321 0.229117 0.222646 0.218507 0.132745 
1.076699 0.583705 0.422761 0.342887 0.297428 0.270356 0.251242 0.237993 0.229995 0.221987 0.217977 0.132852 
