1.075260 0.576677 0.418340 0.342729 0.301392 0.270925 0.250381 0.237048 0.229693 0.223226 0.218614 0.132092 
1.072767 0.576664 0.422227 0.341785 0.298809 0.272297 0.242800 0.244318 0.226474 0.218226 0.225547 0.131850 
1.076601 0.578422 0.417395 0.345222 0.298399 0.269683 0.251291 0.241562 0.223431 0.222730 0.221413 0.132276 
1.104734 0.528732 0.437577 0.326907 0.258031 0.280122 0.256221 0.217223 0.237575 0.236272 0.225580 0.128652 
1.082312 0.515528 0.430378 0.380499 0.267707 0.222337 0.305181 0.267782 0.191041 0.192668 0.254714 0.131187 
1.095373 0.534640 0.397523 0.322152 0.255834 0.256330 0.315505 0.249416 0.204900 0.223112 0.235337 0.124950 
2.578945 0.089958 -0.186869 0.160018 -0.371112 -0.107164 0.332722 0.108682 -0.111385 0.063961 0.272642 0.129585 
2.387198 -0.331256 0.039976 0.106311 -0.096637 -0.051228 0.099465 -0.157526 -0.114174 0.205875 0.299557 0.170016 
2.020170 -0.405694 0.427884 0.263706 0.005192 -0.187237 -0.091368 -0.219713 -0.001669 0.231857 0.050389 0.021726 
1.745665 -0.184657 0.833439 0.286540 0.189664 -0.201023 -0.267916 -0.135649 0.052197 -0.029710 -0.167689 0.109454 
1.901446 -0.050629 0.745860 0.572929 0.363035 -0.245113 -0.010144 -0.239243 -0.069464 0.093954 -0.079612 0.019549 
2.289743 0.299436 0.450675 0.555210 0.541648 -0.154294 0.064408 -0.169160 -0.024478 -0.037387 -0.011718 0.161662 
1.857876 0.958754 0.652441 0.592124 0.428271 0.114613 -0.129012 -0.144222 0.003196 0.091414 -0.016042 -0.014407 
1.609647 0.999783 0.722690 0.500301 0.297814 0.124401 0.007845 -0.042220 -0.040704 -0.008274 0.049562 0.036237 
1.086985 0.583096 0.429578 0.351502 0.304443 0.266605 0.247947 0.239153 0.225185 0.217214 0.213967 0.133898 
1.078523 0.576983 0.423908 0.344460 0.296245 0.273358 0.253242 0.237779 0.229855 0.216125 0.219334 0.132642 
1.080340 0.576882 0.425397 0.346976 0.294676 0.270744 0.254276 0.236068 0.224331 0.221897 0.219397 0.132655 
1.076056 0.580032 0.421390 0.343068 0.298536 0.268514 0.248350 0.242597 0.229034 0.221931 0.218333 0.132406 
1.073022 0.577205 0.423268 0.345416 0.298087 0.269568 0.249049 0.239119 0.225492 0.223077 0.221559 0.132119 
