1.052176 0.516277 0.418393 0.346131 0.241865 0.246702 0.208402 0.321350 0.346088 0.166358 0.171779 0.130059 
1.075682 0.529923 0.387914 0.362027 0.289205 0.211947 0.204310 0.313715 0.293093 0.229889 0.162304 0.125913 
1.050687 0.558240 0.416508 0.313668 0.302728 0.254083 0.254088 0.256941 0.259324 0.240432 0.174660 0.126885 
1.090563 0.552301 0.422644 0.368582 0.304318 0.225226 0.219718 0.237465 0.270644 0.243144 0.178738 0.129347 
1.055213 0.555748 0.424090 0.408616 0.320763 0.234346 0.181069 0.269654 0.278764 0.209923 0.165767 0.131975 
1.154736 0.100334 0.470105 0.409710 0.307421 0.235164 0.202890 0.387636 0.335891 0.001459 0.088155 0.194669 
0.699422 0.278482 0.501203 0.342335 0.442042 0.170113 0.266852 0.339755 0.236674 0.326492 -0.098633 0.157902 
0.876794 -0.026140 0.654273 0.486755 0.303375 0.080629 0.136306 0.222786 0.435061 0.104851 0.030755 0.173979 
1.689398 -0.220241 0.905928 0.895671 -0.128170 -0.036661 -0.143985 -0.221902 -0.034515 -0.166723 -0.295089 -0.013345 
0.941191 -0.021826 0.971063 0.684417 -0.291837 -0.160435 -0.009398 -0.200809 -0.101332 -0.282785 -0.116220 0.051198 
0.868311 0.262471 1.080987 0.601587 -0.282420 0.025421 -0.170205 -0.075886 -0.112710 -0.285597 -0.144063 0.081800 
1.330263 0.314773 1.205309 0.777978 -0.203522 0.063303 -0.094902 -0.022854 -0.187471 -0.296509 -0.063063 0.015531 
1.531192 0.670696 0.972980 0.779182 -0.209263 0.301236 -0.039280 0.000483 -0.251656 -0.291078 -0.041002 -0.022466 
1.711758 0.461277 1.418796 0.663942 -0.420589 0.134397 -0.021462 0.010149 -0.049446 -0.127370 -0.049985 0.133581 
1.666893 0.957903 1.414606 0.701642 0.037519 0.277031 0.176058 -0.020579 -0.025724 -0.137787 0.023365 -0.047513 
1.136290 0.664405 0.473996 0.398709 0.324226 0.277947 0.247296 0.215746 0.178026 0.186789 0.161151 0.131220 
1.104717 0.594433 0.460686 0.386733 0.306338 0.273394 0.231197 0.212944 0.240075 0.189887 0.182424 0.133398 
1.059726 0.618099 0.450089 0.358155 0.313372 0.269770 0.231219 0.265910 0.201495 0.176132 0.222636 0.131642 
1.059909 0.575423 0.434428 0.354821 0.292501 0.273580 0.232819 0.239471 0.246230 0.233651 0.180528 0.131519 
1.047865 0.600296 0.427025 0.314272 0.333896 0.255649 0.268440 0.226680 0.214566 0.212927 0.218859 0.130960 
1.053983 0.594371 0.417588 0.353085 0.290412 0.253351 0.227549 0.242480 0.253585 0.208467 0.219408 0.129619 
