1.077130 0.582490 0.421169 0.342468 0.297572 0.270093 0.250959 0.238624 0.229852 0.222915 0.218231 0.132712 
1.075966 0.582129 0.421173 0.342816 0.298057 0.270844 0.251208 0.238358 0.229452 0.222321 0.218371 0.132650 
1.077113 0.581937 0.420698 0.342972 0.297984 0.270992 0.251796 0.238258 0.229116 0.222503 0.218119 0.132719 
1.077183 0.582303 0.421109 0.343543 0.298277 0.270947 0.251747 0.237625 0.229053 0.222939 0.217703 0.132801 
1.076850 0.582089 0.421168 0.342119 0.297557 0.270872 0.252464 0.238451 0.229098 0.223046 0.217466 0.132692 
1.076288 0.582638 0.420619 0.342344 0.298805 0.270113 0.252058 0.237864 0.229878 0.222821 0.217518 0.132675 
1.076338 0.583354 0.420958 0.343256 0.297685 0.269918 0.251677 0.238003 0.229177 0.222906 0.218215 0.132715 
1.686901 1.000474 0.578859 0.240931 0.095750 0.049426 0.097862 0.164783 0.170594 0.132391 0.097789 0.081093 
2.815577 1.404426 0.536657 -0.058248 -0.354126 -0.080806 0.226112 0.050250 0.037175 0.164808 -0.033600 -0.083915 
3.200836 1.382248 0.443868 -0.151576 -0.687876 -0.167705 0.332675 -0.032408 0.052317 0.214461 -0.028212 -0.196481 
1.927903 1.555755 -0.005265 -0.129115 -0.847396 0.083274 0.263700 -0.151800 0.269481 0.135065 -0.050487 -0.107676 
1.663331 1.062364 -0.350862 -0.217512 -0.838240 0.279067 0.215431 -0.079189 0.238332 0.134870 -0.035400 0.001288 
2.077406 0.886854 -0.660658 -0.043303 -0.698992 0.298218 0.356382 0.107024 0.001223 0.148062 0.173034 0.022197 
2.477432 0.627031 -0.577421 0.186321 -0.408333 0.310513 0.238883 -0.136115 -0.010850 0.187981 0.382786 0.019931 
3.106752 0.087151 -0.304709 0.321434 0.133891 -0.031942 0.054154 -0.017646 0.115748 0.264005 0.307257 0.088898 
2.591845 0.646588 0.063393 0.225545 0.247431 0.050888 -0.131661 -0.080267 0.124981 0.198979 0.089646 -0.023800 
1.778071 0.947962 0.462649 0.179833 0.106767 0.153629 0.212641 0.206292 0.130403 0.068078 0.093890 0.064325 
1.461035 0.904349 0.666558 0.497370 0.372401 0.276383 0.207276 0.158368 0.121259 0.106179 0.094903 0.078076 
1.207833 0.691922 0.505378 0.397024 0.323810 0.267439 0.228684 0.202256 0.189002 0.188611 0.192632 0.139154 
1.081248 0.585465 0.423350 0.344730 0.298902 0.270614 0.250740 0.239212 0.229044 0.220788 0.216209 0.133470 
1.078089 0.582531 0.421974 0.343772 0.299410 0.269526 0.251714 0.237967 0.228488 0.222547 0.217850 0.132925 
1.076942 0.582732 0.421371 0.342753 0.297047 0.270849 0.251357 0.237811 0.229925 0.222202 0.218531 0.132717 
1.076691 0.581895 0.421511 0.343395 0.298442 0.270638 0.249728 0.239214 0.229313 0.222411 0.218288 0.132721 
1.076500 0.582238 0.421610 0.342618 0.297870 0.270312 0.251956 0.238513 0.228894 0.223410 0.217354 0.132702 
1.075891 0.582898 0.421007 0.342819 0.298030 0.270715 0.250674 0.238339 0.229773 0.222493 0.218384 0.132676 
