1.077312 0.582494 0.421009 0.343049 0.298557 0.269733 0.251193 0.238692 0.229282 0.222580 0.218284 0.132774 
1.077001 0.581975 0.420955 0.343390 0.298226 0.270077 0.251372 0.238694 0.228873 0.222347 0.218640 0.132721 
1.076597 0.582775 0.421397 0.342754 0.298006 0.269913 0.251749 0.238211 0.229145 0.222786 0.218281 0.132726 
1.076808 0.582204 0.421211 0.343426 0.298696 0.269857 0.251563 0.237680 0.229497 0.222835 0.218113 0.132751 
1.076619 0.582586 0.421321 0.343065 0.298534 0.270127 0.251431 0.238253 0.229047 0.223021 0.217952 0.132758 
1.080439 0.579413 0.421322 0.344978 0.298357 0.270140 0.250850 0.238224 0.229311 0.222307 0.218470 0.132914 
0.246412 0.110684 1.087856 0.566684 -0.228163 -0.035948 0.135177 -0.136837 0.005383 -0.103389 0.127378 0.072295 
0.260779 0.167893 1.116407 0.581835 -0.198726 0.023243 0.180167 -0.254415 -0.054314 -0.115595 -0.014124 -0.036647 
0.540543 0.165952 1.081506 0.692572 -0.247085 0.071490 0.287841 -0.296849 -0.127662 -0.022520 -0.029688 -0.154459 
0.740191 0.169492 1.175106 0.705404 -0.175626 0.073305 0.307362 -0.281026 -0.142001 -0.019555 -0.030185 -0.167559 
0.667411 0.216674 1.285102 0.654091 -0.127007 0.143432 0.183037 -0.132220 -0.090790 -0.085875 -0.017483 -0.059209 
0.840534 0.539748 1.156371 0.817914 -0.033943 0.018845 0.339198 -0.177831 0.075156 -0.094839 0.116543 -0.037111 
1.001224 0.571543 1.206818 0.706395 0.061846 0.036919 0.300788 -0.071200 -0.082577 -0.018580 0.067607 -0.078328 
1.229455 0.676868 0.904108 0.712682 0.173170 0.079532 0.365189 -0.003165 -0.106224 0.138649 0.127275 -0.068325 
1.267925 0.242528 0.716812 0.351271 0.337590 0.070346 0.024472 0.164603 0.303180 0.091767 0.063414 0.152824 
1.082646 0.591402 0.410592 0.353387 0.308093 0.265756 0.246759 0.239908 0.233994 0.218309 0.214213 0.133769 
1.076914 0.581968 0.422204 0.343719 0.298082 0.269330 0.251534 0.237955 0.229570 0.222998 0.217823 0.132770 
1.076878 0.582599 0.421750 0.343381 0.298195 0.270099 0.251328 0.238010 0.229330 0.223147 0.217773 0.132803 
1.076959 0.582840 0.421577 0.342986 0.298350 0.270094 0.250849 0.237911 0.229709 0.222556 0.218414 0.132779 
1.076754 0.582191 0.421279 0.342767 0.298522 0.269982 0.251320 0.238110 0.229285 0.222643 0.218666 0.132716 
1.077009 0.582571 0.421895 0.342403 0.298676 0.269862 0.251311 0.238432 0.229606 0.222206 0.218275 0.132782 
