0.784367 0.587502 0.423094 0.348226 0.257174 0.224061 0.167975 0.138998 0.278476 0.291338 0.132815 0.107653 
0.809075 0.629061 0.328013 0.368887 0.252500 0.207629 0.263782 0.210635 0.235020 0.120626 0.166656 0.091269 
0.762448 0.645115 0.408752 0.465153 0.257908 0.224352 0.181733 0.167802 0.152031 0.194254 0.189457 0.085336 
0.530981 0.769462 0.191415 0.480397 0.163768 0.323088 0.164987 0.178743 0.320314 0.218596 0.141668 0.084916 
0.296816 0.713695 0.117640 0.258840 0.349386 0.275017 0.374204 0.197525 0.053192 0.309618 0.109571 0.108299 
0.524441 0.363349 0.001793 0.179782 0.489254 0.224547 0.169332 0.066719 0.096612 0.393979 -0.011113 0.080130 
0.411424 0.163620 0.407617 0.081892 0.272598 0.504461 0.114667 -0.088419 0.160726 0.275551 0.024209 0.119075 
1.907964 -0.604962 1.084612 0.440372 0.021650 0.068875 -0.350231 -0.321109 0.085949 -0.102658 -0.321675 -0.085877 
1.649045 -0.294538 1.025513 0.958480 0.027475 -0.199038 -0.304805 -0.062283 0.069805 -0.352380 -0.322749 0.088156 
1.691182 -0.117271 0.970013 1.221098 0.409411 -0.126235 -0.163218 -0.165845 0.362805 -0.260614 -0.410489 0.022665 
1.405043 0.864071 1.013781 0.817721 0.318395 0.017431 -0.055597 -0.082995 0.222488 -0.109018 -0.208633 0.045528 
1.264046 -0.059571 0.561324 0.371750 0.133626 0.166538 0.196476 0.014852 0.138799 0.157745 -0.002295 0.042408 
0.440261 -0.270324 0.463408 0.177925 0.266691 0.210478 0.322157 0.132122 0.227524 0.004595 0.042440 0.145423 
0.511203 -0.121845 0.326236 0.261785 0.264995 0.181366 0.277851 0.143738 0.168163 0.289652 0.016612 -0.052754 
0.239998 -0.021130 0.602836 0.333964 0.010949 0.570825 0.218124 0.001513 0.243216 0.250338 0.089027 -0.002119 
0.652558 0.206113 0.607392 0.372390 -0.022390 0.479181 0.148959 0.037225 0.131580 0.347495 0.106383 0.022670 
