1.047648 0.578840 0.435639 0.327466 0.308248 0.271374 0.244266 0.243075 0.224300 0.217815 0.226766 0.130014 
1.049473 0.570422 0.443083 0.326840 0.315731 0.252078 0.247456 0.254190 0.213453 0.223372 0.226538 0.129464 
1.050317 0.584257 0.433626 0.332969 0.303814 0.264643 0.251360 0.236278 0.232470 0.220775 0.219540 0.130936 
1.051348 0.586354 0.423859 0.335656 0.301932 0.270339 0.251995 0.230023 0.241952 0.216317 0.219495 0.130870 
1.062157 0.581123 0.426278 0.339417 0.303105 0.273328 0.248087 0.241363 0.234234 0.218179 0.211026 0.131800 
1.869735 0.260174 0.333437 0.184715 0.375145 -0.028228 0.077555 0.069298 -0.220822 -0.222461 0.047976 0.161658 
1.966561 0.396026 0.250426 -0.248606 -0.019269 -0.443188 0.327363 0.209335 0.002383 -0.203573 -0.240060 0.013711 
2.022069 0.362092 0.429204 -0.149193 -0.203079 -0.523154 0.285899 0.018132 -0.142012 -0.013509 -0.037011 0.030606 
1.973957 0.433127 0.627024 -0.150408 -0.103785 -0.644246 0.155830 0.210690 -0.267667 0.074219 0.059770 0.037849 
2.187227 0.605635 0.716347 -0.173805 -0.178015 -0.549802 0.247479 0.144604 -0.285362 0.078553 0.013726 -0.056505 
2.228988 0.963095 0.906560 -0.186035 -0.154357 -0.615508 0.236111 0.226855 -0.183541 0.105213 0.018876 -0.096462 
2.375512 1.131791 0.888495 0.074179 -0.073371 -0.571514 0.244677 0.130282 -0.259894 0.137165 0.017739 -0.053766 
2.572429 1.301170 0.697379 0.190237 -0.127907 -0.307717 0.349330 0.212149 -0.113514 0.106270 -0.025152 -0.164102 
2.465042 1.474917 0.738165 0.197077 -0.022953 0.011922 0.149085 0.227388 0.149460 -0.011880 -0.024737 -0.148137 
1.953041 1.162053 0.669917 0.167954 0.114069 0.092071 0.179886 0.200718 0.156490 0.037996 0.000751 -0.057578 
1.178889 0.673215 0.473451 0.299487 0.275769 0.269320 0.262052 0.273602 0.240441 0.218324 0.140931 0.134024 
1.040577 0.585731 0.450124 0.323531 0.300244 0.284336 0.224790 0.244826 0.237730 0.198767 0.233766 0.129925 
1.053725 0.582572 0.430763 0.340428 0.305898 0.268213 0.251227 0.237276 0.233184 0.221691 0.209987 0.131644 
1.053659 0.584336 0.425845 0.345123 0.295949 0.277528 0.254271 0.233117 0.230016 0.225455 0.210519 0.131670 
1.060863 0.575684 0.426699 0.345760 0.291455 0.269349 0.248968 0.242745 0.229910 0.218067 0.222473 0.131031 
1.048281 0.571645 0.440218 0.337930 0.298532 0.270565 0.257322 0.231333 0.232041 0.231443 0.207678 0.131009 
1.045465 0.576674 0.441584 0.337785 0.297583 0.274914 0.252607 0.243742 0.224755 0.204822 0.227046 0.130383 
