0.875271 0.579606 0.541124 0.296779 0.247035 0.328978 0.187538 0.271092 0.214307 0.193695 0.242190 0.113990 
0.897267 0.501738 0.513832 0.335797 0.293926 0.337894 0.197312 0.253809 0.234871 0.183768 0.208639 0.123392 
0.885271 0.544989 0.464138 0.330696 0.313063 0.279746 0.231974 0.261393 0.234611 0.166864 0.248049 0.112008 
0.948002 0.611237 0.511208 0.331809 0.321529 0.244574 0.196462 0.239650 0.213042 0.228215 0.195829 0.124412 
0.863430 0.663699 0.490544 0.330032 0.270234 0.252330 0.218136 0.261485 0.233973 0.193608 0.215894 0.119201 
0.950839 0.597408 0.467877 0.342487 0.308410 0.309164 0.224586 0.182275 0.267283 0.186197 0.209419 0.126702 
1.555460 0.655553 -0.113845 0.258597 0.177170 -0.227790 0.137102 0.100903 -0.227839 -0.379054 -0.160436 0.096452 
1.809609 0.796698 0.144934 0.008429 -0.130562 -0.551916 0.317069 0.133695 -0.210920 -0.142975 -0.123896 0.004518 
1.773212 0.818302 0.258657 -0.072133 -0.259302 -0.639648 0.315087 0.172845 -0.136763 -0.089972 -0.062638 -0.070774 
1.894020 0.871708 0.527151 -0.230424 -0.078280 -0.636170 0.207530 0.220405 -0.208808 0.069583 -0.132606 -0.080781 
2.278824 0.812055 0.882045 -0.143609 -0.170784 -0.581216 0.302266 0.235084 -0.179235 0.157962 0.028490 -0.105764 
2.387751 1.088434 0.953471 -0.046279 -0.148056 -0.613266 0.129739 0.091536 -0.341368 0.075253 -0.013832 -0.141385 
2.787523 1.018305 1.016323 0.155887 -0.219730 -0.374681 0.290406 0.133317 -0.135314 0.045267 -0.004795 -0.236000 
2.895918 1.657955 0.729125 0.101764 -0.118182 -0.008893 0.110559 0.114109 0.060087 -0.004909 -0.134279 -0.211940 
2.371027 1.396981 0.658206 0.159904 -0.057711 0.007308 0.147939 0.211840 0.136519 -0.009563 -0.025921 -0.136380 
1.614183 1.090412 0.896656 0.531734 0.462356 0.229658 0.089151 0.044940 -0.050276 0.004532 -0.019698 -0.052335 
1.068238 0.608749 0.499791 0.311819 0.288524 0.278479 0.171256 0.282305 0.196774 0.199436 0.201353 0.125779 
1.016835 0.559626 0.517038 0.321816 0.319943 0.298447 0.130257 0.283424 0.209212 0.160430 0.249489 0.119849 
0.947291 0.622142 0.581703 0.298326 0.281065 0.335408 0.216109 0.228542 0.155052 0.147040 0.272946 0.106937 
0.942524 0.609612 0.453829 0.322677 0.317115 0.292091 0.208066 0.260932 0.202285 0.215293 0.203050 0.122189 
0.983808 0.635724 0.453743 0.444838 0.288565 0.288082 0.277208 0.161577 0.263618 0.171109 0.153183 0.127036 
