1.077011 0.581902 0.422371 0.343519 0.299013 0.269630 0.250218 0.239778 0.229089 0.220904 0.218762 0.132783 
1.075551 0.584157 0.422402 0.341950 0.299126 0.268872 0.251606 0.236812 0.229683 0.223678 0.217622 0.132721 
1.074357 0.583943 0.419703 0.343404 0.298636 0.270863 0.250951 0.238245 0.228542 0.223598 0.217928 0.132610 
1.076346 0.582688 0.421078 0.342525 0.298386 0.269775 0.250794 0.237743 0.229892 0.223211 0.218320 0.132649 
1.060364 0.551170 0.438663 0.355623 0.265054 0.250966 0.298094 0.218455 0.202678 0.240072 0.235484 0.126547 
1.108285 0.514022 0.420378 0.272026 0.190757 0.293491 0.361223 0.200936 0.185046 0.284476 0.230966 0.111537 
2.633460 0.061149 0.024339 0.036399 -0.318053 -0.050019 0.417782 0.021094 -0.058816 0.167180 0.233854 0.089904 
2.411657 -0.146299 -0.011097 0.140038 -0.329270 0.135070 0.135601 -0.106558 -0.150392 0.234453 0.302450 0.208780 
2.297881 -0.369139 0.340743 0.366284 -0.135437 -0.123994 -0.150409 -0.109875 0.100366 0.274353 0.147579 0.034383 
2.113243 -0.223425 0.676543 0.388881 0.165472 -0.238979 -0.160542 -0.074262 0.028367 0.049439 -0.079734 0.068452 
1.736259 -0.166796 1.080431 0.396316 0.266736 -0.101051 -0.048614 -0.139419 0.008246 0.087180 -0.153769 0.116190 
2.148837 0.177815 0.637626 0.575393 0.250279 -0.007464 -0.089936 -0.158343 -0.000512 0.053857 0.013474 0.026605 
1.752303 0.694907 0.530252 0.694666 0.497349 0.069713 -0.091990 -0.015237 0.005880 0.001913 0.105700 0.059349 
1.700609 0.974874 0.679537 0.547613 0.368200 0.110210 -0.067306 -0.060714 0.022058 0.048154 0.049321 0.054872 
1.085260 0.589642 0.424198 0.340634 0.292028 0.265771 0.245048 0.236303 0.223099 0.223751 0.228741 0.133031 
1.076021 0.581495 0.421540 0.343145 0.299004 0.270330 0.250894 0.238163 0.230078 0.222022 0.217605 0.132625 
1.075872 0.581575 0.422332 0.343952 0.297873 0.268514 0.252503 0.237460 0.229109 0.223206 0.218178 0.132638 
1.077251 0.581051 0.421966 0.343988 0.298641 0.270040 0.251466 0.237908 0.228755 0.223417 0.217664 0.132775 
1.076555 0.582878 0.421068 0.343139 0.299345 0.269935 0.251256 0.238186 0.228558 0.222562 0.218365 0.132750 
1.075986 0.582873 0.420384 0.344386 0.297647 0.271083 0.250983 0.238590 0.228195 0.222391 0.218636 0.132692 
