1.025836 0.685785 0.513787 0.382382 0.231112 0.275618 0.170139 0.216278 0.170515 0.214094 0.226115 0.128842 
1.082621 0.644250 0.499593 0.359990 0.311344 0.212002 0.218479 0.153894 0.234025 0.198235 0.205458 0.130593 
1.087891 0.615367 0.492863 0.332187 0.272127 0.233125 0.228103 0.189800 0.201324 0.228699 0.233551 0.130656 
1.013469 0.568599 0.475487 0.357228 0.271539 0.228535 0.258177 0.254853 0.217730 0.196009 0.233021 0.125970 
0.998467 0.547948 0.473765 0.360259 0.273973 0.307154 0.213921 0.202854 0.254490 0.220036 0.199393 0.127990 
0.988664 0.600379 0.443807 0.330586 0.284118 0.319265 0.266562 0.222365 0.213635 0.221111 0.181810 0.130353 
1.441921 0.464519 0.123331 0.259552 0.437247 0.122958 0.104979 -0.047944 -0.151655 -0.138765 0.077696 0.105479 
2.216839 0.322261 0.265362 -0.216365 0.282468 -0.445279 0.124232 0.229944 -0.330880 -0.253022 -0.272247 0.125489 
2.149440 0.526064 0.810232 -0.415281 -0.116074 -0.513998 0.152482 0.364969 -0.243696 0.009179 -0.071980 -0.187998 
2.293994 0.678494 0.644959 -0.252316 -0.133528 -0.585369 0.197150 0.315432 -0.302458 -0.010765 -0.069733 -0.150704 
2.404060 0.620392 0.782634 -0.182752 -0.124188 -0.623352 0.177320 0.248758 -0.141806 -0.012463 -0.114930 -0.030071 
2.454590 0.925197 0.782380 -0.040936 -0.085031 -0.653953 0.219525 0.252441 -0.231863 0.058624 -0.025241 -0.061006 
2.229004 1.137119 0.640261 0.152504 -0.107008 -0.365211 0.153547 0.154430 -0.180479 -0.105793 -0.071760 -0.147333 
2.016064 1.148535 0.568508 0.056421 -0.052330 -0.080452 0.004897 0.171326 0.050872 -0.032446 -0.077520 -0.172113 
2.260028 1.394525 0.925978 -0.022757 0.040865 0.098647 -0.010326 0.333895 0.072333 -0.212463 0.000321 -0.276118 
2.001657 1.305531 0.877085 0.344047 0.231546 0.129118 0.112930 0.160739 0.022480 -0.002328 0.019206 -0.036194 
1.199520 0.756116 0.568162 0.443290 0.307218 0.284394 0.230776 0.180246 0.129137 0.130766 0.099742 0.098068 
1.035034 0.648609 0.485798 0.371309 0.322488 0.241809 0.244378 0.205945 0.221626 0.170458 0.210535 0.129217 
1.018021 0.606697 0.489697 0.346206 0.332912 0.201570 0.255033 0.226209 0.225369 0.205833 0.193285 0.132184 
0.994753 0.642881 0.473200 0.356834 0.289082 0.269928 0.250554 0.204254 0.222227 0.185446 0.208383 0.126147 
0.977855 0.574587 0.486606 0.377151 0.270547 0.293691 0.223718 0.192235 0.218358 0.220309 0.222229 0.122631 
1.042510 0.618306 0.502827 0.337202 0.281037 0.267663 0.207319 0.147260 0.231420 0.191225 0.255340 0.126583 
