1.070671 0.581486 0.424657 0.345289 0.295737 0.270624 0.249859 0.239755 0.228470 0.223780 0.215825 0.132306 
1.072572 0.580967 0.424993 0.341493 0.301728 0.265481 0.250814 0.240668 0.225442 0.226531 0.216632 0.132362 
1.070976 0.579545 0.423926 0.343229 0.297004 0.270881 0.248095 0.238560 0.230663 0.225080 0.216471 0.132133 
1.072662 0.581426 0.425371 0.340099 0.297269 0.270876 0.250891 0.235902 0.231878 0.222490 0.217781 0.132330 
1.200983 0.547731 0.345636 0.270572 0.227396 0.212868 0.228636 0.241480 0.272289 0.288354 0.263655 0.127967 
1.091639 0.589169 0.404665 0.301649 0.272185 0.222219 0.260612 0.237131 0.260427 0.237077 0.235429 0.129279 
2.253614 0.948359 0.451862 0.145186 -0.513983 -0.426737 0.121729 0.168387 0.002773 -0.000279 0.176865 -0.016861 
2.128059 0.850513 0.424083 0.007714 -0.518550 -0.447692 0.134973 0.028616 0.048357 0.051540 0.136467 -0.033767 
2.150277 0.635715 0.323366 -0.000117 -0.486704 -0.429367 0.273220 -0.020091 -0.053653 0.133174 0.110207 -0.091760 
2.294229 0.620774 0.406548 -0.042797 -0.415568 -0.345588 0.222359 0.027304 -0.105411 -0.002481 -0.003320 -0.122475 
2.528736 0.370815 0.309017 -0.049979 -0.098809 -0.193721 0.505600 0.023481 -0.218685 -0.044578 -0.085035 -0.055725 
2.526746 0.257698 0.148650 0.017035 0.178715 -0.025154 0.249303 -0.151205 -0.230779 -0.014500 -0.002480 0.061903 
2.361907 0.487755 0.128072 0.261827 0.206543 0.012308 0.074056 0.076460 0.001164 -0.054814 -0.039845 0.028094 
1.240382 -0.170266 0.562453 0.092367 0.443383 -0.188213 0.140096 0.055746 -0.135818 -0.071911 0.087855 0.365758 
1.484250 0.029956 0.247607 0.585691 0.691784 0.313986 0.278384 0.281861 -0.191646 0.056191 0.280878 0.277428 
1.091901 0.582681 0.419469 0.349471 0.303513 0.268456 0.249890 0.225165 0.218713 0.216842 0.230711 0.133278 
1.085343 0.593354 0.425396 0.349103 0.301345 0.266410 0.248326 0.232645 0.227427 0.217596 0.217282 0.133736 
1.080058 0.589099 0.424388 0.338513 0.296313 0.266523 0.248435 0.234376 0.228660 0.221806 0.222907 0.132690 
1.078146 0.590836 0.423485 0.344242 0.298353 0.266642 0.242513 0.240440 0.227753 0.222672 0.218679 0.132919 
1.073445 0.581793 0.422306 0.347927 0.297664 0.264976 0.251560 0.236183 0.227024 0.224893 0.220001 0.132383 
