1.076226 0.581370 0.420385 0.344767 0.300165 0.265958 0.252618 0.236671 0.227079 0.222403 0.220311 0.132420 
1.073978 0.584772 0.423531 0.346147 0.298568 0.270725 0.247346 0.238621 0.229471 0.223222 0.215142 0.132762 
1.073714 0.583059 0.425404 0.344491 0.298789 0.268221 0.249956 0.233553 0.232544 0.220760 0.218594 0.132532 
1.077559 0.463212 0.457209 0.343364 0.260509 0.282511 0.250766 0.217748 0.236877 0.255232 0.214771 0.120893 
1.137538 0.445059 0.367139 0.307057 0.245934 0.287937 0.307356 0.252346 0.230141 0.242171 0.212527 0.115042 
2.371988 0.974320 0.484446 0.041317 -0.292117 -0.153092 0.229626 0.248805 -0.006181 0.201237 0.124983 -0.017631 
2.959757 0.972086 0.014745 0.487305 -0.633651 -0.263504 0.156903 0.119479 -0.002202 0.025041 0.181827 -0.162784 
2.567880 0.706458 0.354625 0.296043 -0.578204 -0.351293 0.248331 0.069869 -0.052289 -0.006143 0.148250 -0.100423 
2.591152 0.572502 0.343069 0.064484 -0.476621 -0.234646 0.195034 0.076031 -0.079496 0.009638 0.026692 -0.105953 
2.769962 0.406975 0.069590 0.245559 -0.424191 -0.008899 0.159533 0.071476 -0.222659 -0.038571 -0.002461 -0.008265 
3.143341 0.303388 -0.018332 0.259149 -0.049409 -0.071946 0.201659 -0.088498 -0.333837 -0.127949 0.179632 0.117106 
2.543204 0.202835 0.421369 0.126030 0.484905 -0.215495 0.139117 0.039540 -0.209643 0.067025 -0.035903 0.180856 
1.936826 0.491488 0.501673 0.198373 0.578746 0.012684 0.204532 0.003631 -0.253634 -0.025942 0.135035 0.247249 
1.741683 0.660031 0.332496 0.414596 0.433085 0.254497 0.080467 -0.040471 -0.115988 -0.020783 0.282677 0.207423 
1.086634 0.576701 0.411222 0.340399 0.298788 0.272415 0.249150 0.232483 0.223820 0.225483 0.225238 0.131988 
1.083113 0.583587 0.419983 0.340129 0.301219 0.270943 0.252104 0.236740 0.227035 0.223429 0.214835 0.132869 
1.076253 0.585776 0.423367 0.342594 0.297095 0.270720 0.247286 0.233944 0.227834 0.220852 0.224025 0.132541 
1.074092 0.582258 0.427029 0.340892 0.297757 0.270441 0.249885 0.234660 0.228657 0.225257 0.217763 0.132489 
1.069101 0.583332 0.425027 0.347389 0.295795 0.269178 0.249777 0.238905 0.229485 0.223415 0.215740 0.132404 
