1.066006 0.586320 0.417508 0.347672 0.296367 0.271292 0.249841 0.236318 0.226236 0.219535 0.224750 0.131800 
1.080876 0.585082 0.416639 0.332831 0.286247 0.260424 0.250527 0.243531 0.236773 0.228322 0.217909 0.131511 
1.078410 0.584984 0.418412 0.337182 0.289442 0.273715 0.252807 0.238489 0.232992 0.225096 0.213944 0.132173 
1.082589 0.581185 0.413747 0.334597 0.289675 0.268542 0.255874 0.245963 0.228189 0.223656 0.218205 0.131772 
1.093683 0.567264 0.413266 0.330438 0.291359 0.267693 0.254591 0.252495 0.233081 0.222189 0.209537 0.130970 
1.108268 0.593471 0.402480 0.309934 0.259617 0.257270 0.271011 0.259249 0.249866 0.231973 0.198044 0.129200 
2.983147 1.388256 0.445008 -0.266039 -0.465022 -0.096462 0.178917 0.001464 0.107545 0.089513 -0.099304 -0.113346 
3.092226 1.005175 0.483942 -0.247308 -0.650243 0.016913 0.266589 -0.030200 -0.033103 0.135744 -0.130098 -0.159490 
3.339200 0.683104 0.680490 -0.271011 -0.795899 0.136183 0.190894 -0.095114 0.001624 0.077114 -0.225879 -0.152457 
3.016344 0.695768 0.451367 -0.171728 -0.605762 0.073324 0.250759 -0.112718 -0.160623 0.022894 -0.175676 -0.173158 
2.798253 0.653795 0.262907 -0.126392 -0.375317 0.226396 0.360327 -0.210559 -0.248614 0.013221 -0.091847 -0.036901 
2.837030 0.411316 0.104167 0.138907 -0.108445 0.170397 0.298323 -0.243184 -0.306466 0.025294 0.110881 -0.005621 
2.724678 1.091263 0.268778 0.152998 0.300678 0.307611 0.074708 -0.172211 -0.208330 -0.016428 0.129511 0.181269 
1.329336 0.714713 0.547777 0.420832 0.266721 0.148006 0.163238 0.064245 0.068651 0.120739 0.207688 0.113172 
1.141797 0.462440 0.316217 0.360131 0.410799 0.342573 0.266037 0.192536 0.157393 0.174812 0.275036 0.148357 
1.073004 0.512495 0.431392 0.387697 0.300505 0.253267 0.247784 0.236398 0.236288 0.229713 0.204180 0.129143 
1.081586 0.555724 0.418614 0.359214 0.306973 0.265593 0.257920 0.229408 0.215994 0.227243 0.219763 0.131418 
1.083795 0.594598 0.428722 0.348629 0.295042 0.267535 0.241713 0.231521 0.225192 0.221544 0.222336 0.133492 
1.072497 0.579159 0.427284 0.339704 0.298981 0.271818 0.244581 0.241332 0.229620 0.221236 0.219318 0.132199 
