1.076637 0.582867 0.421271 0.343259 0.298068 0.270185 0.250756 0.238589 0.229647 0.222555 0.218208 0.132763 
1.076973 0.583171 0.421607 0.343289 0.298922 0.269898 0.250881 0.237748 0.229274 0.222824 0.218193 0.132827 
1.076559 0.582069 0.421344 0.343139 0.298427 0.270297 0.250881 0.238402 0.229182 0.222512 0.218618 0.132710 
1.076798 0.582929 0.421293 0.342847 0.298204 0.269997 0.250804 0.237927 0.228604 0.223822 0.217905 0.132686 
1.081215 0.585194 0.424224 0.344028 0.298047 0.269164 0.250320 0.237416 0.228016 0.221857 0.218151 0.133238 
1.103227 0.590717 0.437487 0.347920 0.291050 0.265048 0.245862 0.233254 0.221553 0.214847 0.224095 0.134726 
1.746249 0.023320 0.334399 0.270622 0.268025 0.223797 -0.020575 0.115935 0.057928 0.047476 0.310189 0.235296 
1.387046 -0.150778 -0.271833 0.090895 0.136656 0.164156 -0.115148 0.079829 0.207762 0.171069 0.268724 0.183892 
1.425303 -0.456856 -0.065046 0.011530 0.228609 0.225406 0.056030 0.076166 0.233709 0.116773 0.193095 0.135859 
1.357295 -0.469052 -0.151740 0.128668 0.083106 0.277214 -0.113839 0.106681 0.267053 0.189395 0.194479 0.124442 
1.281110 -0.482259 -0.067215 0.180358 0.183554 0.071137 -0.156445 0.136589 0.296941 0.158252 0.187919 0.117127 
0.981869 -0.492024 0.382677 0.087831 0.039575 -0.164828 -0.117354 0.200369 0.362235 0.074015 0.034860 0.268496 
0.901426 -0.290430 0.862815 0.122239 -0.201815 -0.081403 0.071785 0.120734 0.132971 0.079911 0.087871 0.222919 
1.042364 -0.208183 0.901867 0.372849 -0.253036 0.080455 0.053433 -0.067112 0.171940 0.200289 0.049595 0.128411 
1.344970 -0.037117 0.975056 0.416685 -0.258239 0.155504 -0.005600 0.041162 0.105514 0.100339 -0.018291 0.110003 
1.456322 0.332933 0.939409 0.504789 0.105985 0.052538 0.038850 0.180336 0.190154 0.090214 -0.121565 0.076393 
1.227842 0.657734 0.578467 0.435726 0.295489 0.269688 0.194869 0.157295 0.191227 0.159972 0.184287 0.129660 
1.081622 0.583173 0.425346 0.346313 0.298670 0.267956 0.249543 0.238191 0.229764 0.220202 0.217350 0.133296 
1.078522 0.582228 0.422485 0.344416 0.297518 0.269418 0.251764 0.237599 0.228268 0.222623 0.218316 0.132859 
1.077742 0.582696 0.421705 0.344142 0.298794 0.269494 0.250562 0.238172 0.230014 0.221725 0.218216 0.132871 
1.077138 0.582479 0.421830 0.343211 0.297608 0.270266 0.250862 0.237881 0.229276 0.223465 0.218138 0.132770 
1.077030 0.582104 0.421028 0.343480 0.298053 0.270001 0.251888 0.237970 0.229596 0.222526 0.218178 0.132748 
1.076838 0.582243 0.421705 0.342709 0.298449 0.269723 0.251114 0.238327 0.229331 0.223203 0.218198 0.132743 
