0.818559 0.573954 0.399331 0.296836 0.304334 0.277799 0.281913 0.174916 0.202959 0.262158 0.160077 0.111270 
0.801156 0.502362 0.417357 0.357463 0.263039 0.320958 0.234258 0.177022 0.270469 0.175841 0.236219 0.092401 
0.939235 0.477405 0.456143 0.378971 0.300806 0.241503 0.317710 0.240094 0.173004 0.121451 0.204789 0.118797 
0.967773 0.589135 0.418153 0.334324 0.345321 0.201681 0.218597 0.173309 0.169957 0.244812 0.208353 0.109716 
1.341278 0.357257 0.176138 0.117180 0.083137 0.127062 0.356213 0.139926 0.220741 0.191081 0.301034 0.105503 
2.226731 1.283172 0.643708 -0.158799 -0.459724 -0.291683 -0.048514 -0.029897 0.093606 0.113370 0.097245 -0.021072 
3.385947 1.280150 0.339272 -0.098403 -0.595985 -0.398255 0.129950 0.060329 0.007088 0.081688 0.036599 -0.129138 
2.927520 1.183918 0.275509 -0.233661 -0.545429 -0.346981 0.085528 0.086522 0.018645 0.107238 -0.004745 -0.113446 
2.859958 1.214315 0.081151 -0.469856 -0.470585 -0.151622 0.090916 0.055708 -0.039467 -0.057764 -0.171816 -0.120387 
2.868948 0.619968 -0.037154 -0.151375 -0.444743 -0.119890 0.358822 -0.054544 -0.350101 -0.101406 0.036257 -0.029912 
3.363300 1.022394 -0.146150 -0.208141 0.085876 0.182056 -0.005564 -0.314404 -0.289444 -0.198184 0.014829 0.095134 
2.019995 1.093702 0.692194 0.262471 0.090644 0.039075 0.077227 -0.075715 -0.158349 -0.094664 -0.010115 0.001733 
1.323591 0.289532 0.392702 0.178302 0.277478 0.301435 0.239082 0.017887 -0.051192 0.005870 0.239856 0.161919 
1.358031 0.545005 0.473406 0.301132 0.373343 0.139710 0.230782 0.013856 -0.115784 0.021732 0.202431 0.109755 
1.204487 0.577499 0.347892 0.364578 0.299697 0.347014 0.211805 0.150108 0.015128 0.249342 0.087130 0.109170 
1.004384 0.612998 0.468703 0.286281 0.298061 0.283970 0.237142 0.201348 0.167227 0.208210 0.125627 0.117012 
0.892246 0.711888 0.402088 0.324331 0.313294 0.283454 0.242661 0.180644 0.163282 0.171527 0.226906 0.105399 
