1.063169 0.582275 0.427146 0.342587 0.295628 0.269240 0.250058 0.235504 0.230327 0.222405 0.219218 0.131533 
1.072740 0.576788 0.428525 0.345145 0.300250 0.266390 0.247969 0.235756 0.229507 0.220316 0.220827 0.132106 
1.058314 0.584582 0.424960 0.341224 0.301467 0.264928 0.249542 0.241171 0.226048 0.227485 0.215114 0.131379 
1.061814 0.581393 0.415524 0.343905 0.306038 0.269716 0.257333 0.229421 0.226700 0.231947 0.208989 0.131373 
1.021128 0.454772 0.269850 0.285027 0.286021 0.490332 0.336273 0.194263 0.149468 0.240506 0.162365 0.145621 
0.952466 0.396307 0.574661 0.328848 0.212109 0.387403 0.219346 0.153205 0.332244 0.187308 -0.054723 0.157796 
0.773155 0.058335 0.739586 0.444551 0.148886 0.143638 -0.378629 -0.243934 0.135150 -0.132339 -0.325605 -0.040281 
1.029806 -0.002390 0.877282 0.841455 0.075324 -0.179661 -0.062169 -0.096581 0.054935 -0.265524 -0.188928 0.032810 
1.102305 0.378447 0.862775 1.050987 0.197694 0.124661 -0.060194 -0.121338 0.246603 -0.157972 -0.092416 -0.099008 
1.725659 0.453246 0.554105 1.080670 0.532501 -0.015757 -0.087437 -0.107251 0.215908 -0.241577 0.011875 -0.024827 
1.702132 -0.171316 0.430091 -0.037059 0.506295 0.343427 -0.054702 0.000287 0.047174 -0.155495 -0.061206 0.166448 
1.018880 0.172516 0.371735 0.367482 0.302787 0.417644 0.244203 0.222411 0.327333 0.221931 0.036125 0.109139 
0.982094 0.324161 0.352347 0.422625 0.356957 0.355202 0.188678 0.211657 0.178195 0.331107 0.188618 0.087177 
0.869896 0.266664 0.691644 0.336915 0.133324 0.471039 0.221880 0.114724 0.349715 0.205180 0.161279 0.161769 
0.994120 0.488649 0.471625 0.401958 0.228492 0.293137 0.278841 0.207295 0.182981 0.283560 0.213126 0.112314 
1.034910 0.529297 0.468859 0.372739 0.243250 0.278970 0.282857 0.217100 0.214731 0.261135 0.195010 0.124335 
