1.076795 0.582557 0.421009 0.342599 0.298650 0.270227 0.250965 0.238201 0.229686 0.222701 0.218204 0.132724 
1.077057 0.582210 0.421188 0.343015 0.297689 0.270421 0.251464 0.238349 0.228966 0.222653 0.218547 0.132720 
1.076925 0.582019 0.421487 0.342677 0.298424 0.270280 0.251491 0.238471 0.229039 0.222345 0.218394 0.132723 
1.076574 0.583027 0.420987 0.342488 0.298282 0.270888 0.251186 0.237978 0.229161 0.222907 0.218128 0.132727 
1.076607 0.582517 0.421349 0.342862 0.297983 0.270399 0.250971 0.238985 0.229024 0.223119 0.217735 0.132723 
1.077243 0.582989 0.420887 0.343020 0.297946 0.270203 0.251062 0.238321 0.228756 0.222817 0.218753 0.132755 
1.189402 0.584896 0.533775 0.399124 0.303760 0.220887 0.187614 0.186694 0.211630 0.183374 0.224193 0.138049 
0.326198 0.030614 1.067226 0.539835 -0.122752 -0.111471 0.055221 -0.056626 -0.001448 -0.171173 0.082416 0.157606 
0.463001 0.033409 1.029714 0.708702 -0.115982 -0.121064 0.141768 -0.166649 -0.091647 -0.205320 0.041199 -0.020677 
0.525130 0.028410 1.060292 0.775873 -0.137416 -0.099225 0.311104 -0.212668 -0.092093 -0.109144 0.002308 -0.055149 
0.661405 0.246329 1.127036 0.622446 -0.073975 0.034943 0.276942 -0.159979 -0.149745 -0.106406 0.010879 -0.088521 
0.738877 0.447683 1.268149 0.646650 0.033642 0.040750 0.140307 -0.082076 -0.044581 -0.174762 0.110281 -0.050388 
0.806710 0.582732 1.081972 0.872662 -0.015831 -0.069373 0.461538 -0.035268 -0.073267 -0.039930 0.143605 -0.060476 
1.062060 0.496001 1.023175 0.936314 0.121090 -0.147492 0.319431 0.024319 -0.125905 -0.068163 0.093017 -0.042802 
1.159339 0.607156 0.796970 0.688005 0.141171 0.059862 0.469336 -0.023172 -0.008104 0.064912 0.252787 -0.027798 
1.080743 0.165517 0.469683 0.563675 0.286215 0.178173 0.200094 0.238425 0.342462 0.250260 0.118392 0.101547 
1.077060 0.580661 0.422974 0.344124 0.296687 0.268993 0.252703 0.238644 0.226874 0.222664 0.219820 0.132680 
1.077062 0.582291 0.421766 0.342961 0.298283 0.269918 0.251526 0.237866 0.228889 0.222414 0.218893 0.132747 
1.076977 0.583204 0.421390 0.342614 0.298778 0.269524 0.251603 0.237969 0.229502 0.222762 0.217955 0.132785 
1.076829 0.582364 0.421006 0.342952 0.298221 0.269552 0.251116 0.238520 0.229681 0.222559 0.218572 0.132702 
1.077098 0.582849 0.421378 0.343102 0.298334 0.270386 0.251027 0.238544 0.229125 0.222479 0.218141 0.132801 
