1.076267 0.581565 0.420783 0.342613 0.298534 0.269448 0.251867 0.238676 0.229090 0.222848 0.218398 0.132594 
1.076491 0.583382 0.422245 0.342652 0.298943 0.269166 0.250803 0.238078 0.229039 0.222643 0.218494 0.132754 
1.075385 0.583062 0.422058 0.342919 0.297679 0.270155 0.250604 0.238851 0.228008 0.223257 0.218756 0.132648 
1.075258 0.582460 0.421931 0.342536 0.298023 0.270306 0.251051 0.238329 0.228580 0.222714 0.219152 0.132613 
1.066662 0.567347 0.426429 0.344093 0.291647 0.260706 0.277657 0.227642 0.226912 0.226874 0.216163 0.130870 
1.050073 0.506680 0.445641 0.351359 0.256137 0.256389 0.337976 0.229930 0.164187 0.230232 0.253714 0.119682 
2.501683 0.086599 -0.116280 0.130037 -0.345117 -0.040844 0.392846 0.140313 0.004776 0.122380 0.248516 0.117204 
2.335749 0.078361 -0.213472 0.096397 -0.237501 -0.103476 0.367847 -0.006087 0.008409 0.114725 0.301216 0.142342 
2.282150 -0.196978 -0.078706 0.104678 -0.190141 0.087615 0.098577 -0.073541 -0.047027 0.184557 0.276925 0.236782 
2.111817 -0.371900 0.441310 0.366694 0.023235 -0.221520 -0.096713 -0.113610 0.137944 0.321792 0.093687 0.012059 
1.645338 -0.178304 1.009826 0.463807 0.193635 -0.232388 -0.037082 -0.097434 -0.008165 0.022194 -0.130985 0.146071 
2.044596 -0.209204 0.833267 0.534275 0.324935 -0.215644 -0.041011 -0.018534 -0.043027 0.128473 -0.026606 -0.001230 
2.009780 0.335802 0.450591 0.695267 0.311514 0.048337 -0.027035 -0.117503 -0.017684 -0.015653 0.044443 0.027992 
1.871621 0.952548 0.555862 0.460095 0.372012 0.166083 -0.018137 -0.055992 -0.019805 -0.014548 0.066015 0.049190 
1.460120 0.910041 0.668103 0.454964 0.327191 0.174955 0.081259 0.033487 -0.000553 0.030648 0.096329 0.047929 
1.080396 0.583114 0.420498 0.341125 0.298252 0.273471 0.252939 0.239856 0.229525 0.218832 0.217314 0.133058 
1.076942 0.584360 0.421193 0.343448 0.297759 0.271232 0.249841 0.238859 0.228795 0.221072 0.218997 0.132805 
1.076674 0.581675 0.422150 0.343256 0.297871 0.269681 0.250389 0.238755 0.229708 0.222442 0.218229 0.132661 
1.075721 0.582631 0.420393 0.342867 0.299482 0.268487 0.251034 0.237427 0.230576 0.223609 0.217795 0.132588 
1.076519 0.582023 0.421723 0.342589 0.299251 0.269713 0.250998 0.237741 0.229152 0.222501 0.218968 0.132687 
