1.028439 0.569840 0.474830 0.316852 0.295648 0.280592 0.241257 0.230057 0.235243 0.221857 0.217997 0.130058 
1.023159 0.588293 0.468271 0.322603 0.291296 0.277481 0.245722 0.230163 0.217087 0.228002 0.222993 0.129021 
1.043262 0.577492 0.453969 0.327557 0.293102 0.275095 0.235319 0.247989 0.225808 0.210534 0.228706 0.129443 
1.030920 0.562505 0.476646 0.306869 0.301646 0.280364 0.232444 0.245303 0.227214 0.213929 0.230042 0.128168 
1.021214 0.571550 0.449862 0.319224 0.304736 0.277007 0.240431 0.251909 0.217397 0.232501 0.214706 0.127728 
1.031487 0.584560 0.446963 0.314934 0.307300 0.273526 0.241645 0.248471 0.221373 0.230100 0.214429 0.129230 
2.433809 0.506109 0.022966 0.160676 0.379024 -0.230123 0.037682 0.028027 -0.092773 -0.312336 -0.238422 0.124547 
2.509539 0.999851 0.189185 -0.075647 -0.000309 -0.812182 0.084651 0.267836 -0.075104 -0.028907 -0.208714 0.173873 
2.618593 1.107106 0.431341 0.287679 -0.330314 -0.775813 -0.067906 0.023213 0.056399 -0.182789 0.144033 0.170244 
2.647810 1.045708 0.511323 0.272211 -0.267293 -0.621491 -0.180409 0.157125 0.059509 -0.130288 0.091695 0.167173 
3.163141 1.335326 0.451502 0.159108 -0.277247 -0.605954 -0.052873 0.170882 -0.144274 -0.032510 0.038815 0.071779 
2.492564 1.301849 0.606782 0.147511 -0.236847 -0.369309 -0.071341 0.195721 0.081642 -0.109281 0.023320 -0.090955 
2.391791 1.391348 0.642633 0.100527 -0.159006 -0.158107 -0.014508 0.085051 0.044194 -0.079343 -0.059142 -0.164822 
2.805833 1.575538 0.631583 0.031961 -0.165784 -0.058581 0.096981 0.100128 0.005989 0.034137 -0.121668 -0.173068 
2.222180 1.394640 0.774563 0.198468 0.053372 -0.016045 0.127138 0.213187 0.072798 -0.051671 -0.002213 -0.119706 
1.443235 0.899168 0.717031 0.511879 0.396952 0.330235 0.276634 0.236881 0.160404 0.107534 0.039063 0.060790 
1.111649 0.657254 0.488306 0.377979 0.306803 0.288291 0.229720 0.222060 0.194930 0.199981 0.186878 0.136083 
1.036470 0.579488 0.475760 0.330850 0.310872 0.280402 0.232772 0.240398 0.230925 0.209760 0.208234 0.131938 
1.042533 0.584568 0.456116 0.324144 0.312722 0.272758 0.235829 0.230321 0.219295 0.236384 0.212395 0.130532 
1.028409 0.589371 0.444012 0.330211 0.301792 0.273446 0.238066 0.245343 0.232573 0.204865 0.230435 0.129125 
1.017986 0.577509 0.455826 0.328773 0.289086 0.289963 0.255418 0.225296 0.244694 0.211106 0.212821 0.130409 
1.031421 0.582741 0.441481 0.315775 0.298730 0.286262 0.244479 0.233536 0.242672 0.196267 0.235585 0.128754 
