1.076360 0.582159 0.422540 0.342177 0.298393 0.269952 0.251389 0.238182 0.230285 0.221333 0.218397 0.132694 
1.076417 0.582015 0.422204 0.343846 0.298117 0.268234 0.251604 0.239621 0.229817 0.221612 0.217885 0.132716 
1.075128 0.580293 0.423772 0.344432 0.296459 0.268555 0.251655 0.238306 0.228178 0.223201 0.219406 0.132525 
1.079111 0.580654 0.419468 0.342122 0.300395 0.271312 0.248947 0.238548 0.229303 0.222492 0.218051 0.132620 
1.079860 0.580548 0.419610 0.339732 0.300670 0.272914 0.250355 0.234398 0.228435 0.223771 0.219156 0.132552 
1.073903 0.550817 0.426608 0.346049 0.271427 0.252838 0.294912 0.229780 0.212012 0.219286 0.238670 0.128373 
2.793365 0.151410 -0.109523 0.066392 -0.226024 -0.113774 0.443447 0.093712 -0.043621 0.079254 0.266168 0.155461 
2.266918 -0.136747 -0.150934 0.019138 -0.284284 0.010375 0.253124 0.000375 -0.054233 0.154150 0.233727 0.164237 
1.909364 -0.491194 0.071752 0.224162 -0.077020 -0.102579 0.072742 -0.169185 -0.014569 0.295902 0.294065 0.148607 
1.854277 -0.431394 0.701958 0.460157 0.093986 -0.277919 -0.165841 -0.143689 0.036667 0.106571 -0.080220 0.070337 
1.816242 -0.218528 1.030507 0.325724 0.100723 -0.107305 -0.145123 -0.078880 -0.004473 -0.052005 -0.074707 0.141177 
1.950690 -0.159027 0.862157 0.579856 0.184402 -0.200572 0.014747 -0.182550 -0.076964 0.097855 -0.054076 0.025143 
2.253648 0.031462 0.553094 0.659544 0.074823 0.082410 0.090701 -0.123046 -0.118362 -0.043229 0.040531 0.085241 
1.783800 0.970335 0.822777 0.689185 0.312974 0.052507 0.065339 0.093711 0.042133 0.027333 0.045557 0.077955 
1.644343 0.953504 0.685012 0.549220 0.363744 0.091551 -0.074994 -0.040467 0.041651 0.049320 0.044169 0.056659 
1.082644 0.585047 0.424540 0.346715 0.297413 0.268398 0.251065 0.234511 0.226058 0.222386 0.220179 0.133339 
1.079260 0.582445 0.421144 0.342170 0.299559 0.271945 0.250967 0.236604 0.227525 0.222296 0.218810 0.132830 
1.076497 0.581471 0.422080 0.342989 0.297602 0.270248 0.252500 0.237506 0.229505 0.222259 0.218251 0.132670 
1.076588 0.581737 0.421030 0.344518 0.298272 0.270151 0.249398 0.238358 0.230118 0.222271 0.218384 0.132661 
1.075917 0.584120 0.420773 0.343775 0.299333 0.269652 0.250615 0.238088 0.228563 0.223489 0.217483 0.132752 
1.076228 0.583166 0.420514 0.343831 0.299350 0.268230 0.250470 0.238065 0.230763 0.222261 0.217948 0.132661 
