1.080080 0.580425 0.418884 0.343410 0.297787 0.268639 0.248561 0.236015 0.229506 0.224910 0.221088 0.132497 
1.078265 0.579613 0.421659 0.346107 0.299431 0.267115 0.248285 0.241235 0.232119 0.221025 0.216861 0.132760 
1.078574 0.577993 0.418833 0.347507 0.301147 0.267238 0.250694 0.243261 0.231046 0.218046 0.216840 0.132758 
1.081920 0.576587 0.422050 0.346435 0.296831 0.266264 0.249233 0.239303 0.230601 0.222929 0.217420 0.132559 
1.079683 0.568472 0.424009 0.339898 0.285858 0.263365 0.259369 0.244421 0.224120 0.221264 0.226651 0.131318 
1.110143 0.516438 0.409437 0.382293 0.269323 0.250245 0.306715 0.264336 0.182702 0.206977 0.246612 0.133850 
2.372788 0.284928 -0.143639 0.130201 -0.398727 -0.102880 0.369191 0.153491 -0.034278 0.069065 0.256982 0.116225 
2.444233 -0.059445 -0.186493 0.151990 -0.323803 0.024734 0.228516 0.014910 -0.172785 0.151409 0.315531 0.193818 
2.350788 -0.475579 0.102312 0.316069 -0.075148 -0.099495 0.011479 -0.130307 -0.004559 0.249743 0.239037 0.108941 
1.992057 -0.293325 0.620729 0.553751 -0.012364 -0.242948 -0.145780 -0.085076 -0.029568 0.074783 -0.009222 -0.020678 
2.001941 -0.103805 0.737325 0.617601 0.281136 -0.286857 0.012779 -0.138188 -0.064206 0.100456 -0.044672 0.017375 
2.280539 0.156103 0.383762 0.649411 0.276937 -0.066758 0.121200 -0.187317 0.006195 0.033757 0.065873 0.054283 
1.984934 0.742744 0.492044 0.649864 0.439636 -0.044709 -0.193176 0.022583 0.149943 0.096196 -0.007096 0.049452 
1.562426 0.693874 0.633628 0.682894 0.349006 -0.067829 -0.032444 0.209753 0.088859 -0.096638 0.145652 0.188570 
1.088336 0.574176 0.420580 0.355318 0.302371 0.256729 0.246571 0.252547 0.233476 0.209569 0.213697 0.133264 
1.083279 0.582821 0.422897 0.346029 0.301583 0.267110 0.249387 0.237805 0.229268 0.220588 0.216231 0.133194 
1.079871 0.578372 0.419501 0.346748 0.300472 0.266103 0.249418 0.240846 0.232077 0.221442 0.216014 0.132684 
1.078274 0.576959 0.418260 0.344654 0.299448 0.268101 0.252158 0.243073 0.228299 0.219227 0.219209 0.132430 
1.076783 0.581938 0.420673 0.343578 0.297787 0.270610 0.251922 0.237676 0.228811 0.222247 0.218578 0.132643 
1.076733 0.578666 0.419743 0.344357 0.301246 0.271368 0.252107 0.239562 0.228092 0.220714 0.217600 0.132643 
