1.076582 0.582059 0.421373 0.343080 0.297673 0.270381 0.250997 0.238244 0.228737 0.223348 0.218754 0.132688 
1.076551 0.582811 0.421338 0.343212 0.298703 0.269864 0.251546 0.237514 0.229816 0.222232 0.218394 0.132759 
1.076456 0.582555 0.420930 0.343362 0.297974 0.269573 0.251519 0.238300 0.228901 0.223201 0.218569 0.132699 
1.076236 0.582977 0.421315 0.343386 0.298068 0.270195 0.250967 0.238370 0.228909 0.222620 0.218624 0.132731 
1.077505 0.582438 0.422205 0.343989 0.298414 0.270160 0.250732 0.237206 0.229151 0.223086 0.217965 0.132834 
1.093675 0.593387 0.428851 0.345787 0.300540 0.269806 0.245244 0.231231 0.222190 0.221104 0.221994 0.134570 
1.114870 0.568753 0.445924 0.351939 0.293038 0.259425 0.226442 0.235764 0.211712 0.200029 0.253079 0.134932 
2.277237 -0.774814 0.252949 0.072228 0.131346 0.100982 -0.264199 -0.046231 0.236982 0.244609 0.300725 0.168648 
1.660374 -0.543839 0.226105 -0.278792 0.414965 -0.027315 -0.022781 -0.080948 0.188738 0.430877 0.075856 0.298584 
1.468748 -0.654982 0.138547 -0.161061 0.356626 -0.013488 0.128732 -0.098644 0.177582 0.364382 0.091735 0.293474 
1.241711 -0.696320 0.235166 0.004564 0.281928 -0.144231 0.114590 -0.077393 0.128178 0.356834 0.150539 0.237676 
1.527156 -0.834443 0.462881 0.054744 0.237555 -0.221746 -0.085533 0.000434 0.168875 0.393310 0.035309 0.188347 
1.747849 -0.905370 0.802980 0.310588 0.100059 -0.229416 -0.101946 0.057382 0.077139 0.254803 0.114843 0.142530 
2.057254 -0.477304 0.718380 0.836109 -0.232435 -0.164393 0.058309 0.077015 0.126719 0.298656 0.249731 0.148253 
1.687785 0.897029 0.757305 0.420569 0.043341 0.040373 0.109285 0.062725 0.121101 0.179161 0.111465 0.124461 
1.273556 0.738137 0.550200 0.425337 0.325250 0.256079 0.212413 0.187379 0.165578 0.154305 0.158688 0.123709 
1.145467 0.637839 0.466831 0.373128 0.310885 0.265121 0.234674 0.216779 0.203652 0.198489 0.206125 0.137534 
1.079295 0.582102 0.422812 0.346508 0.299630 0.269586 0.251750 0.238136 0.228994 0.220533 0.216645 0.133123 
1.077437 0.581422 0.419713 0.343575 0.299807 0.271135 0.250039 0.235940 0.228810 0.224197 0.218978 0.132668 
1.077325 0.582075 0.420502 0.342806 0.299008 0.270734 0.251828 0.237547 0.228137 0.223043 0.218973 0.132756 
1.076491 0.582122 0.421607 0.343048 0.298341 0.270622 0.251623 0.238159 0.229168 0.223062 0.217637 0.132754 
1.077173 0.582765 0.421153 0.342956 0.297958 0.270287 0.250360 0.238539 0.229453 0.222566 0.218648 0.132744 
