1.075083 0.581572 0.420257 0.343959 0.298024 0.270804 0.250261 0.237998 0.229361 0.224145 0.217626 0.132512 
1.074875 0.582933 0.422326 0.343119 0.298163 0.269027 0.250217 0.239199 0.229546 0.222865 0.218059 0.132620 
1.067120 0.576977 0.427017 0.346911 0.289568 0.274283 0.253068 0.236024 0.228510 0.227253 0.215438 0.131921 
0.973436 0.637062 0.371842 0.354877 0.298998 0.264191 0.279344 0.193586 0.269620 0.182909 0.252561 0.118434 
0.959372 0.590301 0.311009 0.370972 0.341822 0.287113 0.241079 0.168143 0.254343 0.255470 0.234008 0.113343 
1.575075 0.153884 0.724223 0.566003 0.129856 0.055681 -0.029515 -0.072255 0.174508 0.173682 -0.047899 0.022410 
1.051436 -0.141768 0.678931 0.483289 0.050107 -0.163259 -0.122787 -0.198983 0.091981 0.043613 -0.026340 0.066840 
1.111253 -0.378715 0.462721 0.558295 0.081486 -0.311116 -0.043301 -0.215920 -0.002983 0.043230 0.001639 0.108754 
1.782325 -0.177042 0.138050 0.321296 0.188698 -0.134973 0.097831 -0.158877 -0.119077 -0.064152 0.026000 0.163080 
2.242594 -0.130612 0.400895 0.332096 0.001785 -0.136771 0.359328 -0.047054 -0.069367 0.024398 0.005948 0.108309 
3.011053 -0.478358 -0.100386 0.324616 -0.038935 -0.020605 0.076958 -0.052829 -0.115806 0.088080 0.248469 0.214551 
2.744578 -0.290415 -0.049682 0.379213 -0.084672 -0.082019 -0.040666 -0.023014 0.156090 0.307234 0.172766 0.055186 
2.330959 0.382558 0.138879 0.436234 0.159815 -0.083299 0.037055 0.001071 -0.058492 0.217190 0.276857 0.125955 
1.861004 0.698847 0.223064 0.278463 0.370315 0.201962 -0.022183 -0.020954 0.122016 0.179781 0.232260 0.145067 
1.301217 0.725238 0.463177 0.291196 0.205056 0.169297 0.170757 0.208551 0.233958 0.247640 0.239406 0.160400 
1.078769 0.582558 0.422391 0.344767 0.298633 0.269469 0.249397 0.238269 0.228407 0.222671 0.217783 0.132859 
1.074805 0.583906 0.421380 0.342242 0.295554 0.270144 0.252971 0.236594 0.227743 0.223698 0.220125 0.132497 
1.076433 0.581246 0.421312 0.343805 0.296571 0.271124 0.251069 0.237411 0.229496 0.222915 0.218524 0.132579 
1.076297 0.581203 0.421613 0.342842 0.298062 0.270226 0.251931 0.238452 0.227841 0.223178 0.218538 0.132603 
1.076339 0.583401 0.421113 0.342669 0.298270 0.269665 0.252437 0.238262 0.227269 0.223818 0.217982 0.132697 
1.074570 0.583180 0.423639 0.341774 0.297172 0.270795 0.250337 0.238538 0.227085 0.223809 0.219304 0.132595 
