1.073437 0.581939 0.415988 0.342217 0.294376 0.266532 0.252670 0.235287 0.232841 0.222641 0.222447 0.131680 
1.072141 0.581490 0.423566 0.343365 0.295506 0.270485 0.248621 0.236116 0.230925 0.225470 0.217281 0.132170 
1.072545 0.586404 0.419099 0.344033 0.295415 0.270175 0.250470 0.239167 0.228881 0.222496 0.218134 0.132325 
1.071533 0.582506 0.421274 0.340841 0.303307 0.267109 0.249492 0.236596 0.231523 0.223931 0.216009 0.132115 
1.141968 0.495887 0.431407 0.321703 0.230689 0.269072 0.248633 0.226428 0.265461 0.254352 0.201887 0.123828 
1.102516 0.567011 0.422464 0.315694 0.244038 0.240796 0.248883 0.237674 0.262080 0.254949 0.212795 0.128262 
2.877130 1.517370 0.502072 -0.093435 -0.637931 -0.124624 0.260553 -0.075039 0.096419 0.253798 -0.018266 -0.107902 
2.743244 0.958787 0.346177 0.039259 -0.677927 -0.126435 0.282871 -0.138761 0.075237 0.172806 -0.000415 -0.212475 
2.808873 0.656561 0.431503 -0.112102 -0.633719 -0.046049 0.159188 -0.031887 -0.024059 0.120618 -0.068957 -0.138733 
2.908516 0.458413 0.413977 -0.097599 -0.611204 -0.008882 0.178020 -0.015690 -0.076879 0.081807 -0.049379 -0.121548 
3.037934 0.411430 0.277809 0.130960 -0.415472 -0.053976 0.237836 -0.165505 -0.201149 0.104993 0.050200 -0.130809 
2.699912 0.221228 0.264225 0.382272 -0.096380 -0.013850 0.261266 -0.064080 -0.230738 0.006045 0.157762 0.024411 
1.865060 0.302082 0.514015 0.170290 0.485880 -0.100258 0.251352 -0.000761 -0.132884 -0.095679 0.091423 0.356324 
1.535150 0.054317 0.718894 0.305986 0.553989 -0.047443 0.212795 -0.122445 -0.061624 0.004475 0.111322 0.325381 
1.219161 0.452693 0.284686 0.357566 0.386972 0.319821 0.276571 0.208632 0.156389 0.160289 0.279703 0.157462 
1.089401 0.566406 0.406907 0.336469 0.312180 0.283669 0.264268 0.231903 0.206294 0.210980 0.233622 0.132971 
1.073571 0.583475 0.419386 0.343958 0.303016 0.265705 0.252847 0.233995 0.227845 0.226420 0.216286 0.132331 
1.073249 0.582257 0.419277 0.344525 0.298942 0.272441 0.247015 0.236118 0.230274 0.221175 0.220920 0.132242 
1.073592 0.580075 0.424413 0.346131 0.298290 0.268401 0.245255 0.239316 0.232949 0.220796 0.217749 0.132367 
1.072811 0.578349 0.421658 0.343704 0.300128 0.268870 0.250894 0.238821 0.228886 0.221960 0.219346 0.132200 
