1.054133 0.566154 0.431974 0.361926 0.291340 0.260810 0.254286 0.245393 0.223645 0.226268 0.207830 0.130737 
1.026673 0.572295 0.442553 0.329875 0.300190 0.283943 0.238304 0.234339 0.236583 0.227391 0.207296 0.129119 
1.024382 0.588948 0.416745 0.299802 0.317130 0.254278 0.300006 0.239694 0.224798 0.223927 0.198007 0.129437 
1.048036 0.572035 0.428292 0.344149 0.291101 0.268768 0.258518 0.237077 0.223107 0.235606 0.210137 0.129775 
0.849963 0.620318 0.427740 0.434047 0.270697 0.242590 -0.091304 0.177412 0.183841 0.259078 -0.026121 0.114205 
0.292898 0.331818 0.505089 0.454602 0.251592 0.315051 0.130227 0.209337 0.412713 0.236041 0.113223 0.053888 
0.266175 0.273623 0.551970 0.445815 0.407795 0.244017 -0.084624 0.593488 0.281438 0.120486 0.150273 0.081170 
1.952589 0.923823 1.097220 0.869777 0.263851 -0.111890 -0.251751 -0.000883 -0.087975 -0.287175 -0.316491 -0.086164 
1.637291 1.262402 0.931622 0.709187 0.192847 -0.226494 -0.145907 -0.148264 -0.132690 -0.264256 -0.229834 -0.065348 
1.451390 1.379528 0.880877 0.735279 0.041856 -0.119085 -0.006433 -0.087160 -0.261536 -0.235960 -0.096432 -0.144296 
1.633508 1.472720 1.070409 0.566699 0.051005 -0.045061 -0.088183 0.000337 -0.270367 -0.254115 -0.035957 -0.183191 
1.963982 1.416866 1.329809 0.703274 0.050002 0.019180 0.057960 -0.067001 -0.251082 -0.198063 -0.072549 -0.191248 
1.786178 1.309601 1.196809 0.697782 0.109342 -0.079889 0.073500 -0.138227 -0.138238 -0.149029 -0.115713 -0.088421 
1.375420 0.944179 0.936502 0.682613 0.327030 0.296377 0.220989 0.099217 -0.046620 -0.038272 0.129320 -0.056282 
1.072546 0.520996 0.575995 0.471547 0.244851 0.218041 0.330432 0.223575 0.126947 0.162400 0.269161 0.121271 
1.135079 0.633723 0.484426 0.419403 0.312224 0.258879 0.238574 0.216179 0.185031 0.176686 0.206128 0.134419 
1.028469 0.588527 0.446180 0.356261 0.285201 0.267429 0.252998 0.220802 0.220907 0.214644 0.229220 0.128176 
1.072809 0.590181 0.451581 0.370056 0.292762 0.255031 0.262701 0.214194 0.208309 0.219891 0.218714 0.131977 
1.034325 0.581967 0.429757 0.345723 0.296790 0.250294 0.246881 0.265163 0.192001 0.222323 0.234842 0.127427 
1.039564 0.581926 0.409183 0.392002 0.259597 0.275851 0.229228 0.270237 0.202728 0.222107 0.226499 0.131453 
