1.076376 0.583600 0.421569 0.343450 0.298324 0.270328 0.251040 0.237571 0.229030 0.222886 0.218304 0.132802 
1.076811 0.583219 0.421136 0.343352 0.298273 0.269960 0.251242 0.237607 0.229045 0.222835 0.218799 0.132780 
1.076745 0.582860 0.421417 0.342623 0.298062 0.270239 0.251399 0.237462 0.229954 0.222541 0.218468 0.132738 
1.076225 0.582628 0.421742 0.343575 0.298654 0.270421 0.251409 0.237254 0.229082 0.223605 0.217547 0.132777 
1.079070 0.582333 0.422784 0.341995 0.295246 0.267618 0.250923 0.236662 0.229309 0.224421 0.220537 0.132644 
1.078224 0.565219 0.416835 0.339687 0.276671 0.260483 0.273265 0.240889 0.224991 0.224782 0.225873 0.129996 
2.562865 0.169973 -0.015043 0.060935 -0.420080 0.112267 0.309569 0.167386 -0.109517 0.178056 0.250066 0.144302 
2.383656 -0.117621 -0.085279 -0.054367 -0.456700 0.111108 0.210526 0.118405 -0.133727 0.202132 0.284268 0.165271 
2.126439 -0.213124 -0.113389 0.081997 -0.359506 0.124812 0.153625 -0.000984 -0.163697 0.241093 0.332018 0.223477 
2.064867 -0.423057 0.096057 0.259795 -0.256547 -0.072605 -0.008912 -0.012815 -0.024152 0.269957 0.307934 0.138150 
1.844477 -0.240466 0.633639 0.479738 -0.081443 -0.213164 -0.124621 -0.006214 0.069608 0.103482 -0.033049 0.030142 
1.521847 -0.006341 0.989970 0.441722 -0.012738 -0.108689 -0.029735 0.011903 0.100839 0.086750 -0.005416 0.129686 
2.009892 -0.022042 0.746658 0.679850 0.168546 -0.183806 0.040294 0.008170 -0.007140 0.007594 0.008956 0.065977 
1.862007 0.469292 0.523475 0.707333 0.322912 -0.011622 0.061167 0.009990 -0.082304 0.116667 0.165417 0.061720 
1.526580 0.824880 0.642857 0.598845 0.394309 0.108668 0.010098 0.083287 0.093947 0.026417 0.104962 0.076433 
1.081037 0.580732 0.420548 0.346572 0.299718 0.265121 0.245418 0.237177 0.230511 0.222210 0.219061 0.132429 
1.077089 0.581567 0.421004 0.343737 0.298866 0.270623 0.251001 0.238641 0.229047 0.222663 0.217874 0.132774 
1.077448 0.582850 0.420580 0.342936 0.298259 0.269792 0.251416 0.237929 0.228723 0.222911 0.219001 0.132741 
1.076440 0.582500 0.421589 0.342576 0.298118 0.269314 0.251297 0.237999 0.228986 0.223758 0.218436 0.132669 
1.077364 0.582148 0.420752 0.343031 0.298315 0.270157 0.250529 0.238538 0.229473 0.222535 0.218538 0.132704 
1.076322 0.582708 0.421460 0.343538 0.298090 0.269926 0.251045 0.238564 0.229441 0.223053 0.217585 0.132741 
