0.898569 0.540467 0.570337 0.319511 0.325006 0.263860 0.156533 0.289114 0.189698 0.224424 0.208344 0.111225 
0.949800 0.554300 0.571046 0.268987 0.322977 0.243788 0.177374 0.287108 0.223641 0.225969 0.205263 0.119425 
0.897233 0.513820 0.521764 0.309434 0.320674 0.296010 0.108493 0.276829 0.318891 0.136013 0.253387 0.119118 
0.982240 0.506630 0.481411 0.281486 0.336814 0.309806 0.218487 0.223246 0.239694 0.251055 0.166311 0.123213 
0.931629 0.572809 0.490143 0.305737 0.378766 0.263351 0.199500 0.228439 0.205912 0.178976 0.273552 0.108744 
0.964934 0.598963 0.487150 0.326814 0.300676 0.279046 0.230818 0.257142 0.190900 0.208712 0.217468 0.122244 
1.886319 0.349200 0.397096 0.275687 0.219359 0.066662 0.175907 0.068759 -0.391634 -0.223665 0.071626 0.057683 
2.238195 0.435858 0.655023 -0.233236 -0.090099 -0.444627 0.228496 0.259408 -0.400056 -0.024251 -0.041677 -0.173366 
2.130434 0.731998 0.849647 -0.345779 -0.165400 -0.522608 0.067218 0.317421 -0.228327 -0.104643 0.007142 -0.191880 
2.326989 0.686956 0.937915 -0.288851 -0.174314 -0.529946 0.161364 0.225802 -0.208867 0.018851 -0.081595 -0.141876 
2.570014 0.740352 1.045804 -0.096650 -0.215979 -0.480099 0.251922 0.221076 -0.223027 0.116441 0.020327 -0.205683 
2.796399 0.871719 1.190907 -0.025328 -0.126385 -0.529458 0.135716 0.137349 -0.397479 0.082346 -0.008273 -0.227309 
3.007848 1.477651 0.741714 0.259334 -0.210703 -0.177750 0.226157 0.167677 -0.081301 -0.018570 -0.120490 -0.280853 
2.619508 1.482277 0.634613 0.127637 -0.039469 0.063235 0.183879 0.132479 0.004116 -0.070041 -0.170239 -0.203254 
2.503831 1.393695 0.597142 0.102165 -0.029232 0.068208 0.185640 0.217677 0.154832 0.049199 -0.045489 -0.128322 
1.822368 1.289471 0.980001 0.397108 0.298289 0.166418 0.140543 0.102772 -0.021522 0.088956 0.000080 0.003465 
1.005538 0.548613 0.542148 0.349629 0.288292 0.286493 0.199897 0.208901 0.277603 0.160717 0.211800 0.135541 
0.955396 0.600686 0.531982 0.340860 0.360991 0.286716 0.159507 0.285373 0.174874 0.186872 0.205022 0.117166 
0.855489 0.569808 0.529628 0.300926 0.317072 0.273170 0.210319 0.255141 0.228691 0.220267 0.208527 0.117621 
0.880220 0.608476 0.494074 0.265775 0.373040 0.269871 0.202391 0.261988 0.172550 0.224969 0.246938 0.104398 
0.952410 0.567383 0.493354 0.299599 0.352060 0.273989 0.224114 0.213350 0.243291 0.228193 0.181643 0.127653 
