1.030656 0.548908 0.484821 0.320987 0.279927 0.259147 0.230038 0.257641 0.216441 0.169988 0.277447 0.124043 
0.996267 0.659666 0.416197 0.335122 0.271004 0.295394 0.202970 0.275414 0.199877 0.236745 0.193999 0.131277 
0.731917 0.774207 0.185820 0.443333 0.300991 0.329878 0.226477 0.186576 0.198896 0.197008 0.296194 0.076824 
0.832664 0.569124 0.177476 0.359792 0.313687 0.304141 0.198313 0.164133 0.302491 0.316593 0.183191 0.073055 
0.830646 0.416151 0.277886 0.172233 0.477577 0.311252 0.311208 0.298556 0.074006 0.368545 0.042155 0.112333 
1.745415 -0.164234 0.687235 0.683038 0.142332 0.031976 -0.050637 -0.302159 0.079052 0.014017 -0.248225 -0.067649 
1.954573 -0.459037 0.567033 1.054350 -0.183068 -0.349596 -0.225851 -0.079009 -0.174613 -0.243034 -0.270975 -0.035598 
2.388627 -0.439747 0.876407 1.436284 0.159110 -0.079169 -0.156868 0.011225 0.079515 -0.054879 -0.276785 -0.041009 
1.552556 0.223762 0.762710 1.177799 0.396062 -0.186745 0.072936 0.298632 0.130579 -0.149058 -0.072466 0.122576 
2.146539 -0.810210 0.286880 0.155280 0.375898 0.469693 -0.071998 -0.085919 -0.056648 -0.039804 0.229062 0.154802 
0.741314 0.088685 0.318541 0.179515 0.464006 0.294472 0.265810 0.299194 0.131079 0.274847 0.071932 0.026156 
0.863832 0.310176 0.303955 0.189005 0.360077 0.394127 0.262519 0.243912 0.109279 0.297557 0.180312 0.067282 
0.740847 0.432594 0.317093 0.253575 0.387509 0.376993 0.288305 0.123645 0.086530 0.391150 0.127556 0.105363 
0.766545 0.264924 0.635849 0.342991 0.239435 0.370588 0.282838 0.052072 0.203572 0.390400 0.097824 0.055967 
