1.071594 0.580090 0.423835 0.341911 0.300958 0.269075 0.249795 0.237207 0.228347 0.222564 0.220110 0.132189 
1.092122 0.587538 0.416619 0.335412 0.278460 0.251387 0.236253 0.234439 0.236671 0.233447 0.236709 0.132138 
1.087887 0.580737 0.412823 0.335127 0.284618 0.258070 0.247647 0.238939 0.233133 0.225205 0.232490 0.131457 
1.066621 0.599323 0.414635 0.345069 0.272851 0.267953 0.234554 0.241101 0.222956 0.244974 0.223155 0.131784 
1.080059 0.601084 0.349412 0.369058 0.318333 0.283847 0.233496 0.232457 0.226806 0.224044 0.203543 0.130001 
1.040583 0.622517 0.250996 0.365162 0.282302 0.305297 0.235419 0.180598 0.250637 0.247079 0.239512 0.115500 
1.066495 0.389348 0.624381 0.739131 0.183365 0.227737 0.172980 -0.165782 0.086648 0.194359 0.048096 -0.087788 
1.139856 0.116895 0.831250 0.783569 0.040510 0.069204 -0.012290 -0.196233 0.041039 0.006042 -0.132758 -0.127682 
0.770350 0.077280 0.814672 0.896324 -0.104161 -0.046598 -0.065436 -0.135021 -0.024552 -0.066250 -0.231782 -0.083626 
1.046162 0.242595 0.713329 0.959340 -0.038890 0.036309 -0.025427 -0.146325 0.008139 -0.053022 -0.192635 -0.141111 
1.304557 0.165128 0.740369 0.236035 0.302019 0.513953 -0.133732 -0.116343 -0.056646 0.035541 0.100557 -0.036277 
2.298715 0.311801 0.504905 -0.105391 -0.140625 -0.169617 0.284874 0.048641 -0.312795 -0.112429 -0.039856 -0.035941 
2.674155 0.561410 0.158459 0.075431 -0.335033 -0.306600 0.288341 0.090991 -0.082447 0.043891 0.134631 -0.028021 
2.795346 0.718186 0.168420 0.026985 -0.385759 -0.280479 0.261560 0.261276 -0.103329 0.023969 0.133698 0.029252 
2.721167 0.873103 0.378655 0.233718 -0.196651 -0.275340 0.197730 0.329247 -0.005551 -0.009803 0.117864 0.093648 
1.850108 0.845117 0.401949 0.186524 0.021000 -0.004654 0.114717 0.133617 0.054850 -0.003563 0.051442 0.050658 
1.084016 0.585696 0.429387 0.341026 0.294113 0.265920 0.243862 0.238151 0.236552 0.224181 0.212400 0.133112 
1.075426 0.579229 0.425782 0.347235 0.295168 0.263913 0.253542 0.231398 0.231392 0.223437 0.219456 0.132230 
1.076055 0.573342 0.427152 0.347057 0.298817 0.266378 0.250523 0.237251 0.227750 0.218655 0.222954 0.132268 
1.088665 0.582053 0.436610 0.349626 0.296058 0.265005 0.241622 0.232481 0.227326 0.219792 0.222407 0.133617 
1.077036 0.577343 0.428129 0.344614 0.297587 0.266961 0.245770 0.236510 0.231021 0.219776 0.222552 0.132381 
