1.077267 0.582565 0.421693 0.342895 0.298574 0.270069 0.250957 0.238138 0.229013 0.223007 0.218257 0.132796 
1.076875 0.582541 0.421201 0.343171 0.298368 0.269906 0.251760 0.238376 0.229158 0.222665 0.218086 0.132770 
1.076929 0.582608 0.421305 0.343330 0.298144 0.270406 0.251056 0.238470 0.229142 0.222719 0.218080 0.132777 
1.076734 0.582407 0.421034 0.343307 0.298188 0.269981 0.251479 0.238588 0.228713 0.223149 0.218316 0.132749 
1.080626 0.584696 0.424111 0.344462 0.298787 0.271698 0.250777 0.236475 0.228096 0.220947 0.216970 0.133249 
1.092854 0.577732 0.439851 0.350997 0.290171 0.277189 0.253742 0.224444 0.221613 0.221472 0.215797 0.133716 
1.697340 -0.055834 0.059750 0.509435 0.030938 0.063702 0.100053 -0.001699 0.082579 0.214396 0.414167 0.204272 
1.428582 -0.188404 -0.175874 -0.184241 0.023620 0.069663 0.047195 0.133963 0.091024 0.227117 0.272435 0.203632 
1.388233 -0.072146 -0.189853 -0.301569 -0.013427 0.191723 0.169748 -0.031086 0.285750 0.171012 0.198536 0.200075 
1.263701 -0.442145 0.007840 -0.036836 0.184983 -0.081982 0.040232 -0.108319 0.234048 0.352555 0.308837 0.207027 
1.220164 -0.565077 0.333384 0.297042 0.174152 -0.368872 0.050616 -0.010004 0.305416 0.219656 0.078228 0.275824 
1.204633 -0.443516 0.692421 0.515077 0.154757 -0.505172 0.181737 0.113136 0.065284 0.110486 0.112120 0.294634 
1.485354 -0.369541 1.019690 0.337906 0.158576 -0.097270 0.276858 -0.078636 -0.083361 0.122973 0.025076 0.281426 
1.494128 0.027025 1.303634 0.374889 -0.128163 0.041720 -0.097505 0.184771 0.084860 -0.077334 0.132745 0.156682 
1.260412 0.554069 0.522874 0.532796 0.296145 0.124863 0.198085 0.284445 0.220202 0.121884 0.163957 0.156676 
1.103886 0.596453 0.438447 0.360147 0.301868 0.262564 0.242385 0.233825 0.225658 0.213169 0.212113 0.135627 
1.078908 0.583345 0.423642 0.345088 0.297773 0.269338 0.250940 0.237398 0.228531 0.221943 0.217661 0.132986 
1.077931 0.582775 0.422726 0.343407 0.298114 0.270081 0.251343 0.237812 0.228655 0.222560 0.218023 0.132885 
1.077491 0.581478 0.421583 0.343735 0.298197 0.270225 0.251114 0.238486 0.229603 0.222521 0.217825 0.132785 
1.076777 0.582350 0.421601 0.343075 0.298171 0.270018 0.251298 0.238215 0.228735 0.223138 0.218455 0.132743 
1.077307 0.582829 0.421326 0.342675 0.298626 0.270066 0.251099 0.238280 0.228852 0.222886 0.218406 0.132788 
