1.077087 0.585383 0.421447 0.342264 0.298983 0.269128 0.252188 0.235049 0.227412 0.222815 0.220458 0.132774 
1.075988 0.584084 0.421514 0.343205 0.300074 0.269199 0.251485 0.238274 0.229165 0.220837 0.218390 0.132787 
1.077426 0.584690 0.421579 0.343593 0.296390 0.270806 0.250149 0.239474 0.227812 0.222894 0.217572 0.132801 
1.081677 0.586262 0.423703 0.345452 0.299932 0.269293 0.247724 0.232875 0.227981 0.220731 0.218764 0.132960 
1.201972 0.681493 0.499365 0.406536 0.335432 0.280233 0.240487 0.198402 0.174650 0.179618 0.176884 0.133474 
1.104632 0.647987 0.412458 0.441192 0.319881 0.277739 0.216347 0.151533 0.245844 0.209436 0.198330 0.127756 
1.125726 0.538454 0.552416 0.476443 0.329356 0.289065 0.179528 0.189963 0.242105 0.218670 0.109835 0.127944 
1.547662 0.177302 0.925269 0.806562 0.070915 0.016519 0.089056 -0.060293 0.108488 0.100910 -0.201017 -0.079342 
1.364075 -0.002535 0.973113 0.713638 0.186946 -0.093447 0.041643 -0.233009 0.071511 0.047382 -0.200962 -0.108736 
1.229156 -0.007969 0.783116 0.818741 0.098891 -0.128235 -0.097491 -0.146266 0.000083 -0.097475 -0.169373 -0.108914 
1.538737 -0.117052 0.780805 0.574635 0.292429 0.025800 -0.013684 -0.396523 -0.034049 0.089990 -0.181873 -0.159278 
2.277444 0.182157 0.356286 0.404433 0.076365 0.196514 0.154550 -0.078147 -0.184279 -0.253766 0.000932 0.195653 
3.168814 0.258365 0.361975 0.075166 -0.070965 -0.201171 0.171606 0.181356 -0.178223 -0.159692 0.001333 0.006296 
3.150918 0.850224 0.305940 0.129014 -0.308318 -0.141062 0.371952 0.172759 -0.117189 -0.042398 0.033407 -0.088395 
2.181327 1.138680 0.422044 0.004328 -0.073619 0.028167 0.122806 0.075170 0.011750 -0.029257 -0.046602 -0.023735 
1.102174 0.604223 0.432671 0.346825 0.298756 0.268132 0.246207 0.233428 0.219323 0.218022 0.216007 0.135360 
1.082689 0.587251 0.424964 0.347232 0.296259 0.270392 0.249720 0.235934 0.228499 0.219858 0.217543 0.133464 
1.079329 0.584211 0.423809 0.345281 0.298515 0.272580 0.247417 0.239414 0.229234 0.220885 0.215728 0.133160 
1.076004 0.583858 0.421272 0.345396 0.295619 0.270962 0.251103 0.237221 0.230645 0.222881 0.216915 0.132757 
1.076450 0.582856 0.421850 0.345424 0.298408 0.269718 0.252909 0.236383 0.227847 0.222654 0.217545 0.132775 
