1.076260 0.582344 0.420754 0.343379 0.298124 0.270078 0.251763 0.238846 0.229397 0.222788 0.217526 0.132701 
1.077177 0.582893 0.422632 0.343169 0.297622 0.270080 0.250937 0.237011 0.228695 0.222292 0.219717 0.132773 
1.076200 0.582640 0.420723 0.342262 0.300116 0.268334 0.251369 0.238730 0.228478 0.222702 0.218946 0.132630 
1.076148 0.581805 0.421965 0.344058 0.298038 0.269969 0.250405 0.237652 0.229425 0.223943 0.217605 0.132677 
1.077725 0.584484 0.420645 0.343793 0.298372 0.269027 0.249640 0.237005 0.229536 0.222861 0.219567 0.132805 
1.083103 0.573061 0.422884 0.343883 0.289378 0.264908 0.262747 0.242284 0.222644 0.219013 0.222307 0.132206 
2.658302 0.245759 -0.007615 0.079051 -0.400228 0.030675 0.264719 0.201717 -0.056683 0.120025 0.202533 0.146052 
2.488610 0.102250 -0.006780 0.025965 -0.475095 0.091760 0.229353 0.116781 -0.133441 0.147332 0.202199 0.146679 
2.413162 -0.286192 0.034095 0.088803 -0.187214 0.028690 0.150827 -0.126685 -0.123547 0.220542 0.321143 0.169354 
2.220731 -0.322179 0.449023 0.365983 0.070692 -0.258445 -0.170179 -0.104170 0.009297 0.167906 0.078932 0.022461 
2.053091 -0.251302 0.846660 0.437219 0.183566 -0.121327 -0.077746 -0.093939 0.030890 0.028192 -0.179300 0.031397 
2.139013 0.155547 0.462856 0.524708 0.283371 -0.014616 0.055544 -0.124195 0.028367 0.055673 0.075086 0.103401 
2.247368 0.265098 0.278227 0.632867 0.264375 0.035601 0.087454 -0.029734 -0.071145 0.000399 0.086367 0.040080 
1.776612 0.857415 0.655293 0.643606 0.360419 0.004984 -0.045313 0.086528 0.080804 0.009741 0.074470 0.117628 
1.166947 0.621860 0.448421 0.382907 0.323224 0.258007 0.220628 0.209578 0.206776 0.198549 0.201036 0.135362 
1.078339 0.583440 0.422452 0.344229 0.298984 0.271327 0.250326 0.238516 0.229284 0.219010 0.219117 0.133028 
1.077688 0.581976 0.420746 0.343216 0.298362 0.269367 0.251936 0.239902 0.228522 0.222043 0.218246 0.132763 
1.077346 0.584068 0.421488 0.342786 0.298173 0.269753 0.252244 0.237387 0.229759 0.222304 0.217818 0.132859 
1.075574 0.582425 0.421961 0.343462 0.298194 0.269010 0.251651 0.237625 0.229392 0.222953 0.218329 0.132639 
1.077298 0.582408 0.421201 0.341803 0.299831 0.268949 0.250039 0.239215 0.227972 0.222907 0.219426 0.132668 
