1.014816 0.604872 0.414863 0.294928 0.316095 0.266133 0.171218 0.276009 0.192281 0.239497 0.249354 0.117784 
0.968938 0.589004 0.457725 0.317367 0.302371 0.230378 0.272944 0.229902 0.212238 0.227689 0.206070 0.122404 
0.936139 0.639684 0.428449 0.396071 0.260970 0.263913 0.232873 0.234903 0.220024 0.231710 0.189410 0.127697 
0.984483 0.623154 0.430485 0.405504 0.244792 0.316346 0.198433 0.212650 0.271297 0.200433 0.164825 0.131287 
1.108729 0.178999 0.428725 0.480120 -0.048397 0.156968 0.032564 0.218598 0.223182 -0.029467 -0.091796 0.175336 
0.407391 0.323463 0.512877 0.351681 0.341329 0.175864 0.268425 0.398705 0.191039 0.199088 -0.081763 0.229756 
0.644154 0.015210 0.650724 0.492176 0.212074 0.068204 0.144047 -0.025956 0.326392 0.159238 -0.146392 0.120813 
1.951509 -0.366206 1.009075 0.904090 0.005704 -0.251189 -0.145124 -0.075850 -0.092548 -0.244141 -0.221062 -0.026029 
0.920765 -0.096714 0.786848 0.753959 -0.192383 -0.242588 -0.179651 -0.084652 -0.142244 -0.379188 -0.096835 0.032973 
0.695839 0.140218 0.811718 0.792947 -0.267673 -0.052556 -0.229910 0.037700 -0.149650 -0.357221 -0.116171 0.115621 
0.868412 0.206894 0.990013 0.770435 -0.130426 -0.121941 -0.175642 0.060966 -0.183536 -0.319499 -0.079104 0.019192 
1.137830 0.323180 1.231436 0.730588 -0.026378 -0.044267 -0.102247 0.052916 -0.165190 -0.328131 -0.053613 -0.018134 
1.558820 0.481064 0.911740 0.887214 -0.276498 -0.227226 0.081862 -0.051925 -0.266761 -0.243632 -0.082211 -0.093262 
1.777438 0.755236 1.435596 0.698685 -0.049232 0.063480 -0.001249 0.041881 -0.102917 -0.300567 -0.010774 0.025035 
1.853349 1.332970 1.188214 0.777946 0.335363 0.223051 0.047688 -0.001029 0.047616 -0.087693 -0.105204 -0.045785 
1.214905 0.766787 0.674022 0.530862 0.355456 0.163583 0.168905 0.163743 0.012186 -0.012952 0.089811 0.026525 
1.048586 0.642350 0.540127 0.347860 0.321906 0.249946 0.196812 0.222566 0.199907 0.157268 0.202581 0.123768 
0.975354 0.622977 0.550041 0.318854 0.266124 0.314867 0.195597 0.200521 0.204543 0.248183 0.149051 0.132626 
0.921426 0.608499 0.503790 0.338432 0.314433 0.254989 0.280377 0.258573 0.194488 0.147754 0.202909 0.120779 
1.024725 0.608198 0.393281 0.314963 0.316639 0.223323 0.254057 0.242281 0.232525 0.241000 0.189426 0.125870 
0.957576 0.556167 0.469199 0.338957 0.305121 0.260167 0.200668 0.261602 0.243109 0.205311 0.208782 0.121977 
