1.081704 0.584591 0.430894 0.339804 0.293027 0.263706 0.238087 0.229928 0.227962 0.226298 0.227875 0.132167 
1.074574 0.580730 0.431209 0.339729 0.295694 0.256453 0.245263 0.233653 0.221185 0.230406 0.227548 0.131362 
1.083076 0.590725 0.430756 0.339674 0.289425 0.262519 0.248244 0.229807 0.234773 0.223817 0.218121 0.132805 
1.082482 0.605901 0.445320 0.335367 0.297430 0.259116 0.232966 0.222213 0.216489 0.216932 0.242317 0.133082 
1.104137 0.386530 0.439334 0.302783 0.119806 0.370998 0.393279 0.146680 0.189010 0.298308 0.224846 0.087826 
1.027286 0.444859 0.502344 0.193101 0.121086 0.253488 0.598277 0.099486 0.149525 0.188515 0.324175 0.063023 
3.167591 0.772196 -0.053743 -0.440929 -0.128924 0.098150 0.132325 0.025399 -0.046893 0.005594 0.113943 0.198396 
3.765072 -0.596473 0.154363 0.035627 -0.432395 0.025593 0.264351 -0.199717 -0.265483 0.200282 0.305924 0.098211 
3.218826 -0.596260 0.165398 0.385544 -0.280293 -0.071410 -0.096523 -0.314980 -0.099577 0.255734 0.159855 0.012837 
2.524494 -0.326186 0.546677 0.917276 -0.039538 -0.255660 -0.111589 -0.153912 -0.081875 -0.049387 -0.182136 -0.078898 
2.178936 -0.155652 0.833081 1.163992 -0.033810 -0.277399 0.089850 -0.043058 -0.126922 -0.046879 -0.016603 -0.035768 
2.799406 0.333000 0.812394 1.132963 0.247786 -0.275983 -0.083509 0.010691 -0.068360 -0.010214 -0.020251 -0.100266 
1.990232 1.299924 1.012117 0.575528 0.312172 0.054869 -0.018572 0.039646 -0.019723 0.019716 -0.019748 0.030905 
1.457377 0.865281 0.622013 0.432529 0.263034 0.116010 0.035732 -0.011612 -0.011053 0.021195 0.079767 0.051709 
1.234773 0.670842 0.530108 0.416275 0.303575 0.243519 0.221787 0.185272 0.174141 0.163484 0.191192 0.131149 
1.087308 0.558777 0.433331 0.336724 0.300850 0.279743 0.242419 0.231929 0.222400 0.215465 0.226194 0.131566 
1.085657 0.581081 0.433548 0.333328 0.291477 0.285337 0.269843 0.225146 0.219748 0.219917 0.208464 0.132955 
1.086017 0.592189 0.426171 0.346106 0.295535 0.265068 0.246478 0.236193 0.226803 0.216537 0.220967 0.133272 
1.080610 0.589207 0.436542 0.347014 0.295085 0.262893 0.240241 0.233182 0.222712 0.218057 0.228574 0.132899 
