1.070089 0.586076 0.422463 0.346794 0.299690 0.269312 0.247015 0.235939 0.231172 0.221982 0.217031 0.132403 
1.071352 0.580869 0.421683 0.336103 0.301046 0.271292 0.250209 0.239330 0.233275 0.218781 0.217617 0.131885 
1.057928 0.583665 0.425498 0.335222 0.301032 0.266541 0.252061 0.237786 0.226618 0.227380 0.219473 0.131118 
1.072447 0.579054 0.422065 0.348331 0.303176 0.268681 0.241863 0.237430 0.229188 0.224576 0.218205 0.132119 
1.261985 0.499788 0.404441 0.230451 0.166434 0.280424 0.270114 0.200105 0.230298 0.258305 0.262131 0.131679 
2.149400 0.992009 0.459342 0.009400 -0.201090 -0.167905 0.083821 0.117486 0.108051 0.130541 0.074150 0.015424 
3.232939 0.419108 0.661962 0.081019 -0.892811 -0.182355 0.193420 0.022661 -0.084727 0.190659 0.080129 -0.167446 
2.694786 0.442451 0.786609 0.003810 -0.886103 -0.152547 0.137515 -0.053657 -0.041295 0.129069 0.000539 -0.143238 
2.742193 0.213832 0.542063 0.015420 -0.766346 0.051734 0.267042 -0.061252 -0.146807 0.035977 -0.103723 -0.114136 
3.090142 -0.171139 0.305294 0.203252 -0.554444 0.092107 0.299377 -0.191115 -0.429597 -0.054206 0.042180 -0.007338 
3.442045 -0.282966 0.257623 0.374424 -0.379983 0.051876 0.147963 -0.256939 -0.432734 -0.025241 0.197159 0.129215 
3.014006 0.414021 0.072980 0.297445 0.077629 0.165797 0.315160 -0.031858 -0.197076 0.028392 0.205141 0.083154 
2.153976 0.643495 0.426278 0.204984 0.078732 0.306476 0.224124 -0.321766 -0.240682 0.044672 0.098023 0.142159 
1.585725 0.891785 0.507875 0.293208 0.203500 0.178968 0.166619 0.123457 0.084684 0.084328 0.204915 0.146368 
1.089920 0.589460 0.417041 0.337478 0.298267 0.275893 0.243492 0.234825 0.221706 0.219532 0.224450 0.132887 
1.077228 0.589375 0.422255 0.343313 0.297277 0.275778 0.249019 0.233981 0.225218 0.220607 0.217077 0.132729 
1.065948 0.580635 0.427339 0.340808 0.306272 0.258115 0.255592 0.250288 0.214568 0.217842 0.223257 0.131758 
1.065567 0.585607 0.423822 0.344926 0.299287 0.270021 0.245212 0.237736 0.225403 0.226329 0.217533 0.131881 
1.067545 0.575712 0.426100 0.350458 0.290346 0.270588 0.251568 0.239362 0.231495 0.226672 0.211171 0.131926 
