1.076253 0.582731 0.421892 0.341689 0.298696 0.270519 0.252018 0.237859 0.229213 0.222328 0.218295 0.132720 
1.077644 0.581848 0.421832 0.343555 0.298123 0.270122 0.250993 0.238321 0.229886 0.221832 0.218046 0.132782 
1.077309 0.582412 0.421908 0.343406 0.297438 0.269947 0.251323 0.238480 0.228817 0.222705 0.218405 0.132771 
1.076374 0.584076 0.420767 0.342445 0.298046 0.268990 0.251301 0.238475 0.228889 0.223886 0.217998 0.132693 
1.078547 0.583269 0.422220 0.344578 0.298770 0.269486 0.250476 0.238729 0.228096 0.222445 0.217703 0.132964 
1.075902 0.583150 0.422119 0.342997 0.298150 0.270483 0.250990 0.238403 0.229854 0.222245 0.218394 0.132819 
1.174120 0.663361 0.477478 0.371605 0.302458 0.256846 0.229874 0.212577 0.205212 0.200790 0.201891 0.139432 
1.170322 0.659120 0.477410 0.372043 0.303248 0.259921 0.235328 0.213963 0.204136 0.202044 0.199907 0.139358 
1.165612 0.656827 0.475545 0.375032 0.308647 0.259898 0.231865 0.209036 0.199529 0.197317 0.204866 0.138186 
1.699856 1.579251 0.510305 0.186501 -0.407251 -0.335524 0.280341 -0.148314 0.130366 0.092462 0.232785 -0.056428 
1.322285 1.492714 0.123560 -0.114171 -0.646351 -0.222454 0.328457 -0.059799 0.194459 0.132249 0.113285 -0.144701 
1.315537 1.246323 -0.236734 -0.209015 -0.506418 0.191776 0.220115 0.056276 0.194404 -0.019951 0.086142 -0.001964 
1.477238 0.914558 -0.433865 -0.075438 -0.450368 0.267310 0.266409 0.021989 0.109926 -0.027588 0.146213 0.017018 
1.688482 0.685804 -0.421855 0.080223 0.030387 0.165340 0.116211 0.009714 0.020313 0.116681 0.294103 0.196388 
1.838675 0.379530 -0.210360 0.371674 0.072942 0.066496 -0.053150 -0.186606 0.270652 0.175885 0.188356 -0.053642 
1.467266 0.526455 0.171534 0.385090 0.013361 0.232255 0.100953 0.024683 0.107031 -0.041387 0.119225 0.093075 
1.794869 0.277185 0.504124 0.364898 0.287048 0.268353 0.049616 0.236320 -0.010840 0.085094 0.094760 0.007868 
1.553762 0.567110 0.487302 0.369579 0.375026 0.323546 0.161310 0.199586 0.087030 0.108062 0.086146 0.076981 
1.211398 0.638407 0.462601 0.365260 0.297220 0.262778 0.230218 0.222212 0.200908 0.192696 0.205094 0.139397 
1.083407 0.583023 0.423220 0.345556 0.298974 0.271058 0.250398 0.237236 0.228542 0.222542 0.214602 0.133315 
1.076194 0.581741 0.421285 0.343423 0.299020 0.270101 0.251440 0.237360 0.229039 0.223068 0.218284 0.132672 
1.077384 0.581685 0.421322 0.343135 0.298595 0.270576 0.251248 0.239458 0.228093 0.222032 0.218404 0.132759 
1.076348 0.582534 0.420062 0.344080 0.297955 0.270155 0.250250 0.239158 0.229644 0.223747 0.216935 0.132668 
1.076213 0.581199 0.421407 0.343373 0.298246 0.270314 0.251407 0.239451 0.229833 0.221796 0.217314 0.132649 
1.074642 0.583386 0.420869 0.342578 0.298129 0.269821 0.251816 0.238697 0.230040 0.221980 0.218213 0.132605 
