1.080182 0.582610 0.446831 0.317135 0.295528 0.279382 0.248313 0.246989 0.211714 0.199331 0.220998 0.130321 
1.002604 0.595007 0.458231 0.325106 0.290905 0.267950 0.223417 0.260630 0.199744 0.205767 0.249532 0.122429 
1.074947 0.584743 0.462421 0.358277 0.271743 0.272045 0.260216 0.201192 0.211522 0.245181 0.196603 0.130458 
1.028966 0.554704 0.440105 0.327245 0.284398 0.280241 0.279354 0.203633 0.243683 0.194555 0.237884 0.126266 
0.815836 0.034347 0.398432 0.596277 0.144012 0.310462 0.160038 0.280433 0.302200 0.051307 0.156447 0.156802 
0.450867 0.218390 0.443741 0.500081 0.199759 0.309188 0.257028 0.250859 0.280048 0.218703 0.003009 0.136759 
1.467973 0.268427 0.534127 0.618216 0.121326 -0.079545 0.028875 -0.026047 0.111449 -0.099493 -0.110454 0.029159 
1.458444 -0.232121 0.934228 0.841824 -0.052843 -0.177381 -0.145439 -0.119469 -0.043412 -0.213909 -0.264007 -0.030986 
0.909455 -0.009287 0.920624 0.763337 -0.139029 -0.055789 -0.176549 -0.012799 -0.049448 -0.358124 -0.178405 0.117680 
1.026780 0.204488 1.068395 0.873340 -0.097665 -0.038006 -0.155853 0.007713 -0.119053 -0.342568 -0.083585 0.007074 
1.200053 0.232734 1.351797 0.715300 0.068837 -0.054852 -0.033324 -0.092704 -0.038032 -0.347498 -0.172339 0.028927 
1.917181 0.161433 1.572085 0.690410 -0.210226 -0.061384 -0.166587 0.117699 -0.177385 -0.384351 0.028760 0.022289 
1.938153 1.273388 0.971995 0.582602 0.257744 0.109263 0.038155 -0.031678 -0.056316 -0.090138 -0.091526 -0.084188 
1.571458 0.971997 0.834906 0.594264 0.328019 0.199638 0.125630 0.003423 -0.048238 -0.096651 0.001603 -0.064539 
1.144935 0.689254 0.554234 0.453722 0.303308 0.247592 0.227221 0.203696 0.124225 0.133287 0.194484 0.115476 
1.020144 0.571414 0.505435 0.367497 0.305316 0.249962 0.253456 0.233741 0.260437 0.189842 0.154125 0.136879 
1.016050 0.552816 0.470498 0.355389 0.269161 0.296514 0.256319 0.210750 0.253238 0.215806 0.184741 0.130333 
1.000100 0.588843 0.449539 0.343994 0.309281 0.254307 0.241036 0.235767 0.235134 0.220436 0.200470 0.128226 
0.979233 0.648832 0.456172 0.298347 0.354084 0.245990 0.264828 0.213177 0.219002 0.224448 0.198703 0.132446 
1.006825 0.596882 0.449123 0.336734 0.278878 0.297749 0.222824 0.243278 0.226729 0.217057 0.211287 0.128574 
1.023037 0.579546 0.426672 0.341849 0.288959 0.276178 0.271373 0.222743 0.217072 0.230017 0.215191 0.127589 
