1.076392 0.582010 0.421108 0.343277 0.298069 0.270355 0.251374 0.238314 0.228883 0.222801 0.218318 0.132667 
1.076354 0.583282 0.420881 0.343467 0.298925 0.269633 0.251767 0.237595 0.229479 0.222566 0.218013 0.132760 
1.076911 0.583000 0.420588 0.342818 0.297849 0.269873 0.250930 0.238608 0.228971 0.223498 0.218279 0.132697 
1.076830 0.581757 0.421369 0.342592 0.297855 0.270396 0.251109 0.238704 0.229261 0.223227 0.217742 0.132661 
1.077950 0.583607 0.422857 0.343169 0.298093 0.270093 0.249346 0.237991 0.228741 0.221986 0.218418 0.132785 
1.098756 0.584709 0.432993 0.353035 0.295268 0.256998 0.242999 0.244098 0.226767 0.211558 0.222212 0.134460 
1.146771 0.571950 0.469492 0.365568 0.287527 0.241627 0.212581 0.250961 0.207345 0.170538 0.260033 0.139454 
1.448158 0.051533 -0.048996 0.163321 0.290403 -0.023015 0.030336 0.004020 0.099039 0.182132 0.330321 0.183279 
1.197288 0.055897 -0.386129 -0.077913 0.226307 0.259849 0.077903 -0.056014 0.176425 0.168398 0.290366 0.090282 
1.273793 -0.303704 -0.163044 -0.161422 0.200986 0.216897 0.133837 0.053480 0.118603 0.165901 0.175276 0.106297 
1.172080 -0.414797 -0.095481 -0.105149 0.271916 0.110243 0.115607 0.015532 0.146979 0.212585 0.180818 0.110003 
1.025107 -0.458741 0.001173 0.049527 0.208390 0.061429 -0.157263 0.024883 0.276888 0.252683 0.146072 0.078613 
0.837126 -0.388477 0.515579 0.193614 -0.092684 -0.154302 -0.065307 0.060419 0.169855 0.094041 0.069999 0.290455 
0.870508 -0.331239 0.515596 0.473063 -0.288425 -0.016750 0.031736 -0.088879 0.103587 0.169549 0.158881 0.167756 
1.325238 -0.077484 0.717331 0.383466 -0.264557 0.100163 0.159164 0.017184 0.108337 0.102143 0.122921 0.152841 
1.634169 0.161376 0.610407 0.484959 0.224793 -0.033700 0.075679 0.143554 0.102513 0.024927 0.012853 0.084444 
1.130458 0.584484 0.460823 0.372989 0.287295 0.267070 0.241261 0.213348 0.217533 0.211107 0.209629 0.135099 
1.080146 0.583902 0.424244 0.347492 0.298474 0.267911 0.250691 0.237285 0.227366 0.222135 0.217144 0.133175 
1.077275 0.582909 0.423409 0.343312 0.298187 0.269706 0.252276 0.237603 0.228901 0.222760 0.217109 0.132893 
1.076461 0.582158 0.422124 0.343130 0.297278 0.270193 0.251419 0.238142 0.229769 0.222252 0.218475 0.132708 
1.076216 0.583726 0.420141 0.344339 0.297956 0.270566 0.250644 0.237953 0.229209 0.223103 0.217894 0.132741 
1.076382 0.582693 0.422152 0.342734 0.298241 0.269940 0.250685 0.238152 0.229477 0.222940 0.218174 0.132723 
