1.071911 0.577348 0.426612 0.344312 0.302430 0.266652 0.256172 0.234867 0.226720 0.224432 0.214060 0.132279 
1.071287 0.566831 0.435882 0.347133 0.284738 0.276294 0.240977 0.240404 0.239813 0.213553 0.218282 0.131832 
1.077734 0.587838 0.419439 0.347643 0.302130 0.266010 0.251838 0.229141 0.230041 0.222027 0.217231 0.132672 
1.071749 0.579404 0.425884 0.346388 0.294293 0.265839 0.244911 0.240286 0.228410 0.225962 0.217922 0.131850 
1.005014 0.614661 0.411490 0.360798 0.281295 0.296563 0.234332 0.243233 0.215115 0.236540 0.205722 0.130963 
0.892892 0.810121 0.347809 0.530869 0.267128 0.313330 0.238040 0.150288 0.190239 0.166903 0.223063 0.103280 
0.936907 0.496119 0.578854 0.699217 0.203108 0.363084 0.256175 0.011418 0.246051 0.183448 0.101344 0.062474 
1.436467 -0.032085 0.995486 0.964309 -0.145168 0.030490 0.048684 -0.140936 0.019601 0.029897 -0.172015 -0.061591 
0.975772 0.175651 1.054245 0.864049 -0.061153 -0.082145 0.037860 -0.169466 0.135462 -0.116639 -0.228574 -0.001110 
1.072284 0.174989 0.852108 0.970305 -0.085717 -0.011068 -0.002131 -0.259576 0.058787 -0.136949 -0.195175 -0.157290 
1.636106 0.018800 0.513505 0.415182 0.129445 0.217161 0.034198 -0.287111 -0.105005 -0.082326 -0.051503 0.009382 
2.826406 -0.189255 0.989199 -0.171667 -0.107528 -0.071850 0.031809 0.204062 -0.340260 -0.228104 -0.010371 -0.170182 
3.776764 0.050275 0.362198 0.215619 -0.490333 -0.227858 0.239208 0.082789 -0.145916 0.010379 0.057868 -0.131443 
3.270655 1.047405 0.224135 -0.119194 -0.471076 -0.309882 0.219770 0.208925 -0.088493 0.009162 0.028161 -0.059295 
2.638532 1.195738 0.236977 -0.217500 -0.257485 -0.018961 0.168595 0.115671 0.002879 0.047749 -0.062739 -0.019544 
1.461614 0.793995 0.478759 0.259548 0.147424 0.142764 0.169547 0.163806 0.147543 0.162477 0.218727 0.148930 
1.108195 0.599913 0.425567 0.329789 0.281210 0.263539 0.253585 0.245910 0.234832 0.211521 0.210907 0.133314 
1.080693 0.589133 0.426399 0.339587 0.292254 0.263090 0.246063 0.226663 0.237846 0.227940 0.216371 0.132400 
1.078813 0.587984 0.427170 0.346657 0.291515 0.266030 0.255053 0.225280 0.236949 0.217716 0.219741 0.132804 
1.075583 0.579274 0.417075 0.337072 0.304801 0.268723 0.258149 0.236358 0.228816 0.217828 0.217303 0.131937 
1.091131 0.583470 0.420453 0.335781 0.298702 0.274024 0.241598 0.230847 0.229143 0.222661 0.221334 0.132597 
1.074743 0.584039 0.425656 0.338915 0.302324 0.274536 0.247593 0.235466 0.227946 0.224741 0.210763 0.132400 
