1.074037 0.575617 0.423389 0.344393 0.300726 0.266350 0.253172 0.240104 0.228348 0.220952 0.219081 0.132294 
1.069302 0.559489 0.422403 0.358752 0.301840 0.265243 0.240909 0.239989 0.240205 0.228249 0.207909 0.131273 
1.066510 0.555342 0.392094 0.334200 0.328493 0.281252 0.248701 0.233718 0.201326 0.234807 0.232867 0.129278 
1.084949 0.505521 0.356117 0.372557 0.351262 0.256770 0.222994 0.244284 0.225961 0.245965 0.215086 0.123804 
1.131319 0.441298 0.256630 0.332577 0.392289 0.317170 0.253305 0.148806 0.176119 0.272252 0.302607 0.126161 
1.091621 0.382288 0.304189 0.374358 0.411289 0.294533 0.218260 0.183957 0.233977 0.285231 0.215660 0.101498 
1.637863 0.025768 0.813623 0.479953 0.120181 0.142969 -0.032730 -0.216399 0.160247 0.180440 -0.158571 -0.022740 
1.704261 -0.433985 0.637214 0.614356 -0.066004 -0.079037 -0.130419 -0.167389 0.147390 0.046613 -0.132119 0.088787 
1.657079 -0.507544 0.457365 0.653352 -0.056132 -0.216638 -0.216306 -0.071594 0.034351 0.047615 0.021766 0.072887 
2.345018 -0.352681 0.034710 0.481862 0.103949 -0.002591 0.025481 -0.151543 -0.187147 -0.006904 0.168670 0.158599 
2.678831 -0.121289 0.021747 0.652154 0.102478 -0.200012 0.090562 0.100648 0.050451 0.037940 0.093192 0.021828 
2.992311 -0.202067 -0.388596 0.152943 -0.124296 0.050119 0.309478 0.072846 -0.062894 0.143798 0.330274 0.197717 
2.264346 0.075870 -0.162355 0.194314 -0.018210 0.087393 0.122547 -0.015763 0.166616 0.245089 0.294385 0.187220 
2.876608 -0.006924 -0.015852 0.630375 0.159823 -0.074403 0.207074 0.195889 0.143412 0.162009 0.254974 0.129020 
2.308465 0.662003 0.082464 0.254948 0.349177 0.097187 -0.048567 0.048040 0.147797 0.168285 0.085018 0.035131 
1.427968 0.770831 0.476951 0.305436 0.263459 0.215515 0.167453 0.137942 0.122631 0.176873 0.237366 0.159652 
1.080067 0.584701 0.423838 0.345537 0.297310 0.271240 0.253323 0.235819 0.222936 0.220776 0.219704 0.133033 
1.078945 0.586809 0.424714 0.345036 0.300327 0.272113 0.251343 0.236783 0.224592 0.220585 0.216467 0.133256 
1.073463 0.581153 0.426200 0.342550 0.295097 0.273706 0.249562 0.236493 0.229504 0.222417 0.218679 0.132510 
1.073214 0.582959 0.420712 0.342733 0.298893 0.267368 0.250910 0.241356 0.227745 0.223276 0.218541 0.132393 
1.074772 0.582101 0.424449 0.344102 0.298798 0.269555 0.252847 0.236244 0.229541 0.221677 0.217345 0.132734 
