1.074922 0.580849 0.423433 0.340780 0.305085 0.273497 0.246306 0.222558 0.229365 0.228349 0.216357 0.131889 
1.084747 0.588927 0.413434 0.341656 0.284927 0.251172 0.246457 0.233177 0.224660 0.241166 0.225922 0.131687 
1.062741 0.597139 0.417426 0.347385 0.299366 0.266632 0.252303 0.225425 0.227467 0.229668 0.216429 0.132018 
1.134796 0.318601 0.473010 0.315072 0.217694 0.312284 0.208857 0.161165 0.263616 0.306408 0.230209 0.100359 
1.184688 0.425082 0.338309 0.258615 0.195889 0.227831 0.278380 0.218273 0.300987 0.347101 0.229543 0.090771 
2.462938 1.467155 0.529821 -0.209637 -0.243160 -0.215358 0.158492 -0.051005 0.245207 0.107772 0.024570 -0.000952 
2.596373 0.977584 0.455038 0.114396 -0.749261 -0.283082 0.193527 -0.211989 0.123996 0.106720 0.040622 -0.220146 
2.582607 0.852806 0.427621 0.124013 -0.816087 -0.101275 0.157220 -0.079820 0.042216 0.235094 -0.028532 -0.179759 
2.751495 0.809792 0.363657 -0.024543 -0.715563 -0.175694 0.167972 -0.047889 -0.095278 0.149646 -0.015715 -0.199799 
2.676874 0.613924 0.295176 -0.098784 -0.570366 -0.058508 0.227596 -0.074592 -0.095142 0.089485 -0.069451 -0.159817 
3.311131 0.190898 0.294273 0.195292 -0.446483 0.076283 0.228425 -0.167801 -0.317342 0.040855 0.045026 -0.090301 
2.786456 0.193949 0.169923 0.153760 -0.016329 -0.026919 0.116891 -0.045508 -0.295099 -0.029061 0.171653 0.044671 
2.660797 0.339971 0.460204 0.250848 0.337922 -0.068200 0.396518 -0.205830 -0.273758 0.147093 0.074200 0.097403 
1.685622 0.059707 0.674933 0.278231 0.270877 0.103412 0.347105 -0.441801 -0.061628 0.149918 0.074662 0.259153 
1.158412 0.417899 0.353579 0.460033 0.421482 0.241829 0.220149 0.175432 0.169592 0.246932 0.246514 0.121323 
1.099673 0.590171 0.422531 0.358853 0.306048 0.268132 0.241923 0.211211 0.207274 0.216693 0.237872 0.133396 
1.081481 0.577102 0.436071 0.344028 0.302318 0.263337 0.258917 0.228956 0.211087 0.215145 0.229567 0.132318 
1.075744 0.593301 0.441965 0.341283 0.302477 0.256612 0.238021 0.227231 0.221528 0.233196 0.219004 0.132685 
1.065370 0.591841 0.442147 0.341826 0.293399 0.276231 0.248453 0.227448 0.229369 0.231625 0.203439 0.133119 
1.065143 0.579689 0.422616 0.345373 0.302870 0.263973 0.244568 0.239837 0.219087 0.232048 0.218567 0.131140 
