1.045191 0.577419 0.425174 0.331910 0.299213 0.270114 0.242778 0.248013 0.240144 0.222645 0.209243 0.129562 
1.018152 0.597539 0.420471 0.348895 0.278710 0.285368 0.236084 0.253634 0.225000 0.221831 0.218125 0.129106 
1.043421 0.583869 0.423491 0.348869 0.291984 0.259239 0.269743 0.219462 0.233615 0.226342 0.216345 0.129631 
1.030803 0.582666 0.430422 0.342333 0.287208 0.282097 0.235928 0.254879 0.222853 0.223250 0.216267 0.129335 
1.050908 0.582387 0.437627 0.334470 0.287927 0.276532 0.247631 0.240713 0.229574 0.223334 0.212917 0.130602 
1.182021 0.356677 0.419238 0.413331 0.241938 0.361727 0.189136 0.174096 0.156059 0.186011 0.256061 0.132214 
1.757675 0.614788 0.032742 -0.017399 0.186898 -0.305078 0.124610 0.036042 -0.096636 -0.460255 -0.176341 0.057762 
2.002499 0.806686 0.556298 -0.288162 -0.141103 -0.607845 0.232590 0.142678 -0.088993 -0.106108 -0.115916 -0.030633 
2.245569 1.012350 0.530133 -0.063463 -0.238442 -0.668173 0.321469 0.086174 -0.164410 -0.077054 -0.053187 -0.057042 
2.279959 0.879771 0.484270 -0.122447 -0.075828 -0.750422 0.309779 0.233921 -0.184190 0.014077 -0.143091 0.034603 
2.692972 0.559796 0.793991 0.043747 -0.085855 -0.653845 0.339487 0.222145 -0.180310 0.108371 -0.065024 -0.020102 
2.501884 1.063091 0.606951 0.268495 -0.264056 -0.302305 0.170712 0.221192 -0.110260 -0.164791 -0.058167 -0.192263 
2.222748 1.111711 0.542980 0.144989 -0.151127 -0.066669 0.188183 0.123499 -0.092809 -0.081104 -0.149175 -0.220169 
2.450100 1.431260 0.659720 0.133973 -0.066910 -0.011284 0.150822 0.223907 0.128897 -0.049610 -0.072032 -0.192262 
2.314587 1.325046 0.627681 0.190084 0.023847 0.125770 0.270296 0.278917 0.169499 0.011274 -0.032560 -0.119520 
1.846540 1.220507 0.815249 0.494143 0.305413 0.263310 0.180452 0.079849 -0.011635 -0.083915 0.009833 -0.039471 
1.075602 0.596633 0.454631 0.345028 0.298993 0.280632 0.232681 0.225212 0.220138 0.215009 0.214347 0.133110 
1.066329 0.570991 0.447365 0.347141 0.279564 0.246466 0.248808 0.241711 0.212461 0.232374 0.228756 0.129769 
1.056945 0.563007 0.424956 0.328513 0.299418 0.268707 0.249434 0.245909 0.227575 0.200388 0.239644 0.128431 
1.020250 0.609470 0.419485 0.333216 0.303058 0.254992 0.259674 0.225436 0.227035 0.233509 0.215972 0.129158 
1.034479 0.580287 0.451619 0.340021 0.286628 0.270060 0.252004 0.222024 0.245177 0.215449 0.217729 0.130254 
