1.075110 0.581215 0.424633 0.345224 0.297677 0.270036 0.249969 0.239884 0.227162 0.222558 0.217336 0.132676 
1.069219 0.579586 0.423757 0.342761 0.296258 0.269828 0.251835 0.237017 0.232759 0.217816 0.221363 0.131919 
1.044614 0.558150 0.445112 0.353668 0.276674 0.283735 0.255944 0.222708 0.248213 0.228815 0.201232 0.130760 
1.043333 0.496765 0.372731 0.360701 0.317614 0.285656 0.223767 0.272488 0.249365 0.258763 0.155050 0.121114 
1.091271 0.430242 0.361299 0.332788 0.257951 0.396917 0.309899 0.200560 0.242875 0.239336 0.143188 0.122682 
1.003731 0.321181 0.410677 0.344505 0.246860 0.430561 0.216123 0.178280 0.242611 0.368346 0.113682 0.091353 
2.007204 -0.270116 0.788143 0.533379 -0.080288 0.153547 -0.148453 -0.198002 0.125657 0.086187 -0.180292 -0.025626 
1.559574 -0.417371 0.709766 0.450386 -0.137857 -0.002992 -0.162747 -0.259410 0.103997 0.090291 -0.066851 0.085292 
1.846939 -0.338221 0.280122 0.497449 0.099939 -0.106398 0.062897 -0.308968 -0.084392 0.016484 0.042838 0.107143 
2.554515 -0.367857 0.580199 0.593830 -0.128632 0.203979 -0.028789 -0.144243 0.011308 0.101392 0.013439 0.074909 
2.589869 -0.160836 0.031675 -0.011478 -0.021642 -0.045349 0.341736 -0.061834 -0.174119 0.113027 0.225372 0.208656 
2.112460 -0.006338 0.063412 0.001072 0.093004 0.087616 0.107120 -0.190798 0.179244 0.255041 0.227264 0.223947 
2.386919 0.201264 -0.029234 0.631493 0.030250 -0.074929 0.254744 -0.093543 0.229783 0.171568 0.260923 -0.046237 
2.532577 0.544254 -0.014361 0.369640 0.421509 0.064595 -0.103388 0.027791 0.130925 0.176007 0.053228 0.004638 
1.825876 0.980314 0.557026 0.261535 0.207324 0.080907 0.014802 0.094665 0.105134 0.119949 0.109585 0.104791 
1.085201 0.584672 0.425768 0.346313 0.297409 0.271007 0.250216 0.238737 0.225784 0.219073 0.215815 0.133437 
1.073343 0.585235 0.417650 0.341771 0.301796 0.271722 0.252587 0.235798 0.228478 0.223462 0.215397 0.132408 
1.065287 0.584357 0.417848 0.350178 0.289344 0.277740 0.253840 0.234802 0.226341 0.228449 0.213980 0.132006 
1.069660 0.585673 0.414352 0.348628 0.293276 0.279512 0.248496 0.240508 0.226510 0.225183 0.213543 0.132368 
1.075185 0.580792 0.424351 0.344974 0.296083 0.270466 0.251006 0.237161 0.227873 0.224080 0.217466 0.132545 
