1.077083 0.582468 0.421999 0.343712 0.297942 0.269424 0.251756 0.238686 0.228291 0.223028 0.217955 0.132792 
1.078092 0.582581 0.422071 0.343059 0.298037 0.270358 0.250701 0.237842 0.228938 0.223408 0.217876 0.132841 
1.077257 0.582344 0.421496 0.342608 0.298222 0.269791 0.251775 0.237594 0.228787 0.223360 0.218176 0.132708 
1.076937 0.581986 0.420988 0.343526 0.298494 0.269282 0.251819 0.238204 0.228881 0.222609 0.218609 0.132702 
1.082681 0.584288 0.428210 0.346309 0.297977 0.270038 0.249827 0.236432 0.228602 0.217223 0.217818 0.133402 
1.107518 0.537644 0.489726 0.367739 0.273084 0.280153 0.231216 0.217741 0.224058 0.199549 0.232413 0.134923 
1.438464 0.092189 0.128344 0.504713 0.133736 0.331599 0.047017 -0.064998 0.147702 -0.019477 0.305703 0.254256 
1.460812 -0.147138 -0.248166 0.116181 -0.034152 -0.002325 0.072686 -0.013786 0.083244 0.204951 0.333223 0.230705 
1.416962 -0.346042 0.011336 -0.489440 0.316915 0.109198 -0.025486 -0.104977 0.218466 0.270764 0.197628 0.346698 
1.482129 -0.411585 0.128180 -0.386297 0.293679 0.024727 0.026564 -0.107646 0.230234 0.322358 0.102124 0.311744 
1.346153 -0.582469 0.208070 0.088427 0.124457 -0.145549 -0.062998 -0.127226 0.307810 0.365719 0.141060 0.166547 
1.117590 -0.584334 0.581381 0.341902 0.066457 -0.391829 -0.072529 0.136771 0.156289 0.171084 0.182265 0.205810 
1.065836 -0.049933 0.955352 0.413475 -0.237188 -0.039990 0.073045 -0.005531 -0.017845 0.051935 0.011897 0.111891 
1.182242 0.080470 0.895250 0.643046 -0.150716 0.239082 0.021612 -0.040420 0.107168 0.123969 -0.052935 0.094255 
1.737428 0.254530 0.730344 0.654668 -0.054877 0.122200 0.197021 -0.015532 0.131545 0.074672 0.010507 0.083265 
1.466504 0.728343 0.659121 0.459817 0.193271 0.188577 0.175095 0.113448 0.205621 0.196692 0.056473 0.097595 
1.121399 0.613531 0.453345 0.368686 0.303749 0.265081 0.246691 0.226088 0.208107 0.204746 0.205522 0.136127 
1.081905 0.585321 0.424397 0.345971 0.298947 0.267877 0.250023 0.237573 0.226842 0.221265 0.218150 0.133294 
1.076344 0.582537 0.421116 0.344289 0.299021 0.269887 0.249960 0.237818 0.229735 0.222932 0.218190 0.132745 
1.076701 0.583486 0.420525 0.343151 0.298897 0.269494 0.250740 0.238449 0.229020 0.223293 0.218109 0.132747 
1.076662 0.583086 0.421451 0.343022 0.297731 0.270752 0.251552 0.238527 0.228346 0.222947 0.218095 0.132777 
1.076242 0.582163 0.421109 0.343466 0.297383 0.269805 0.251742 0.237526 0.230881 0.222141 0.218471 0.132664 
