1.078111 0.584085 0.426288 0.345105 0.298842 0.270970 0.251175 0.234596 0.227338 0.220879 0.217390 0.133008 
1.076773 0.586186 0.422590 0.342988 0.298144 0.268679 0.248154 0.235018 0.229744 0.224368 0.218855 0.132718 
1.075775 0.586920 0.421813 0.346475 0.299108 0.268874 0.243939 0.238308 0.227212 0.225508 0.217375 0.132717 
1.074999 0.479395 0.460190 0.335202 0.243593 0.303696 0.264540 0.193358 0.236437 0.261691 0.214438 0.121794 
1.138922 0.508358 0.354522 0.255269 0.213276 0.273294 0.295585 0.269546 0.271974 0.250961 0.216763 0.110847 
2.673535 1.120943 0.520283 -0.062622 -0.378639 -0.241951 0.316750 0.067916 -0.005695 0.241127 0.078522 -0.070606 
2.662104 0.826701 0.373101 0.208902 -0.687602 -0.226533 0.217994 -0.046373 0.025527 0.131887 0.071040 -0.171833 
2.603089 0.691087 0.351393 0.096909 -0.604670 -0.161678 0.279290 -0.117987 -0.037511 0.089160 -0.017168 -0.200682 
2.748207 0.647545 0.263024 -0.040319 -0.625795 -0.135724 0.283044 0.003289 -0.156504 0.078296 -0.009151 -0.188851 
2.790968 0.560084 0.096758 0.073135 -0.345707 -0.138523 0.390805 -0.262750 -0.061132 0.000195 0.006238 -0.160943 
2.910941 0.148004 0.314067 0.122345 -0.156773 0.123455 0.326098 -0.087790 -0.273386 0.038338 0.128823 -0.012355 
2.258035 0.306438 0.208459 0.314613 0.263888 -0.048422 0.177887 -0.110720 -0.255974 -0.138254 0.123666 0.217306 
1.538012 0.358920 0.743939 0.225423 0.769490 -0.223774 -0.022420 0.180558 -0.215204 0.085889 0.127004 0.142323 
1.042261 -0.236119 0.828620 0.258737 0.519292 -0.024981 0.132905 -0.101889 -0.038710 0.293064 0.039010 0.067875 
1.095142 0.562242 0.396414 0.337722 0.321945 0.297792 0.258225 0.211146 0.196253 0.222243 0.239079 0.133402 
1.078003 0.570641 0.411907 0.338630 0.307326 0.281133 0.251783 0.229253 0.222664 0.226741 0.221468 0.131800 
1.074085 0.579138 0.421712 0.340593 0.303235 0.274271 0.248015 0.238961 0.228604 0.220370 0.218247 0.132374 
1.069569 0.578543 0.426264 0.340363 0.301275 0.270436 0.248682 0.238816 0.225527 0.226466 0.218215 0.132051 
1.073348 0.586890 0.420034 0.346408 0.297437 0.269135 0.248485 0.238037 0.227264 0.224536 0.217702 0.132551 
