1.075943 0.583063 0.421210 0.343891 0.298691 0.268175 0.250995 0.237730 0.229130 0.225423 0.216343 0.132648 
1.073406 0.581731 0.421168 0.342677 0.299420 0.268794 0.252508 0.238296 0.229811 0.222449 0.217989 0.132449 
1.075626 0.582017 0.423065 0.344270 0.299818 0.268472 0.249149 0.237897 0.229074 0.222724 0.218870 0.132671 
1.076037 0.582783 0.421192 0.342765 0.296809 0.270460 0.251327 0.236306 0.228183 0.224051 0.217796 0.132399 
1.121092 0.631045 0.451611 0.378589 0.315441 0.254965 0.247721 0.210740 0.200122 0.209915 0.210550 0.136741 
1.124692 0.641259 0.436304 0.377602 0.313413 0.278448 0.229244 0.212090 0.205342 0.211999 0.203416 0.136720 
1.155910 0.612651 0.464166 0.394859 0.344313 0.268992 0.222618 0.202375 0.199252 0.206068 0.184862 0.133588 
1.108900 0.341044 0.877016 0.676962 0.192946 0.161258 0.106484 -0.016765 0.070687 0.068958 -0.036702 -0.012446 
1.486560 0.064511 1.147010 0.596474 0.141129 -0.018281 -0.001952 -0.091165 0.055783 0.006553 -0.233617 -0.036527 
1.418313 -0.073627 0.987735 0.693478 0.125954 -0.113651 0.101836 -0.218799 0.010322 0.034432 -0.183174 -0.079244 
1.524919 0.003074 0.843002 0.750607 0.105840 0.043882 0.027566 -0.314928 -0.039321 0.043325 -0.145497 -0.186148 
1.799885 0.146726 0.772521 0.582716 0.403129 0.087137 0.068192 -0.116797 -0.013577 0.106294 -0.018082 -0.089612 
2.568354 0.200218 0.332954 0.061189 0.117482 0.048438 0.062547 0.064099 -0.244968 -0.270410 -0.011695 0.118611 
3.372942 0.439101 0.196395 0.267080 -0.234722 -0.257463 0.272910 0.149853 -0.043425 -0.001816 0.110661 -0.015887 
2.625987 1.125480 0.212098 -0.146981 -0.109734 0.097873 0.238050 0.167585 0.047927 0.030068 -0.074298 -0.057446 
1.360289 0.734230 0.432415 0.261182 0.190238 0.187923 0.206114 0.205870 0.197830 0.198576 0.238497 0.150460 
1.084567 0.583217 0.421478 0.344065 0.298211 0.268946 0.252404 0.238722 0.227012 0.221456 0.217631 0.133247 
1.077005 0.586758 0.421554 0.345827 0.299180 0.271544 0.249678 0.239000 0.226102 0.222511 0.217020 0.133137 
1.075639 0.582030 0.420070 0.344040 0.299801 0.270983 0.251873 0.236039 0.229028 0.224374 0.216302 0.132620 
1.075568 0.584641 0.421317 0.344397 0.297591 0.270267 0.249984 0.238841 0.228884 0.223026 0.217029 0.132736 
1.075968 0.585042 0.423274 0.343094 0.298146 0.270755 0.249034 0.236797 0.226401 0.224799 0.218421 0.132740 
