1.076915 0.581790 0.421136 0.343034 0.299433 0.269926 0.250841 0.238877 0.229812 0.221900 0.217889 0.132727 
1.076170 0.582882 0.421635 0.343218 0.298459 0.269965 0.251312 0.238855 0.228424 0.222645 0.218157 0.132740 
1.077200 0.581762 0.421174 0.342891 0.298699 0.270573 0.251011 0.238736 0.229096 0.222627 0.217936 0.132738 
1.076822 0.581862 0.422207 0.342994 0.298326 0.270389 0.251399 0.238538 0.228603 0.222065 0.218615 0.132747 
1.076807 0.582119 0.421976 0.342877 0.298439 0.269958 0.251476 0.238732 0.229562 0.222184 0.217819 0.132761 
1.076259 0.582666 0.421015 0.342667 0.298981 0.269714 0.251227 0.239115 0.229241 0.222015 0.218498 0.132709 
1.076304 0.582566 0.419519 0.340383 0.296844 0.268687 0.250498 0.240170 0.232697 0.224738 0.216391 0.132461 
1.398322 0.806890 0.552092 0.375780 0.265805 0.207137 0.177614 0.145401 0.117075 0.126766 0.136850 0.106404 
2.517013 1.404063 0.575908 0.045770 -0.160165 -0.054183 0.142201 0.151726 0.145244 0.124028 0.052480 -0.009926 
3.272339 1.502689 0.144221 -0.309028 -0.433627 -0.034477 0.203993 0.069885 0.214297 0.033146 -0.007089 -0.047646 
2.379447 1.859336 -0.233236 -0.237242 -0.612099 -0.185122 0.229386 -0.038325 0.346372 -0.072716 0.157680 -0.138089 
2.828719 1.192161 -0.405170 -0.571971 -0.319383 0.101012 0.370289 0.000961 0.275463 -0.138613 0.103652 0.022450 
3.013731 0.870821 -0.403155 -0.429125 0.020383 0.272928 0.165963 -0.058497 0.059348 0.087121 0.275211 0.235698 
2.908565 0.565456 -0.303245 0.029111 0.365585 0.175225 -0.107332 -0.091902 0.053095 0.277859 0.242241 0.073060 
1.758351 0.973333 0.528104 0.223886 0.069267 0.039838 0.067991 0.116462 0.146715 0.156475 0.127777 0.115816 
1.209711 0.659727 0.458386 0.352779 0.302961 0.280915 0.259229 0.224823 0.195892 0.180743 0.181762 0.136002 
1.113969 0.606077 0.438873 0.354322 0.303921 0.273483 0.252938 0.233202 0.218255 0.210102 0.205204 0.136626 
1.081930 0.584678 0.422644 0.344912 0.299877 0.272335 0.252031 0.237929 0.227496 0.219962 0.217480 0.133557 
1.077840 0.582596 0.421157 0.343689 0.298130 0.270285 0.250914 0.237321 0.230149 0.221582 0.219226 0.132831 
1.076784 0.581781 0.420914 0.343270 0.298313 0.269490 0.251578 0.238116 0.228745 0.222482 0.219195 0.132641 
1.077009 0.582197 0.420921 0.342566 0.298509 0.270285 0.250910 0.238598 0.229457 0.222617 0.218362 0.132709 
1.076203 0.582473 0.420805 0.342647 0.298976 0.269807 0.251498 0.238606 0.229047 0.222886 0.218101 0.132680 
