1.074402 0.584404 0.420823 0.343086 0.297155 0.271178 0.250536 0.237720 0.229102 0.222062 0.219573 0.132586 
1.075794 0.582835 0.420795 0.344214 0.298261 0.270301 0.252902 0.238288 0.229041 0.221760 0.217483 0.132746 
1.074679 0.583268 0.419945 0.343292 0.298072 0.271761 0.251432 0.237758 0.229028 0.223559 0.217301 0.132609 
1.075392 0.583379 0.420943 0.344147 0.297576 0.269568 0.251803 0.237253 0.229945 0.223189 0.217525 0.132655 
1.087262 0.581714 0.420362 0.337940 0.291614 0.266542 0.250829 0.237827 0.228682 0.226648 0.220136 0.132516 
1.071652 0.568062 0.423518 0.346154 0.286072 0.264816 0.270749 0.230881 0.219718 0.226043 0.226719 0.130808 
2.514750 0.187013 -0.125332 0.112607 -0.336570 -0.054827 0.453858 0.053485 0.003940 0.124008 0.269589 0.081674 
2.370147 -0.080122 -0.139304 -0.059961 -0.274235 0.006316 0.257343 -0.021796 -0.059998 0.225199 0.280545 0.129293 
2.438272 -0.489462 0.040266 0.120910 -0.157364 -0.001813 0.059072 -0.119062 -0.053686 0.250236 0.330504 0.190038 
2.375631 -0.499956 0.446792 0.354313 -0.058613 -0.315511 -0.131756 -0.009765 0.046705 0.221167 0.122731 -0.032515 
1.827464 -0.314907 1.056577 0.452904 0.171725 -0.239554 -0.046605 -0.002160 -0.109607 -0.027493 -0.076105 0.107062 
1.612589 -0.174948 1.016710 0.500639 0.202046 -0.095164 0.068206 0.079145 0.095229 0.127618 0.016740 0.107573 
1.919178 0.111486 0.869989 0.630869 0.262821 -0.181702 0.103636 -0.098773 -0.073642 0.122766 -0.037014 -0.042529 
1.880557 0.525470 0.694469 0.809611 0.351541 0.153711 0.138877 -0.020438 -0.041859 0.074309 0.132354 0.012561 
1.170444 0.582554 0.433332 0.419731 0.366061 0.242459 0.175365 0.203991 0.248534 0.223207 0.156457 0.126231 
1.077504 0.583792 0.423728 0.342158 0.297660 0.267989 0.250754 0.236103 0.229406 0.222435 0.219596 0.132683 
1.079037 0.581806 0.422351 0.343299 0.298423 0.271497 0.249077 0.236392 0.229530 0.223274 0.217301 0.132764 
1.076293 0.581189 0.421649 0.342528 0.298908 0.269887 0.253173 0.238574 0.227727 0.222006 0.218369 0.132624 
1.075342 0.582308 0.421319 0.343204 0.298210 0.270050 0.252900 0.237531 0.229843 0.222962 0.217217 0.132674 
