0.879323 0.696627 0.369085 0.303245 0.252051 0.155495 0.162440 0.228362 0.169450 0.168748 0.088993 0.103878 
0.746597 0.630502 0.444815 0.247417 0.302655 0.133174 0.265463 0.188631 0.121822 0.201704 0.126541 0.096598 
0.816958 0.426958 0.507404 0.258841 0.425837 0.087749 0.134580 0.181683 0.200772 0.193280 0.206374 0.069419 
0.836568 0.622447 0.485985 0.275152 0.411982 0.088128 -0.002060 0.193111 0.229099 0.181290 0.095984 0.083218 
0.831656 0.482125 0.435695 0.370569 0.289116 0.246198 0.245775 0.149513 0.134875 0.117521 0.203355 0.082962 
0.894681 0.433919 0.381260 0.365285 0.311555 0.231181 0.240930 0.189000 0.170796 0.128920 0.086498 0.106158 
0.570997 0.005129 0.318943 0.382902 0.009152 0.178663 0.150474 0.030476 0.037764 0.132702 -0.064517 0.152674 
0.015515 0.104585 0.316078 0.327866 0.126212 0.041503 0.203025 0.067638 0.046613 0.231845 0.037744 0.074504 
1.659927 0.038794 0.631175 0.819968 -0.036536 -0.180579 0.033018 -0.264732 0.042109 -0.196604 -0.192222 -0.052036 
1.378912 -0.013948 0.954297 0.811358 -0.046923 -0.307246 -0.007201 -0.209533 0.025958 -0.294158 -0.226521 0.083848 
1.029706 0.052429 1.103008 0.813698 -0.273525 -0.107221 -0.087463 -0.078309 -0.153685 -0.262040 -0.062224 0.021111 
0.983179 0.322482 1.097968 0.681310 -0.218855 -0.073145 -0.168152 -0.009013 -0.195492 -0.284435 -0.115788 0.033241 
1.597056 0.154546 1.238376 0.696240 -0.120687 0.126216 -0.143340 -0.008495 -0.101876 -0.309425 -0.094315 0.020462 
2.052125 -0.272169 1.433284 0.500312 -0.325419 -0.078777 -0.122392 -0.033293 -0.104112 -0.330876 -0.071807 0.018436 
1.831725 0.341912 1.778533 0.647975 -0.267613 0.099728 -0.087784 -0.026634 -0.144880 -0.274511 0.033005 0.041116 
1.611169 1.000585 0.831748 0.518004 0.268931 0.146541 0.020634 -0.057489 -0.102782 -0.116304 -0.027518 -0.086255 
0.966686 0.748754 0.869185 0.594691 0.197948 0.153021 0.099648 0.061390 -0.105214 -0.120895 0.067493 -0.092183 
0.923116 0.508952 0.496716 0.352604 0.222722 0.232516 0.219011 0.226067 0.163105 0.070310 0.123298 0.102891 
0.832527 0.489353 0.528104 0.378807 0.332687 0.164617 0.099854 0.307986 0.087780 0.073224 0.150865 0.087025 
0.850911 0.531736 0.585128 0.278756 0.223472 0.148450 0.169175 0.180579 0.213818 0.101993 0.129211 0.107758 
0.834043 0.568976 0.323101 0.273853 0.303706 0.170596 0.193883 0.252850 0.163749 0.191020 0.175113 0.081130 
0.915430 0.494769 0.423991 0.463431 0.263163 0.187929 0.278171 0.141457 0.112574 0.136887 0.100688 0.093488 
0.826537 0.558695 0.547415 0.272926 0.219650 0.182752 0.130011 0.205119 0.171752 0.154629 0.238440 0.076914 
