1.067448 0.580293 0.424929 0.347418 0.293794 0.272121 0.245729 0.240880 0.225874 0.224042 0.219563 0.131929 
1.073259 0.582324 0.428141 0.342720 0.299224 0.272116 0.244036 0.239829 0.229193 0.219370 0.219432 0.132569 
1.066851 0.587891 0.424929 0.342544 0.303150 0.265040 0.252355 0.240416 0.223288 0.223129 0.217894 0.132407 
1.074471 0.580715 0.428354 0.341956 0.298931 0.268390 0.247658 0.237791 0.230271 0.222728 0.217739 0.132524 
1.067976 0.586784 0.421230 0.345177 0.294539 0.270489 0.254173 0.236021 0.232795 0.219528 0.217521 0.132268 
1.068898 0.583214 0.423613 0.339766 0.299166 0.270605 0.252420 0.236894 0.229042 0.219263 0.221552 0.132091 
1.710634 0.481961 0.145524 0.155705 0.349737 -0.155823 0.155476 0.093133 -0.216682 -0.359142 -0.030192 0.199848 
2.233293 0.784363 0.531401 -0.195689 0.115245 -0.650551 0.123377 0.354071 -0.026590 -0.119085 -0.208570 0.052610 
2.087249 0.738663 0.739872 -0.144132 -0.013883 -0.480932 0.155616 0.212045 -0.204792 -0.020642 0.010577 0.005722 
2.391776 0.582392 0.946203 -0.106283 -0.028463 -0.504149 0.082376 0.313718 -0.187065 -0.093172 -0.012140 0.013585 
2.402347 0.772360 0.923324 0.007306 -0.054733 -0.516136 0.181955 0.353382 -0.142220 0.062753 0.085814 -0.052734 
2.263290 1.083626 0.900606 0.163929 0.017759 -0.472217 0.070126 0.295564 -0.225908 -0.009087 0.085819 -0.030897 
2.467468 1.183275 0.728089 0.385869 -0.079541 -0.169944 0.225003 0.344390 0.029846 -0.022470 0.066618 -0.053043 
2.311851 1.373183 0.693007 0.239186 0.064474 0.081827 0.181249 0.190972 0.109317 0.001555 0.001603 -0.060335 
1.850168 1.161366 0.751839 0.323921 0.206152 0.123026 0.144010 0.232337 0.166923 0.115861 0.070308 0.033484 
1.071793 0.591826 0.426312 0.341769 0.300610 0.267242 0.249289 0.236210 0.234450 0.215711 0.217075 0.132792 
1.064891 0.586273 0.428223 0.336858 0.303341 0.268906 0.248732 0.236243 0.229587 0.219868 0.221585 0.132078 
1.062692 0.588394 0.420795 0.342365 0.300521 0.269772 0.248535 0.240710 0.228136 0.220665 0.219776 0.131909 
1.065370 0.585026 0.428126 0.342513 0.297076 0.270951 0.249478 0.238499 0.230944 0.218337 0.219234 0.132228 
1.067570 0.578111 0.429197 0.341764 0.296739 0.273369 0.246452 0.239678 0.229253 0.218949 0.221683 0.131972 
1.072854 0.578567 0.427755 0.342778 0.295128 0.271567 0.248778 0.239022 0.228715 0.223167 0.218050 0.132293 
