1.071277 0.581547 0.422728 0.343062 0.296969 0.271898 0.251092 0.236384 0.234681 0.219654 0.217030 0.132316 
1.072623 0.585338 0.422184 0.342234 0.298605 0.268924 0.253729 0.235849 0.230789 0.220407 0.218789 0.132551 
1.073857 0.582251 0.423249 0.342612 0.297493 0.271979 0.250853 0.236113 0.230320 0.223032 0.217652 0.132555 
1.073450 0.584448 0.417573 0.343561 0.298368 0.270663 0.250709 0.240932 0.228715 0.222937 0.216714 0.132446 
1.076107 0.584074 0.422882 0.345170 0.298825 0.270933 0.249174 0.238053 0.228450 0.220706 0.218257 0.132827 
1.098607 0.604085 0.438960 0.361997 0.304641 0.270855 0.251697 0.237184 0.217134 0.214037 0.205986 0.136541 
1.100784 0.859066 0.390666 0.554839 0.273980 0.323315 0.184818 0.208105 0.187861 0.116537 0.167204 0.111416 
0.973897 0.755506 0.286970 0.445449 0.351355 0.389650 0.115617 0.250443 0.122277 0.266269 0.139072 0.151576 
1.077531 0.617355 0.328526 0.528602 0.432852 0.324377 0.130204 0.183000 0.191705 0.196117 0.154730 0.109645 
1.601075 0.377708 0.728460 1.258668 -0.184957 0.045778 -0.022058 0.085962 -0.128488 -0.093641 -0.139226 0.055417 
1.065087 0.459082 0.604266 1.288065 -0.263674 0.009246 -0.041942 0.081447 -0.046047 -0.066698 -0.138167 -0.031590 
1.277342 0.378334 0.504733 1.331675 -0.262991 0.040339 -0.125899 0.026654 -0.106236 -0.080264 -0.239022 -0.079931 
2.326584 -0.049118 0.277369 0.878176 0.296841 -0.071557 0.028707 -0.050369 -0.059350 -0.037445 0.015200 -0.065371 
3.030152 0.080224 0.025938 0.303966 -0.157766 -0.042310 0.224979 0.087108 -0.261661 -0.287323 -0.066363 0.050270 
3.264404 0.897153 0.209960 -0.097578 -0.583523 -0.265041 0.325580 0.091330 -0.155793 -0.025715 -0.010883 -0.184413 
3.087516 1.409195 0.186252 -0.408368 -0.420463 -0.126950 0.105240 0.122076 0.073608 0.010579 -0.115264 -0.110325 
3.244328 1.377230 0.079836 -0.398245 -0.258372 0.049531 0.187067 0.113594 0.092502 -0.076794 -0.115292 -0.090196 
3.111436 1.480969 0.238335 -0.375869 -0.320158 -0.028103 0.158567 0.149713 0.057295 -0.015374 -0.124765 -0.079695 
2.320280 1.182000 0.369289 -0.125917 -0.169417 0.034612 0.190821 0.107812 0.018828 -0.060222 -0.119937 -0.071761 
1.188444 0.668763 0.466907 0.355350 0.286898 0.246366 0.226720 0.207990 0.200597 0.201230 0.220276 0.140630 
1.077132 0.583152 0.421249 0.344762 0.294117 0.271985 0.253264 0.238394 0.229688 0.221399 0.215477 0.132660 
1.080081 0.588292 0.424667 0.343365 0.300551 0.268072 0.250378 0.238326 0.225849 0.220460 0.217454 0.133227 
1.074914 0.583669 0.421148 0.342624 0.298118 0.270106 0.251309 0.236566 0.230343 0.220716 0.219690 0.132517 
1.071686 0.585576 0.420024 0.343631 0.299459 0.269948 0.251111 0.238449 0.229625 0.220993 0.217824 0.132461 
