1.076502 0.582048 0.421529 0.343375 0.298338 0.269730 0.251044 0.238377 0.229648 0.222168 0.218566 0.132702 
1.076602 0.583079 0.421092 0.342844 0.298722 0.269791 0.251202 0.238190 0.229412 0.223014 0.217949 0.132752 
1.076658 0.582290 0.421767 0.342952 0.298878 0.269724 0.251569 0.238901 0.228360 0.222590 0.218356 0.132765 
1.076565 0.582880 0.421687 0.343493 0.299318 0.269164 0.251166 0.237811 0.229878 0.222688 0.217684 0.132794 
1.086675 0.591188 0.429650 0.348867 0.301378 0.271707 0.250581 0.235694 0.225247 0.218178 0.213685 0.134440 
1.160759 0.647924 0.499772 0.371400 0.303560 0.279639 0.223495 0.213163 0.213753 0.178035 0.205001 0.138587 
1.994974 0.338008 0.050163 0.535411 -0.043999 0.078044 -0.170858 0.079418 0.039339 0.344855 0.157101 0.124384 
1.897489 0.145841 -0.152521 0.212845 -0.174128 0.215405 -0.172662 0.044190 0.125340 0.289408 0.222466 0.251785 
1.878323 0.138079 -0.212264 -0.027969 -0.010847 0.004460 0.004849 0.060543 0.076235 0.279835 0.302073 0.166507 
1.657297 0.151225 -0.073357 0.067906 0.039819 0.021304 -0.114359 -0.015517 0.207201 0.337158 0.291532 0.096158 
1.818276 -0.059601 0.309816 0.384129 -0.177348 -0.016365 -0.151139 0.038871 0.287166 0.299548 0.141940 0.135313 
2.022410 0.030046 0.614374 0.526479 -0.132806 -0.067725 -0.112813 0.177614 0.041170 -0.028636 0.073059 0.153586 
1.808004 0.142382 0.715073 0.515132 -0.295766 0.099244 -0.066734 -0.068347 0.082361 0.088887 -0.018374 0.186462 
1.773357 0.423346 0.782994 0.584117 -0.126658 0.269800 -0.074191 0.008920 0.129852 0.040536 -0.068464 0.167437 
1.921806 0.597586 0.820017 0.605477 0.070361 0.245725 0.222861 0.128139 0.211310 0.064602 0.018974 0.089448 
1.432069 0.807767 0.671000 0.383412 0.220278 0.230479 0.159440 0.151669 0.222332 0.159880 0.082724 0.113988 
1.095715 0.594083 0.436088 0.347945 0.294050 0.265949 0.246010 0.224341 0.216566 0.211877 0.206384 0.131338 
1.082277 0.585096 0.425245 0.348941 0.300615 0.268644 0.246800 0.237980 0.229510 0.221701 0.213537 0.133472 
1.077490 0.582433 0.422594 0.343545 0.298439 0.269813 0.250930 0.238349 0.229124 0.221930 0.218022 0.132823 
1.076715 0.583022 0.422042 0.342677 0.298231 0.270640 0.251038 0.238199 0.229554 0.221690 0.218447 0.132785 
1.076711 0.582205 0.421537 0.343653 0.298420 0.270217 0.251234 0.238091 0.229392 0.222794 0.217807 0.132769 
1.076277 0.582648 0.421518 0.342406 0.297987 0.270652 0.250737 0.238030 0.229441 0.222365 0.219151 0.132687 
