1.076385 0.583057 0.420895 0.342382 0.298940 0.269368 0.251788 0.238483 0.229278 0.223493 0.217267 0.132707 
1.076410 0.583203 0.420614 0.343064 0.298246 0.269736 0.250608 0.238008 0.229531 0.223091 0.218372 0.132661 
1.075389 0.582091 0.420270 0.343455 0.297282 0.270031 0.251026 0.239194 0.230597 0.222726 0.217454 0.132549 
1.076600 0.582090 0.421071 0.342759 0.298614 0.270510 0.251517 0.238088 0.228679 0.224088 0.217062 0.132686 
1.096249 0.593076 0.428629 0.348163 0.305679 0.272402 0.249315 0.233855 0.223862 0.215855 0.213854 0.135013 
1.167715 0.574491 0.457801 0.354509 0.304934 0.271387 0.196055 0.197339 0.203887 0.196781 0.264281 0.139166 
1.503507 0.087606 -0.234607 0.335585 0.309232 0.001586 -0.139705 0.017012 0.084627 0.188229 0.268264 0.167633 
1.120615 -0.085347 -0.270604 0.027323 0.208758 0.104622 -0.182028 -0.039882 0.231958 0.255621 0.261517 0.116330 
1.382586 -0.360938 0.031797 -0.285677 0.441496 -0.051924 -0.079422 0.014401 0.184964 0.335444 0.200985 0.155349 
1.222911 -0.564370 0.146622 -0.053929 0.222095 -0.032024 -0.096561 -0.019490 0.265741 0.303278 0.184194 0.131834 
1.044832 -0.463418 0.337836 0.200460 0.002132 -0.195386 -0.064715 0.071102 0.222037 0.111088 0.109215 0.256498 
0.977311 -0.088450 0.667505 0.302597 -0.105876 -0.387881 0.134310 0.061585 0.020437 0.090049 0.153003 0.252805 
0.942114 0.134997 0.850732 0.306801 -0.016760 -0.282592 0.106633 0.052668 0.136145 0.122693 0.221224 0.236450 
1.483347 0.127532 0.874582 0.590766 0.171057 -0.034707 0.074152 0.214246 0.059065 0.146273 0.139134 0.070110 
1.318014 0.721202 0.597316 0.494305 0.302583 0.198157 0.218595 0.200534 0.113685 0.096985 0.176196 0.114761 
1.093077 0.593106 0.434837 0.353918 0.303236 0.265812 0.245974 0.233448 0.227339 0.216184 0.209402 0.134590 
1.074716 0.581077 0.423780 0.345223 0.297242 0.266150 0.251516 0.242318 0.228152 0.221014 0.219390 0.132652 
1.077015 0.579251 0.420188 0.345243 0.300617 0.269944 0.249755 0.236100 0.227710 0.224318 0.219302 0.132524 
1.075249 0.580709 0.421309 0.344188 0.298066 0.269716 0.250526 0.239221 0.228899 0.222570 0.219091 0.132547 
1.075674 0.582532 0.421693 0.343542 0.298070 0.270285 0.251148 0.237404 0.229575 0.223294 0.217943 0.132690 
1.076413 0.582500 0.422548 0.343427 0.298537 0.270379 0.250767 0.238664 0.229183 0.222291 0.217687 0.132802 
