1.036516 0.580186 0.441337 0.332847 0.294288 0.254567 0.273800 0.234627 0.211984 0.224190 0.224655 0.128482 
1.031310 0.589809 0.422914 0.342041 0.309695 0.270276 0.243821 0.227544 0.225057 0.227088 0.217780 0.128925 
1.004461 0.620351 0.398477 0.369855 0.270297 0.276280 0.261035 0.240810 0.224257 0.187755 0.242442 0.124679 
0.746706 0.787555 0.255398 0.496871 0.209335 0.306838 0.244060 0.251453 0.245175 0.203471 0.210176 0.111688 
0.762220 0.600623 0.260859 0.356265 0.372487 0.295410 0.308104 0.145386 0.236002 0.309902 0.142264 0.126254 
0.781687 0.384876 0.385942 0.197817 0.391614 0.457330 0.233535 0.190253 0.251686 0.279780 0.093277 0.129014 
1.091164 -0.180626 0.749062 0.516803 0.165178 -0.005387 -0.101396 -0.455639 0.090511 0.023231 -0.282118 -0.117731 
0.602927 -0.107404 0.740024 0.810084 -0.183575 -0.353128 0.064452 -0.147967 -0.075391 -0.194093 -0.048012 -0.066962 
1.011853 0.133095 1.032864 0.898990 -0.015670 -0.226717 0.009454 -0.172611 0.074704 -0.182730 -0.178500 -0.006071 
1.005568 0.043057 0.902604 1.279379 -0.166422 -0.037222 0.150358 -0.203494 0.138101 -0.181128 -0.035752 -0.110583 
2.143405 -0.721020 0.727518 0.904236 -0.006905 0.240951 0.294633 0.080826 0.000177 0.048588 -0.023524 0.023895 
0.823841 -0.068641 0.618828 0.390327 0.441161 0.047450 0.396065 0.005210 0.078064 0.270898 0.165130 0.077444 
0.880753 0.209905 0.453202 0.251513 0.236323 0.406530 0.248161 0.179660 0.268572 0.334500 0.120193 0.056378 
0.653522 0.366544 0.474320 0.362964 0.258318 0.355011 0.346461 0.153583 0.312214 0.237204 0.058705 0.137293 
0.833633 0.260228 0.539420 0.396648 0.194650 0.463757 0.293698 0.066054 0.186997 0.417276 0.102542 0.063005 
0.985913 0.386216 0.591300 0.390072 0.149967 0.341772 0.324056 0.109291 0.215084 0.324129 0.165813 0.090377 
1.036085 0.561865 0.448794 0.379890 0.271164 0.278511 0.250026 0.223863 0.220315 0.232310 0.202498 0.128688 
