0.937828 0.536533 0.596761 0.165178 0.322631 0.333006 0.178366 0.281396 0.207886 0.200402 0.251437 0.106927 
1.036070 0.582108 0.440620 0.345253 0.278151 0.273750 0.243565 0.236957 0.241859 0.225612 0.203502 0.130065 
1.000832 0.600555 0.407471 0.345939 0.302061 0.235837 0.290388 0.233773 0.220065 0.217280 0.227488 0.126637 
1.028937 0.569381 0.443211 0.328254 0.300935 0.248872 0.266152 0.223076 0.209802 0.237752 0.229762 0.126178 
1.355666 0.621263 0.383460 0.193451 0.074337 0.096772 0.173962 0.249338 0.287813 0.376108 0.264322 0.148767 
2.212056 1.084602 0.598610 0.002793 -0.483106 -0.306677 0.161970 -0.078556 0.002462 0.126096 0.060535 -0.105334 
2.028477 0.986660 0.655357 -0.132592 -0.696159 -0.402504 0.174989 -0.176576 -0.017212 0.148659 0.074742 -0.182647 
1.907761 0.847539 0.627874 -0.260767 -0.762236 -0.373853 0.111224 -0.239907 0.020199 0.102728 0.008340 -0.165445 
1.970700 0.737913 0.464135 -0.147430 -0.753188 -0.258178 0.124453 -0.226512 0.055229 0.090649 -0.046700 -0.159075 
2.322672 0.642211 0.245162 -0.112277 -0.515246 -0.231018 0.227596 -0.274795 -0.105742 0.051955 -0.068384 -0.172153 
2.373328 0.295709 0.148544 -0.070301 -0.147493 0.013744 0.327108 -0.132213 -0.316883 -0.047273 0.005161 -0.036009 
2.166253 0.146700 0.271175 -0.000873 0.265755 -0.085153 0.084803 -0.137844 -0.219839 -0.132084 0.006589 0.219837 
1.588355 -0.004437 0.829450 -0.044888 0.233005 -0.181801 0.083169 0.144471 -0.170251 -0.048350 -0.080038 0.119605 
1.696204 -0.441624 0.505982 0.097610 0.343235 0.187302 0.200761 -0.075281 -0.082690 0.054847 0.071132 0.283884 
1.160527 0.588899 0.395355 0.331855 0.323797 0.292927 0.223304 0.194445 0.163536 0.186011 0.245524 0.133428 
1.029487 0.570241 0.436543 0.339372 0.306889 0.264970 0.259069 0.211250 0.236228 0.239262 0.201603 0.128813 
1.030489 0.611448 0.441884 0.336482 0.318448 0.254517 0.273596 0.230343 0.193274 0.233359 0.205020 0.131737 
1.040183 0.582719 0.417790 0.354482 0.309262 0.261112 0.246033 0.223812 0.251322 0.212314 0.214823 0.129429 
1.018639 0.590401 0.419252 0.341505 0.312009 0.260562 0.269299 0.218460 0.201121 0.225082 0.239018 0.126898 
