1.076988 0.583848 0.420121 0.342357 0.297654 0.268900 0.251960 0.239628 0.229056 0.222668 0.218084 0.132693 
1.077924 0.583579 0.422263 0.343502 0.297754 0.271243 0.249149 0.237232 0.228854 0.223036 0.218793 0.132872 
1.077141 0.583444 0.422531 0.342861 0.297849 0.268901 0.251699 0.237500 0.228845 0.223382 0.218210 0.132790 
1.078115 0.584170 0.420489 0.342636 0.297718 0.270519 0.252595 0.236895 0.227196 0.222943 0.219271 0.132806 
1.079123 0.588962 0.422471 0.343277 0.298748 0.270135 0.252555 0.238999 0.227616 0.220411 0.218377 0.133490 
1.100175 0.528707 0.430914 0.358228 0.247547 0.249374 0.310284 0.264440 0.198800 0.203823 0.232865 0.128905 
2.453204 0.256118 -0.125343 0.107137 -0.365081 -0.018385 0.334664 0.206451 0.004972 0.072754 0.207527 0.158136 
2.258836 -0.128563 -0.204080 0.015507 -0.182096 -0.041953 0.223683 -0.010202 -0.036062 0.153222 0.265864 0.190068 
2.015301 -0.437117 0.167906 0.358749 -0.089139 -0.153047 -0.019907 -0.154948 0.021977 0.301253 0.253046 0.078727 
1.824272 -0.421354 0.640467 0.424004 0.102690 -0.282346 -0.065436 -0.082078 -0.039346 0.002706 -0.113267 0.114902 
1.896578 -0.265233 0.747235 0.689453 0.331967 -0.270736 0.049506 -0.074512 -0.085244 0.052523 -0.078149 -0.019200 
2.226188 0.065104 0.390673 0.704783 0.390780 -0.069359 0.085215 -0.191151 -0.065248 -0.066359 0.081062 0.135780 
1.766433 0.415631 0.422810 0.815071 0.517410 -0.125883 -0.222535 0.036675 0.135518 -0.097555 0.020787 0.118345 
1.210933 0.658340 0.522839 0.465241 0.366461 0.288892 0.269848 0.245916 0.188782 0.147607 0.135215 0.134853 
1.081160 0.583000 0.420341 0.342522 0.300674 0.271047 0.253072 0.236927 0.228053 0.221588 0.218745 0.133207 
1.080356 0.585471 0.422556 0.343711 0.298259 0.268282 0.250170 0.238265 0.227529 0.221874 0.219368 0.133085 
1.076244 0.582077 0.421839 0.344032 0.297763 0.271056 0.250811 0.237798 0.229035 0.222430 0.218304 0.132713 
1.077286 0.581826 0.421488 0.342989 0.299556 0.269296 0.249872 0.239117 0.230176 0.223185 0.217014 0.132745 
1.078227 0.582346 0.421971 0.343388 0.299189 0.269064 0.249678 0.238393 0.229708 0.222492 0.218218 0.132816 
1.077170 0.581289 0.421949 0.344943 0.297098 0.268720 0.250852 0.237425 0.230072 0.222827 0.218729 0.132676 
