1.074652 0.583207 0.422005 0.342256 0.298743 0.269778 0.250888 0.238524 0.229835 0.222432 0.217986 0.132620 
1.075034 0.583382 0.423979 0.341319 0.299018 0.269401 0.250859 0.237974 0.229068 0.222935 0.218151 0.132689 
1.074796 0.583033 0.421881 0.342634 0.298827 0.269537 0.250772 0.239226 0.229109 0.221412 0.219054 0.132612 
1.033152 0.610533 0.400374 0.351506 0.298300 0.267074 0.257748 0.229963 0.235211 0.216761 0.224174 0.129815 
1.023456 0.550710 0.399682 0.360289 0.313707 0.250333 0.265593 0.233995 0.231440 0.233606 0.211562 0.126263 
1.003714 0.571874 0.386609 0.346023 0.291315 0.264469 0.310924 0.191639 0.261748 0.229181 0.199223 0.124182 
2.149127 -0.289603 0.747534 0.495651 -0.032600 0.076310 -0.157049 -0.177883 0.117865 0.099276 -0.088777 0.024246 
1.278992 -0.305507 0.627834 0.354014 0.034622 -0.111317 -0.177916 -0.241627 0.087646 0.109409 -0.082507 0.090416 
1.587978 -0.430433 0.406482 0.393523 0.183442 -0.269984 -0.079054 -0.193807 -0.049345 0.098760 0.011387 0.100070 
1.809042 0.061262 0.416562 0.362745 0.162463 -0.019802 0.065805 -0.298563 -0.051987 0.132083 0.041310 0.027606 
2.377705 -0.034552 0.202471 0.041760 -0.074268 -0.095836 0.273438 0.038068 -0.090690 -0.010763 0.046445 0.122683 
2.187189 -0.379734 0.180861 0.059240 0.152225 -0.073002 0.007283 -0.103811 -0.050725 0.245675 0.266380 0.181213 
2.359745 -0.249882 0.330297 0.164930 0.080288 -0.102393 -0.235602 0.104858 0.178023 0.157133 0.159998 0.059922 
2.322388 0.294616 0.246397 0.459068 0.111369 0.098861 0.223058 -0.004177 -0.059696 0.158115 0.253307 0.109045 
1.962426 0.594813 0.313632 0.413092 0.202123 0.025129 0.073138 -0.005509 -0.033285 0.253891 0.263382 0.174354 
1.123085 0.603037 0.426715 0.345548 0.302928 0.270128 0.241517 0.220740 0.213971 0.215709 0.221657 0.135487 
1.077300 0.584186 0.422362 0.346974 0.296303 0.268067 0.250658 0.238821 0.228893 0.221551 0.217944 0.132863 
1.076950 0.583395 0.422441 0.344940 0.296986 0.270421 0.250378 0.238380 0.229931 0.221322 0.217657 0.132841 
1.077698 0.582405 0.421607 0.342218 0.298031 0.269773 0.250943 0.239666 0.227621 0.224374 0.217282 0.132724 
1.076486 0.582436 0.421412 0.344013 0.298650 0.269525 0.250819 0.238185 0.229026 0.222395 0.218582 0.132721 
1.075168 0.582649 0.422088 0.342952 0.299163 0.269513 0.252006 0.237117 0.230086 0.222400 0.217668 0.132670 
