1.076042 0.582903 0.421358 0.342609 0.298159 0.271833 0.251420 0.235762 0.229723 0.222830 0.218107 0.132661 
1.075420 0.584579 0.422327 0.339676 0.298582 0.269904 0.249241 0.239385 0.227964 0.221891 0.220473 0.132519 
1.074653 0.583668 0.420787 0.342593 0.297984 0.270393 0.250003 0.236483 0.230765 0.222697 0.218967 0.132496 
1.076184 0.581882 0.420970 0.343033 0.300000 0.269588 0.250740 0.237164 0.230495 0.222496 0.217702 0.132616 
1.073929 0.581938 0.419925 0.344804 0.295203 0.271536 0.252138 0.239200 0.227089 0.224634 0.217630 0.132426 
1.073499 0.582520 0.423628 0.344059 0.297798 0.269636 0.249792 0.239961 0.230107 0.221199 0.217739 0.132604 
1.205970 0.659987 0.462735 0.356280 0.280091 0.249140 0.245436 0.233407 0.210673 0.195850 0.188016 0.137346 
1.358316 0.684059 0.441346 0.318103 0.238552 0.247494 0.282132 0.269553 0.209094 0.168023 0.142547 0.120050 
1.964607 0.968034 0.388551 0.190115 -0.200155 -0.150425 0.237220 0.157853 -0.040007 0.153549 0.005145 -0.064340 
1.563496 1.386435 0.182208 0.011167 -0.580477 -0.310648 0.270804 -0.033303 0.041103 0.173339 0.036340 -0.092789 
1.673522 1.257792 -0.133864 -0.097149 -0.617598 -0.352867 0.394449 -0.096116 0.127865 0.105874 0.046488 -0.079100 
1.657681 0.976197 -0.252432 -0.086226 -0.575102 -0.048229 0.478864 0.023379 0.109199 -0.030560 0.129247 -0.146924 
1.695405 0.505472 -0.519866 0.024407 -0.370155 0.112700 0.304741 -0.033164 -0.034713 0.003196 0.256822 0.106548 
1.770715 0.134763 -0.247726 0.203681 -0.064177 -0.181118 0.156171 -0.211968 0.121565 0.083035 0.261267 0.082924 
1.625118 0.059450 0.001236 0.470197 -0.002256 -0.097583 -0.135261 0.035393 0.101150 0.220950 0.078935 0.036426 
1.656882 0.200122 0.394701 0.279515 0.100554 0.358186 0.104600 0.056502 0.022759 0.028496 0.013616 0.068576 
1.747770 0.444096 0.503978 0.314946 0.085931 0.315936 0.187620 0.051433 0.189230 0.163940 0.016987 0.051137 
1.435926 0.548875 0.530624 0.473550 0.270754 0.171283 0.058625 0.069481 0.208750 0.200787 0.209218 0.139421 
1.080119 0.581956 0.422827 0.342137 0.299315 0.269965 0.249086 0.236775 0.228421 0.222779 0.217431 0.132663 
1.075678 0.584734 0.420734 0.346051 0.296244 0.267770 0.248785 0.239751 0.229319 0.222953 0.219653 0.132728 
1.075080 0.581914 0.421939 0.343331 0.295655 0.270118 0.252160 0.236955 0.231004 0.222656 0.217940 0.132481 
1.075943 0.584929 0.421810 0.343488 0.297991 0.270317 0.250331 0.239554 0.227867 0.224225 0.216292 0.132841 
1.073289 0.583620 0.422590 0.341598 0.298746 0.269577 0.252648 0.238842 0.227367 0.224362 0.217139 0.132582 
1.073731 0.584319 0.419217 0.343959 0.299414 0.270882 0.250743 0.236899 0.229557 0.224270 0.217140 0.132611 
