1.076525 0.582516 0.421525 0.342982 0.298078 0.270397 0.251302 0.238194 0.229511 0.222675 0.218124 0.132746 
1.076927 0.582687 0.421057 0.343057 0.298539 0.269950 0.251342 0.238083 0.229656 0.222824 0.217949 0.132766 
1.077018 0.582320 0.421134 0.342982 0.298613 0.269359 0.251377 0.238589 0.229107 0.223011 0.218245 0.132737 
1.076368 0.582274 0.421400 0.342343 0.298420 0.270358 0.251592 0.237973 0.229111 0.222657 0.218679 0.132687 
1.077099 0.582303 0.421574 0.343315 0.298394 0.269444 0.251216 0.238485 0.228964 0.223025 0.218250 0.132764 
1.085144 0.586275 0.429924 0.347015 0.298135 0.270786 0.250645 0.235436 0.225193 0.218723 0.217289 0.133792 
1.174369 0.529619 0.722654 0.317725 0.193115 0.340324 0.160362 0.137181 0.122276 0.091807 0.275007 0.121908 
1.275513 0.174376 0.876090 0.307661 0.073709 0.232443 0.110414 0.094767 0.059438 -0.009926 0.287629 0.135300 
1.324914 0.160596 0.203549 0.270654 0.138672 0.316735 -0.091606 0.011153 0.136360 0.072610 0.286358 0.178167 
1.330517 0.162017 -0.182264 -0.220442 0.147922 0.103518 -0.029974 0.058945 0.131095 0.252206 0.238059 0.123899 
1.472025 -0.116030 -0.036857 -0.411631 0.328333 0.100618 0.034462 -0.113961 0.265855 0.210564 0.231014 0.285608 
1.464739 -0.307188 -0.041962 -0.274410 0.238039 0.105638 -0.046497 -0.148503 0.402114 0.248519 0.158538 0.256101 
1.332249 -0.662479 0.263740 0.100308 0.211752 -0.263054 -0.032350 -0.076545 0.169680 0.405795 0.167389 0.195623 
1.337000 -0.422574 0.811286 0.273230 0.192374 -0.210152 -0.004463 0.101858 0.088407 -0.010047 0.077536 0.331635 
1.650796 -0.182610 0.637308 0.444202 0.067123 -0.043330 0.136353 0.003466 0.141330 0.047114 0.235837 0.322230 
1.395375 0.267923 0.736681 0.478130 -0.043110 0.171595 0.026138 0.021179 0.026084 -0.048971 0.132520 0.146219 
1.630837 0.339957 0.428702 0.656476 0.277323 -0.008094 0.161658 0.208778 0.098536 0.168693 0.203874 0.141509 
1.143491 0.589237 0.445263 0.395273 0.321475 0.245519 0.218716 0.220884 0.215525 0.209694 0.211421 0.136180 
1.077573 0.582731 0.422126 0.344124 0.298342 0.269278 0.251090 0.238112 0.228887 0.222653 0.218058 0.132846 
1.077029 0.582096 0.421502 0.342949 0.298588 0.270440 0.250881 0.237795 0.229355 0.223174 0.218069 0.132749 
1.077113 0.582317 0.421683 0.343104 0.298771 0.269870 0.251425 0.238216 0.229246 0.222715 0.217954 0.132798 
1.077239 0.582473 0.421620 0.343168 0.298347 0.270701 0.250564 0.238304 0.229253 0.222517 0.218328 0.132804 
1.077137 0.582145 0.421465 0.343675 0.298048 0.269866 0.250764 0.238455 0.229507 0.222370 0.218653 0.132765 
1.076594 0.582631 0.420833 0.342964 0.298460 0.270141 0.251018 0.238322 0.229468 0.222914 0.218164 0.132717 
