1.077290 0.582301 0.420801 0.343426 0.298294 0.270101 0.251230 0.238380 0.229253 0.222963 0.218046 0.132766 
1.076402 0.582202 0.421485 0.343190 0.298094 0.269202 0.251820 0.238974 0.228403 0.222393 0.219114 0.132694 
1.077141 0.582280 0.421740 0.342667 0.298186 0.270056 0.250997 0.239074 0.228727 0.222263 0.218647 0.132739 
1.076194 0.581707 0.420947 0.344118 0.298212 0.268955 0.251487 0.239539 0.229303 0.221959 0.218481 0.132669 
1.078139 0.583553 0.421783 0.343797 0.298851 0.270097 0.250631 0.237469 0.228515 0.222512 0.218727 0.132936 
1.108718 0.591530 0.439960 0.344662 0.301825 0.273953 0.227831 0.219099 0.225552 0.218149 0.225950 0.134981 
1.527472 0.303955 0.603404 0.383788 0.188595 0.183285 0.070376 0.112036 0.054797 -0.025053 0.280332 0.200736 
1.368852 -0.164117 -0.080626 0.276262 0.081888 0.092033 -0.232160 -0.039585 0.203715 0.296454 0.253144 0.132348 
1.199672 -0.246809 -0.117313 -0.075469 0.058016 0.278196 -0.139284 -0.047599 0.172992 0.306155 0.225767 0.160318 
1.254233 -0.454330 -0.046941 -0.170574 0.258166 0.158940 0.102497 -0.188463 0.237810 0.295026 0.159207 0.200579 
1.130747 -0.608614 0.097431 0.002643 0.231894 0.091231 0.142729 -0.091638 0.293764 0.220607 0.110642 0.172564 
0.966705 -0.620706 0.389370 0.085640 0.111855 -0.058790 0.072372 -0.107824 0.249149 0.210159 0.103742 0.272463 
0.923076 -0.483432 0.567564 0.429058 0.021166 -0.088512 -0.023122 0.015874 0.171250 0.114853 0.050639 0.127148 
0.901897 -0.033496 0.736969 0.470482 -0.029377 -0.089881 0.003540 -0.087925 0.171905 0.117695 -0.032068 0.119834 
0.996415 0.021069 0.821850 0.318116 -0.115461 -0.035890 0.024371 -0.084328 0.196054 0.202968 0.034737 0.150162 
1.459526 0.276744 0.689499 0.408341 0.115255 0.048380 0.013633 0.077658 0.161316 0.147338 0.107316 0.115343 
1.430077 0.563475 0.613748 0.540348 0.187130 0.067986 0.205581 0.223482 0.151696 0.130338 0.155196 0.137734 
1.088062 0.593638 0.439575 0.351712 0.298964 0.273051 0.246677 0.230515 0.225679 0.217401 0.211540 0.134666 
1.077771 0.582472 0.420977 0.342925 0.298078 0.269811 0.251285 0.238868 0.228697 0.222449 0.218906 0.132775 
1.076650 0.581813 0.421549 0.344095 0.297570 0.270391 0.251046 0.237768 0.228937 0.223130 0.218450 0.132707 
1.076566 0.582465 0.421471 0.343296 0.298462 0.269871 0.251528 0.238389 0.229303 0.222671 0.217992 0.132764 
1.076817 0.582144 0.421085 0.343416 0.297699 0.270773 0.250847 0.237736 0.229542 0.222726 0.218688 0.132711 
1.076663 0.582354 0.421265 0.343042 0.297758 0.270131 0.252183 0.237918 0.229084 0.222955 0.218200 0.132721 
1.077554 0.582619 0.421229 0.343114 0.298734 0.270016 0.251295 0.238108 0.229651 0.222903 0.217466 0.132822 
