1.073907 0.584881 0.421271 0.342094 0.298417 0.269991 0.251792 0.237727 0.229517 0.223401 0.217374 0.132632 
1.076998 0.580677 0.421457 0.343992 0.297540 0.269788 0.252358 0.238581 0.228809 0.222144 0.218161 0.132638 
1.058434 0.550361 0.446394 0.354810 0.279488 0.291190 0.252277 0.213405 0.262565 0.236331 0.184761 0.132098 
1.016665 0.574536 0.408098 0.339472 0.318257 0.289738 0.242964 0.224050 0.221572 0.244707 0.209991 0.127916 
1.061764 0.496684 0.369620 0.341641 0.333923 0.322930 0.255956 0.182434 0.232771 0.214231 0.247435 0.126129 
0.953495 0.499463 0.481046 0.334533 0.239205 0.431203 0.191628 0.144115 0.320419 0.259087 0.141727 0.146717 
1.712569 -0.312394 0.769689 0.507531 -0.147317 0.059057 -0.113397 -0.120948 0.145079 0.091778 -0.152350 0.038765 
1.279481 -0.296966 0.506642 0.545159 -0.187106 -0.036220 -0.152082 -0.155677 0.084140 0.143214 -0.099685 0.070507 
1.738025 -0.414036 0.118465 0.484036 0.098134 -0.061275 -0.027865 -0.269590 -0.028878 0.130484 0.177672 0.125733 
2.212190 -0.274530 0.170238 0.480257 -0.062720 -0.051373 0.116131 -0.026318 -0.013608 -0.020631 -0.101163 0.009888 
2.807071 -0.083054 -0.105457 0.214167 -0.102799 -0.111752 0.239479 0.078279 -0.097801 -0.039287 0.104681 0.095905 
2.634954 -0.154146 -0.232043 0.072388 -0.057123 0.047849 0.265142 -0.132620 -0.015020 0.302500 0.373217 0.154062 
2.504732 0.126809 -0.079011 0.302978 0.109372 -0.047975 0.164873 0.025884 0.115650 0.182810 0.255623 0.150387 
2.035858 0.312433 0.135029 0.501867 0.300102 0.025716 0.148843 0.188603 0.074580 0.179686 0.182030 0.116402 
1.639799 0.754650 0.314759 0.192677 0.247312 0.265552 0.175227 0.083034 0.087576 0.185244 0.245569 0.194831 
1.082240 0.584933 0.422715 0.346230 0.298890 0.267219 0.251447 0.237653 0.226581 0.222661 0.216392 0.133187 
1.076889 0.583771 0.424697 0.344384 0.298673 0.271789 0.251207 0.236936 0.229238 0.220707 0.216131 0.132994 
1.075384 0.583397 0.421511 0.344473 0.297060 0.269686 0.250939 0.239068 0.228143 0.222162 0.218602 0.132630 
1.074627 0.583705 0.420659 0.342827 0.299736 0.268103 0.251286 0.238506 0.230625 0.220893 0.219063 0.132589 
1.075163 0.582909 0.421832 0.344240 0.297397 0.271089 0.250476 0.238071 0.229988 0.222371 0.217774 0.132710 
1.074947 0.582282 0.422536 0.343299 0.297191 0.270025 0.252541 0.237241 0.229103 0.223110 0.218272 0.132636 
