1.076908 0.582406 0.420974 0.343128 0.298035 0.269599 0.251427 0.237480 0.230120 0.223166 0.218173 0.132705 
1.076902 0.581810 0.420854 0.343150 0.297848 0.270293 0.251430 0.238477 0.229252 0.222486 0.218460 0.132670 
1.077094 0.582412 0.421264 0.343559 0.298605 0.269245 0.250984 0.238629 0.229148 0.221982 0.219014 0.132752 
1.076336 0.582200 0.420920 0.343105 0.297760 0.270669 0.251086 0.237926 0.229302 0.223047 0.218491 0.132658 
1.076883 0.582412 0.420924 0.343368 0.297920 0.270220 0.250652 0.237873 0.229338 0.223125 0.218544 0.132692 
1.077304 0.582396 0.421240 0.343167 0.298327 0.270217 0.251999 0.238289 0.229213 0.222318 0.217791 0.132787 
1.100320 0.365762 0.902921 0.690774 -0.013379 -0.032211 0.074083 0.005914 -0.022404 -0.054870 0.159487 0.078286 
0.319243 -0.021462 0.982789 0.578873 -0.207396 -0.124024 0.121968 -0.053649 0.000529 -0.043386 0.079119 0.129603 
0.423197 -0.069102 0.983406 0.617421 -0.194185 -0.124112 0.152798 -0.040002 -0.064902 -0.038291 0.060538 0.083677 
0.656193 -0.024670 1.085209 0.574772 -0.124446 -0.081948 0.249270 -0.031308 -0.123932 -0.034222 0.090565 0.025150 
0.674905 0.186089 1.127178 0.675941 -0.063208 0.000466 0.294378 -0.093898 -0.154240 -0.031639 0.025988 -0.079388 
0.785120 0.470448 1.183607 0.542355 0.167268 0.080730 0.172374 0.038584 -0.191538 -0.118408 0.122653 -0.161798 
0.887684 0.473964 1.216177 0.770937 0.112169 0.033905 0.299879 -0.037836 0.087402 -0.153982 0.028395 0.060744 
0.939520 0.404984 0.875913 0.630753 0.128563 0.176873 0.405085 0.176997 0.105113 0.067547 0.236010 0.097275 
1.079179 0.493311 0.531327 0.476282 0.202510 0.187353 0.352397 0.249085 0.131162 0.194586 0.262602 0.120848 
1.080739 0.572551 0.417401 0.350379 0.306333 0.267806 0.242211 0.233035 0.234736 0.228270 0.215047 0.132259 
1.076599 0.582479 0.421683 0.343927 0.298334 0.270036 0.251919 0.238536 0.228689 0.222193 0.218217 0.132817 
1.076460 0.582537 0.421034 0.343036 0.298755 0.270015 0.251201 0.237995 0.228785 0.223384 0.218321 0.132717 
1.077266 0.582420 0.421242 0.343266 0.297747 0.269877 0.250474 0.238552 0.228430 0.223711 0.218528 0.132712 
1.076793 0.582945 0.421450 0.343065 0.297981 0.269706 0.251387 0.238066 0.229147 0.222933 0.218282 0.132738 
1.077113 0.582398 0.421102 0.343187 0.297929 0.270108 0.251257 0.238298 0.228725 0.223571 0.218029 0.132734 
