1.080478 0.591247 0.422660 0.345586 0.296449 0.259830 0.247500 0.229215 0.229140 0.228043 0.221094 0.132762 
1.090877 0.588462 0.429743 0.352673 0.300129 0.262057 0.246572 0.232344 0.222581 0.219173 0.222714 0.134032 
1.066297 0.591569 0.412112 0.354160 0.293287 0.268000 0.249866 0.226012 0.225935 0.230855 0.222067 0.131649 
1.047735 0.598766 0.409409 0.351333 0.280061 0.281374 0.238952 0.242166 0.229252 0.235778 0.209243 0.131175 
1.018727 0.512233 0.470237 0.349622 0.231253 0.323314 0.261114 0.160506 0.249987 0.285921 0.182065 0.122212 
0.893613 0.523071 0.349271 0.422931 0.199010 0.422470 0.190712 0.272911 0.212725 0.282687 0.125639 0.141447 
2.701546 -0.420999 0.738166 0.557964 -0.007902 0.016946 -0.198663 -0.313454 0.114140 0.164119 -0.168719 -0.029616 
1.853682 -0.530801 0.641137 0.646542 -0.151561 -0.122697 -0.275489 -0.151805 -0.019103 0.012626 -0.017434 0.036007 
1.908079 -0.530223 0.540265 0.622710 -0.034538 -0.191828 -0.177451 -0.261899 -0.089883 0.036449 -0.033193 -0.030364 
2.700194 -0.465705 0.370006 0.366886 0.275811 -0.234830 0.069376 0.003887 -0.159346 0.007810 -0.061324 0.072401 
3.789213 -0.419492 0.109262 0.459297 -0.316602 -0.128676 0.201942 0.012848 -0.297415 -0.110133 0.186720 0.241737 
2.906638 -0.133410 -0.025304 0.188310 -0.194450 -0.012760 0.195054 -0.158388 -0.234947 0.144708 0.328758 0.178433 
2.680236 0.074998 -0.059049 0.310076 -0.088383 -0.204726 0.062539 0.080727 0.005529 0.116156 0.284944 0.210352 
2.392260 0.437908 0.212157 0.503546 0.126093 -0.213071 0.025836 0.185968 0.035111 0.093587 0.177059 0.170675 
2.077318 0.950475 0.262323 0.022931 0.106792 0.183578 0.114306 0.009540 0.051068 0.227120 0.185252 0.192471 
1.390841 0.841962 0.621522 0.461463 0.365062 0.277182 0.211451 0.177461 0.142087 0.121985 0.093033 0.089225 
1.093167 0.589293 0.433905 0.348338 0.294245 0.271994 0.244827 0.232072 0.229462 0.217398 0.215019 0.134210 
1.073594 0.581611 0.420665 0.347750 0.295582 0.266397 0.247615 0.238990 0.233529 0.219013 0.220686 0.132202 
1.075656 0.582617 0.427836 0.343607 0.293331 0.264934 0.243154 0.233440 0.223806 0.232490 0.223798 0.132080 
1.078690 0.589248 0.428420 0.341251 0.298833 0.265939 0.241502 0.235915 0.227058 0.222056 0.224401 0.132848 
1.075987 0.583518 0.421976 0.356742 0.299596 0.260543 0.254513 0.233620 0.229400 0.223420 0.212607 0.132805 
1.074995 0.581936 0.425014 0.346466 0.297444 0.267797 0.252227 0.235816 0.222371 0.226371 0.218216 0.132453 
