1.075265 0.582774 0.418829 0.341156 0.300382 0.268676 0.252826 0.238953 0.228686 0.223311 0.216941 0.132416 
1.072299 0.581792 0.420308 0.339980 0.303899 0.265631 0.253051 0.238187 0.227415 0.226848 0.215790 0.132219 
1.006284 0.573620 0.438468 0.361961 0.288122 0.258418 0.276296 0.209810 0.252631 0.239922 0.189998 0.129649 
0.935838 0.669297 0.324542 0.415415 0.250194 0.327000 0.214397 0.263891 0.196542 0.258699 0.195026 0.136239 
1.009864 0.479277 0.330732 0.370672 0.423808 0.239585 0.242326 0.183027 0.260406 0.280485 0.183652 0.111448 
0.894696 0.484163 0.537294 0.345666 0.210343 0.421646 0.214118 0.118543 0.398793 0.242878 0.072560 0.168234 
2.656094 -0.312150 0.446326 0.503587 -0.076430 0.061324 -0.378878 -0.237560 0.211564 0.071041 -0.163626 0.146594 
2.692833 -0.868604 0.524303 0.321092 -0.174389 -0.032968 -0.217019 -0.245958 0.110396 0.144502 -0.019332 0.036243 
3.450502 -0.806618 0.000300 0.422325 -0.118248 0.051132 0.019785 -0.181411 -0.075709 0.061775 0.001590 0.118139 
2.598698 0.691133 0.116403 0.362580 0.478304 0.180776 -0.118681 -0.154747 -0.041124 0.071453 0.114140 0.083494 
3.489964 0.491517 -0.492579 -0.109271 0.144417 0.012942 0.035978 -0.005844 -0.029857 -0.034606 0.040239 0.151330 
3.153649 0.247950 -0.515433 0.096505 0.349030 -0.000823 -0.158422 -0.001083 0.221788 0.320071 0.211021 0.086044 
2.123777 1.079877 0.453856 0.126626 -0.004382 -0.043599 0.012124 0.124890 0.154973 0.095227 0.150251 0.121388 
1.448078 0.884741 0.655638 0.511433 0.419313 0.326046 0.252157 0.199114 0.155931 0.121858 0.089465 0.086226 
1.102553 0.603876 0.431890 0.348296 0.301204 0.265135 0.248141 0.232433 0.222975 0.216961 0.214124 0.135464 
1.080529 0.583464 0.421992 0.343575 0.297222 0.269028 0.247817 0.238334 0.229615 0.221718 0.218453 0.132742 
1.075889 0.584828 0.422618 0.344400 0.296958 0.267604 0.250948 0.238492 0.229862 0.221578 0.218388 0.132728 
1.074345 0.582800 0.426211 0.343245 0.299892 0.267699 0.252185 0.238842 0.228648 0.221211 0.217035 0.132799 
1.075327 0.579886 0.422787 0.343571 0.296051 0.271820 0.252479 0.236880 0.228331 0.223775 0.217872 0.132484 
1.073778 0.580327 0.422281 0.344161 0.297767 0.269887 0.251348 0.234808 0.229209 0.225352 0.218280 0.132336 
