1.077600 0.582527 0.421686 0.343198 0.297923 0.270178 0.251210 0.238022 0.229444 0.223047 0.217670 0.132804 
1.076718 0.581910 0.420800 0.343470 0.298153 0.269367 0.251400 0.239407 0.228955 0.222881 0.218129 0.132690 
1.076751 0.582111 0.420896 0.343504 0.298040 0.269841 0.251750 0.238505 0.228700 0.222563 0.218506 0.132689 
1.076797 0.582444 0.421898 0.342664 0.297832 0.270710 0.251712 0.237663 0.229046 0.223056 0.218085 0.132753 
1.077242 0.581989 0.420945 0.343773 0.298241 0.269694 0.251238 0.238293 0.229443 0.222434 0.218716 0.132757 
1.091663 0.592851 0.428110 0.344305 0.302860 0.271567 0.245871 0.231530 0.223931 0.220062 0.220334 0.134490 
1.189639 0.616701 0.512415 0.345679 0.264509 0.272051 0.196970 0.198016 0.209933 0.197657 0.259208 0.146933 
1.566130 0.024859 0.650923 0.214870 0.269466 0.201986 -0.152619 0.026939 -0.013994 -0.050050 0.297034 0.153406 
1.006053 0.189823 -0.372090 0.134732 0.366518 -0.059286 -0.139473 0.024917 0.102714 0.323036 0.202462 0.121400 
1.031443 0.078634 -0.330524 -0.119440 0.269416 0.101023 -0.099091 0.034981 0.034610 0.338375 0.227814 0.164977 
0.970023 -0.107386 -0.330878 -0.083424 0.307174 0.127169 -0.001066 -0.073222 0.112235 0.302591 0.238704 0.144803 
0.955878 -0.292169 -0.280870 -0.003207 0.177404 0.309348 -0.057367 -0.078715 0.241532 0.284976 0.144118 0.078445 
1.078191 -0.539153 0.031073 0.182391 0.060752 0.007103 -0.080039 -0.029410 0.231299 0.270017 0.185292 0.149658 
0.855789 -0.188152 0.593549 0.264704 -0.101337 -0.277640 0.020914 0.141162 0.128871 0.061221 0.075681 0.279640 
0.899763 -0.034153 0.662721 0.248330 -0.111536 -0.137169 0.063718 -0.058727 0.136535 0.068550 0.053786 0.229065 
1.201969 0.073566 0.929248 0.333744 -0.089486 0.034185 0.153340 -0.082214 0.177960 0.153603 0.132611 0.177610 
1.430409 0.457672 0.644956 0.493246 0.128236 0.203204 0.063678 0.036980 0.137079 0.068302 0.080468 0.099188 
1.279061 0.661576 0.543945 0.480049 0.329130 0.211975 0.174467 0.161252 0.162220 0.159634 0.192006 0.126982 
1.081399 0.585039 0.424658 0.344875 0.298435 0.269941 0.250285 0.237240 0.228281 0.219611 0.218387 0.133288 
1.077582 0.582327 0.421604 0.343759 0.298602 0.269525 0.251511 0.238168 0.228929 0.222841 0.217468 0.132793 
1.077410 0.582120 0.422238 0.343902 0.297861 0.269550 0.250777 0.238288 0.229089 0.222918 0.218108 0.132783 
1.076398 0.582725 0.421038 0.343923 0.297993 0.269769 0.251509 0.239039 0.229420 0.222186 0.217763 0.132746 
1.076752 0.582383 0.421379 0.342594 0.298575 0.269919 0.251121 0.238303 0.229114 0.222555 0.218703 0.132706 
