1.078468 0.548955 0.414895 0.347185 0.338410 0.285360 0.233890 0.205091 0.235892 0.248053 0.188381 0.128883 
1.042100 0.544580 0.421360 0.367731 0.304016 0.276595 0.268986 0.220402 0.220331 0.214027 0.216183 0.128198 
1.056781 0.570245 0.408562 0.335124 0.322965 0.290827 0.253292 0.216690 0.192792 0.231596 0.231310 0.129660 
1.091490 0.343398 0.746313 0.364835 0.191207 0.289097 0.110692 0.104855 0.190995 0.270500 0.231539 0.098175 
1.211588 0.537631 0.431405 0.251703 0.180055 0.179985 0.318873 0.241040 0.271113 0.257319 0.203660 0.117595 
1.277056 0.650192 0.383853 0.184984 0.255665 0.122139 0.322548 0.114668 0.294031 0.302312 0.232742 0.161721 
2.896170 0.625398 0.524244 0.031810 -0.470287 -0.529948 0.320210 -0.102576 0.013650 0.130193 0.007437 -0.111777 
2.571209 0.537308 0.437243 -0.146181 -0.478174 -0.423387 0.231426 -0.094623 -0.091404 0.044597 -0.044876 -0.115364 
2.785071 0.626823 0.378478 -0.242174 -0.461268 -0.496036 0.369098 -0.132589 -0.162633 0.116789 -0.064162 -0.145394 
2.840849 0.491624 0.436665 -0.235078 -0.286296 -0.397857 0.335875 -0.176404 -0.153320 0.139582 -0.179439 -0.115313 
2.564177 0.258019 0.367066 0.018708 -0.161432 -0.104682 0.303218 -0.032049 -0.189627 -0.011551 0.007750 -0.036653 
2.279417 0.226411 0.279240 -0.035409 0.289148 -0.041565 0.228144 -0.349412 -0.227585 0.039592 -0.033768 0.204338 
1.620295 0.450962 0.744729 -0.046269 0.515077 -0.028291 0.021959 0.158903 -0.274133 0.000304 0.181680 0.070052 
1.375892 -0.091872 0.128587 0.465667 0.765759 0.338425 0.272427 0.017978 -0.012722 0.233991 0.153411 0.150302 
1.099820 0.572801 0.430876 0.338327 0.324181 0.286233 0.235242 0.192530 0.177791 0.236195 0.239641 0.130992 
1.062494 0.574447 0.428549 0.334180 0.299207 0.291361 0.241993 0.215525 0.208538 0.242420 0.217549 0.129830 
1.070819 0.582254 0.443975 0.337894 0.304424 0.287469 0.205191 0.227081 0.236283 0.215972 0.223444 0.131409 
1.055056 0.554934 0.413696 0.363222 0.299631 0.269754 0.250707 0.221095 0.247305 0.221806 0.208358 0.128601 
