1.077810 0.583302 0.422703 0.343703 0.297274 0.269849 0.249761 0.238514 0.228503 0.223942 0.217630 0.132845 
1.075822 0.582008 0.422118 0.343369 0.297394 0.271658 0.249256 0.238813 0.229491 0.223039 0.217933 0.132672 
1.075338 0.582097 0.421445 0.344548 0.298113 0.268917 0.251834 0.238176 0.229305 0.222287 0.218453 0.132637 
1.074476 0.573931 0.426517 0.344778 0.294053 0.270991 0.253855 0.235815 0.230883 0.225984 0.215018 0.132260 
1.066703 0.560352 0.451273 0.331664 0.267887 0.266350 0.264160 0.221019 0.219918 0.250529 0.221653 0.128837 
1.955049 0.705565 0.248979 0.077759 -0.191439 -0.022086 0.392434 0.238907 0.074237 0.159313 0.244872 0.133301 
2.506484 0.136189 -0.016531 -0.073828 -0.444359 -0.027305 0.376382 0.164324 -0.135689 0.085057 0.216899 0.103675 
2.365079 -0.239261 -0.020379 0.114632 -0.232768 0.050729 0.158734 -0.048036 -0.225948 0.159095 0.388660 0.219213 
2.345367 -0.374644 0.421432 0.422154 0.120132 -0.283098 -0.120088 -0.014720 -0.049591 0.129392 0.090841 -0.050972 
1.860115 -0.126369 0.827981 0.500120 0.239426 -0.197677 -0.180282 0.003487 0.028315 -0.080105 -0.027603 0.143783 
2.083341 -0.131243 0.695270 0.656144 0.212491 -0.016861 -0.041860 0.027578 0.003826 0.090875 0.100943 -0.011217 
2.168464 0.315409 0.270185 0.661507 0.315624 -0.006214 0.056273 -0.025909 -0.116344 -0.113997 0.112395 0.150897 
1.702220 0.845344 0.671668 0.702857 0.447895 0.028722 -0.117680 0.020371 0.096198 0.015750 0.010112 0.045741 
1.091499 0.591058 0.427252 0.347427 0.299108 0.267468 0.247745 0.233483 0.225241 0.221921 0.218268 0.134285 
1.078710 0.582391 0.421629 0.341322 0.297378 0.272407 0.253181 0.237398 0.228452 0.220832 0.218434 0.132784 
1.081049 0.581027 0.419737 0.342679 0.298987 0.270808 0.253571 0.240174 0.228385 0.218813 0.217326 0.132835 
1.077356 0.580417 0.418837 0.342761 0.299001 0.270048 0.254026 0.237895 0.228391 0.221993 0.218642 0.132543 
1.078039 0.585002 0.422787 0.342766 0.299095 0.268108 0.250312 0.237502 0.229263 0.221560 0.219586 0.132928 
1.078192 0.582138 0.420968 0.344564 0.298727 0.269356 0.251027 0.236733 0.228297 0.224000 0.218589 0.132804 
