1.070010 0.583331 0.424576 0.344718 0.295387 0.271573 0.251709 0.238485 0.230466 0.217569 0.219512 0.132376 
1.071242 0.584205 0.423941 0.342383 0.297955 0.270501 0.250504 0.238787 0.226002 0.223201 0.218593 0.132362 
1.065283 0.587568 0.419229 0.343003 0.298607 0.267521 0.251925 0.235420 0.228914 0.227382 0.217746 0.131985 
1.029274 0.559416 0.446020 0.352274 0.277766 0.279995 0.266964 0.215360 0.230028 0.236647 0.211258 0.128292 
1.040557 0.579972 0.419611 0.322364 0.312688 0.289576 0.252259 0.226550 0.233756 0.232650 0.201255 0.130458 
1.030067 0.502576 0.332119 0.245503 0.324501 0.377792 0.272534 0.189307 0.207011 0.229717 0.251837 0.124847 
0.872131 -0.077907 0.665637 0.623632 0.198055 0.125358 -0.195487 -0.282771 0.048239 0.000736 -0.257386 -0.107002 
0.651570 -0.097117 0.746046 1.044933 0.055077 -0.343668 0.009476 0.025616 -0.094643 -0.232103 -0.126053 -0.007978 
1.099911 0.207433 0.574650 1.248138 0.128687 0.081040 0.037504 -0.001082 0.228072 -0.124315 -0.074899 -0.092627 
1.163069 0.486938 0.725610 1.503310 0.080823 -0.149541 0.011418 0.132867 0.035767 -0.260790 -0.004707 -0.068209 
1.808834 0.625373 0.282950 0.836381 0.174463 -0.069377 0.026925 0.111969 0.023954 -0.145542 -0.025479 0.045829 
0.906076 0.170210 0.488236 0.434370 0.361670 0.267613 0.225357 0.276948 0.241728 0.255852 0.111285 0.097226 
1.070406 0.413376 0.345271 0.304638 0.347669 0.358656 0.279447 0.224521 0.217217 0.243354 0.168080 0.120035 
1.022840 0.484354 0.380947 0.326442 0.338211 0.314630 0.254732 0.194449 0.219621 0.260231 0.217910 0.118743 
0.958344 0.432409 0.560945 0.384382 0.151677 0.358597 0.349855 0.109594 0.254802 0.353346 0.084988 0.105857 
1.027775 0.494983 0.495054 0.388054 0.208401 0.306622 0.290778 0.171854 0.230878 0.299582 0.167458 0.117573 
1.073621 0.578793 0.425531 0.346439 0.290412 0.274871 0.253605 0.230470 0.229639 0.227192 0.215546 0.132235 
