1.075003 0.581501 0.422321 0.342956 0.298040 0.269357 0.251988 0.237195 0.228206 0.224029 0.218664 0.132520 
1.075837 0.580900 0.420423 0.343822 0.298438 0.270702 0.251634 0.238100 0.228957 0.223370 0.217661 0.132580 
1.074117 0.582554 0.422245 0.343685 0.297299 0.271380 0.251824 0.235921 0.229862 0.224717 0.216555 0.132617 
1.050192 0.598225 0.404158 0.355325 0.292803 0.274362 0.250749 0.238217 0.229316 0.229250 0.211571 0.131574 
1.007878 0.581586 0.384087 0.340080 0.323879 0.283431 0.226867 0.243759 0.200803 0.268824 0.210615 0.126500 
1.037936 0.528144 0.445224 0.347012 0.281648 0.330024 0.240688 0.197322 0.270209 0.229933 0.184441 0.131722 
1.051600 -0.188887 0.903501 0.701353 0.119957 -0.002146 -0.208185 -0.164897 0.097056 -0.083639 -0.302320 -0.061718 
1.078983 -0.111222 0.824382 1.166080 -0.027733 -0.336563 0.097151 0.081862 -0.165185 -0.229087 -0.013317 0.002818 
1.503301 0.102897 0.866120 1.433713 -0.028857 0.076308 0.049078 0.003260 0.060803 -0.033549 -0.141875 -0.012242 
1.545331 0.158394 1.181571 1.251383 0.061655 -0.116266 0.173827 0.021102 -0.008142 -0.077827 -0.104808 -0.009967 
1.202751 -0.345406 0.769322 0.441382 0.170784 0.282659 -0.062378 0.042253 0.039330 0.070025 0.104322 -0.000582 
1.020772 0.346309 0.442849 0.368673 0.251264 0.330293 0.308706 0.129435 0.190249 0.351592 0.216130 0.081026 
1.054978 0.464964 0.359717 0.340561 0.347912 0.335712 0.260197 0.192297 0.206890 0.257921 0.211629 0.122298 
1.023960 0.523657 0.481506 0.298172 0.289304 0.345296 0.245419 0.202726 0.255030 0.232555 0.183037 0.134039 
1.014714 0.486627 0.540056 0.340356 0.203004 0.357305 0.275080 0.146135 0.291579 0.280116 0.133159 0.134779 
1.057987 0.539353 0.466533 0.353136 0.256236 0.297452 0.264205 0.211270 0.245236 0.243494 0.190958 0.130696 
1.074645 0.580254 0.424157 0.343643 0.297317 0.270875 0.250821 0.237115 0.228933 0.224824 0.216545 0.132525 
