1.077622 0.582864 0.421606 0.342743 0.299261 0.269190 0.251035 0.238681 0.228564 0.222468 0.218606 0.132814 
1.077811 0.582893 0.421018 0.343436 0.298066 0.269458 0.250789 0.237682 0.229350 0.222731 0.218956 0.132770 
1.077774 0.583666 0.421737 0.343440 0.296912 0.270353 0.250495 0.237675 0.229534 0.222120 0.218995 0.132816 
1.078424 0.582920 0.422349 0.343617 0.297655 0.269504 0.250130 0.238186 0.229270 0.222080 0.219011 0.132855 
1.076496 0.582952 0.421709 0.343186 0.298288 0.269211 0.251412 0.238264 0.228895 0.223196 0.218107 0.132736 
1.077988 0.583682 0.422062 0.343563 0.298021 0.269725 0.251122 0.238047 0.228589 0.222736 0.218135 0.132904 
1.077594 0.582851 0.421675 0.343468 0.297993 0.270192 0.251081 0.238414 0.228796 0.222809 0.218171 0.132849 
1.291114 0.362721 1.006428 0.595715 0.126819 0.009884 -0.065049 0.080188 0.051512 -0.137639 0.139894 0.155735 
0.285482 -0.039341 0.951025 0.555631 -0.072921 -0.238742 -0.026196 -0.063406 0.075077 -0.188890 0.076324 0.210415 
0.394835 -0.000748 0.958510 0.615245 -0.065242 -0.280254 0.084467 -0.061198 -0.006486 -0.250938 0.118198 0.134180 
0.545504 0.076328 1.096174 0.768331 -0.123610 -0.180672 0.189596 -0.162758 -0.054050 -0.193874 -0.033481 0.008775 
0.541921 0.298702 1.170873 0.656757 0.046359 -0.062004 0.263738 -0.149054 -0.036726 -0.222997 0.057075 -0.029850 
0.738116 0.410381 1.098940 0.937371 0.102340 -0.114386 0.289212 -0.025403 -0.017070 -0.180726 0.123136 -0.051006 
0.809456 0.467904 1.135555 0.914334 0.101845 -0.152057 0.238951 0.025370 -0.074769 -0.187801 0.006385 0.019041 
0.961695 0.571221 0.869342 0.919497 0.156425 -0.192832 0.520317 0.063564 0.063899 -0.111123 0.200422 0.081398 
1.060849 0.342273 0.751701 0.530569 0.203559 0.150439 0.165487 0.200116 0.170298 0.134535 0.291425 0.129873 
1.076186 0.576764 0.422545 0.345780 0.296848 0.268686 0.252194 0.238027 0.228492 0.223853 0.218545 0.132399 
1.078660 0.582744 0.421607 0.343688 0.298101 0.268726 0.250204 0.238757 0.229637 0.222534 0.218428 0.132849 
1.077892 0.583005 0.422026 0.343401 0.298038 0.270191 0.250709 0.238323 0.229298 0.222270 0.218173 0.132875 
1.077319 0.583317 0.422801 0.344228 0.298377 0.270199 0.250657 0.237908 0.228785 0.222007 0.218297 0.132926 
1.076567 0.583225 0.421179 0.343001 0.298948 0.269633 0.252319 0.237913 0.229384 0.222615 0.217695 0.132807 
1.078519 0.584304 0.422891 0.343349 0.298691 0.269992 0.250632 0.237410 0.228928 0.222391 0.218059 0.133032 
