1.075683 0.582352 0.421078 0.343254 0.298304 0.269797 0.251947 0.237726 0.229171 0.223402 0.217947 0.132647 
1.077159 0.582011 0.422004 0.342938 0.297928 0.270406 0.250942 0.238223 0.229412 0.223191 0.217721 0.132755 
1.076605 0.582920 0.421141 0.343011 0.298652 0.270157 0.251070 0.238504 0.229105 0.223309 0.217345 0.132750 
1.076384 0.582681 0.421825 0.343068 0.297340 0.271226 0.250360 0.238613 0.228824 0.223486 0.217868 0.132734 
1.076815 0.582835 0.421084 0.343496 0.297568 0.270564 0.251630 0.237694 0.229966 0.222623 0.217859 0.132772 
1.079639 0.585979 0.423225 0.345687 0.299831 0.272359 0.250601 0.237954 0.228229 0.220414 0.215915 0.133442 
1.224852 0.702735 0.503563 0.381070 0.301720 0.248318 0.219328 0.203128 0.193520 0.190237 0.188293 0.138093 
2.138445 1.258661 0.640223 0.185095 -0.025182 -0.024640 0.087017 0.167176 0.132357 0.047923 0.033163 -0.045716 
2.560793 1.549322 0.582810 -0.050856 -0.260261 -0.174331 0.139807 -0.060736 0.206239 0.086001 0.044301 -0.014634 
1.762559 1.500409 0.068949 -0.104270 -0.720964 -0.092664 0.321447 -0.228002 0.259263 0.125103 0.010853 -0.097557 
1.786884 1.079108 -0.384560 -0.204539 -0.731942 0.327432 0.332713 -0.039548 0.201354 0.090952 0.012602 -0.022521 
1.959127 0.606331 -0.543567 -0.007904 -0.392154 0.374327 0.198087 -0.050917 0.148020 0.077886 0.209864 0.047020 
1.923797 0.402946 -0.473125 0.217505 0.002318 0.140998 0.206851 -0.146177 0.190926 0.089153 0.374350 0.034048 
2.651975 0.194020 -0.267056 0.699638 0.179024 -0.002617 0.000429 0.068638 0.120809 0.083575 0.117717 0.042958 
2.613315 0.638182 0.073179 0.270946 0.280034 -0.004484 -0.041800 0.129698 0.035861 0.145611 0.068184 0.041265 
2.079811 1.062299 0.472486 0.143700 0.240104 0.305129 0.215525 0.147371 0.069845 0.076400 0.023389 0.037809 
1.620573 1.002676 0.698502 0.456502 0.283191 0.168204 0.108915 0.088672 0.078365 0.090190 0.107847 0.096537 
1.104741 0.603514 0.441240 0.356248 0.307929 0.275599 0.250284 0.232253 0.219051 0.210960 0.208236 0.136807 
1.079266 0.583679 0.423143 0.343246 0.298652 0.270211 0.250440 0.238477 0.227589 0.222618 0.218815 0.133108 
1.076468 0.583355 0.421402 0.342820 0.299006 0.270505 0.251530 0.238848 0.228800 0.221688 0.218560 0.132847 
1.076600 0.583074 0.421165 0.343093 0.298382 0.270437 0.250733 0.239061 0.228458 0.223476 0.217545 0.132766 
1.076288 0.582375 0.421796 0.343215 0.298085 0.270535 0.251000 0.237899 0.229019 0.223054 0.218184 0.132714 
1.076197 0.582283 0.421032 0.343397 0.297967 0.270571 0.251643 0.238198 0.229367 0.222735 0.218012 0.132711 
1.076745 0.582892 0.421532 0.343173 0.297872 0.270115 0.251376 0.237853 0.230043 0.222701 0.217865 0.132775 
