1.049193 0.596200 0.430534 0.337265 0.302713 0.271949 0.226795 0.235828 0.231189 0.215544 0.228895 0.130061 
1.068357 0.576080 0.430932 0.350626 0.296487 0.262969 0.247749 0.242599 0.238462 0.215238 0.206764 0.131851 
1.074311 0.598172 0.427224 0.348279 0.301453 0.272591 0.247174 0.231072 0.235008 0.220973 0.199951 0.133274 
1.055871 0.583976 0.415617 0.361019 0.275707 0.278254 0.251834 0.237776 0.234708 0.210807 0.220190 0.130469 
1.069937 0.592051 0.429845 0.330964 0.300918 0.269422 0.239843 0.252810 0.214432 0.218392 0.220212 0.131281 
1.118736 0.479520 0.369069 0.441442 0.301048 0.206814 0.161465 0.410804 0.255855 0.105333 0.164679 0.150522 
0.851423 0.283579 0.487876 0.504266 0.344462 0.138891 0.209425 0.297105 0.229832 0.301956 0.077565 0.103815 
0.830656 0.039914 0.489976 0.659651 0.319167 0.038337 0.257698 0.316305 0.341576 0.221339 0.000266 0.125877 
2.376330 -0.031321 0.620466 0.999309 -0.080672 -0.098322 -0.166135 -0.016267 -0.152753 -0.133142 -0.195579 -0.046511 
1.546173 -0.138426 0.905096 0.705970 0.074343 -0.203244 -0.227291 -0.012003 -0.150898 -0.350295 -0.078452 0.015613 
1.157560 0.062244 1.052156 0.646476 -0.046029 -0.174106 -0.154688 0.113234 -0.215978 -0.299482 -0.054884 0.001786 
1.555859 0.144115 1.255972 0.652733 -0.054026 -0.047875 -0.145536 0.059804 -0.199825 -0.346347 0.005975 -0.015410 
1.632488 0.631450 0.911224 0.739790 -0.024602 0.203969 -0.180402 0.152058 -0.207898 -0.351133 -0.046511 0.044983 
2.076218 1.159485 0.940156 0.660311 -0.275077 0.056110 -0.054039 0.213294 -0.161073 -0.224902 0.001372 -0.011427 
2.021097 1.331008 0.888801 0.517342 0.278190 0.118951 0.040970 0.044742 -0.005139 -0.041737 -0.020677 -0.024384 
1.307671 0.785337 0.582588 0.428131 0.326997 0.244786 0.167084 0.127648 0.080226 0.056374 0.080802 0.058789 
1.142218 0.641119 0.477971 0.384151 0.318198 0.267324 0.239914 0.223612 0.190600 0.182834 0.196071 0.135107 
1.073262 0.606215 0.427259 0.350391 0.304672 0.261068 0.258990 0.236305 0.216918 0.226579 0.193886 0.133444 
1.065628 0.586453 0.419941 0.343626 0.305411 0.267579 0.253843 0.251039 0.205982 0.226669 0.207913 0.131562 
1.069113 0.588666 0.419399 0.345027 0.296835 0.279224 0.239528 0.234548 0.228291 0.217620 0.220626 0.131678 
1.064425 0.585669 0.441074 0.320207 0.292462 0.265908 0.243443 0.244594 0.216440 0.231195 0.222463 0.130259 
1.038271 0.593144 0.417454 0.345973 0.292718 0.278743 0.249489 0.247980 0.220595 0.217464 0.218091 0.130133 
