1.072996 0.560892 0.363811 0.289177 0.306761 0.323024 0.317180 0.289032 0.184155 0.189889 0.182831 0.130253 
1.240969 0.415143 0.145947 0.153871 0.341452 0.459024 0.437275 0.344491 0.150197 0.024904 0.143533 0.152419 
1.086018 0.504289 0.201660 0.306800 0.326364 0.390453 0.350401 0.238644 0.208769 0.132416 0.204628 0.134082 
0.993323 0.602836 0.257865 0.336988 0.284664 0.304099 0.318483 0.236771 0.201913 0.222939 0.207647 0.121020 
0.879784 0.343790 0.199245 0.362393 0.405744 0.362108 0.211030 0.206686 0.354371 0.177884 0.162329 0.075116 
1.191481 0.381268 0.735720 0.281630 0.406404 0.412137 -0.023318 0.004106 0.141971 0.040476 0.060744 0.066534 
2.023477 0.915088 0.909004 0.646496 0.015864 -0.341611 -0.290496 -0.068717 -0.078161 -0.399019 -0.173447 0.066607 
2.039694 0.490037 0.835231 0.980091 0.051041 -0.525848 -0.164165 0.073817 -0.243945 -0.326410 -0.176983 0.045265 
1.459779 0.692033 0.713698 0.965199 0.455847 0.203284 0.111538 0.326376 0.165785 -0.006658 0.003093 0.090350 
1.335454 0.693717 0.655242 0.542157 0.354108 0.138001 0.045431 0.135847 0.167879 0.034559 0.108620 0.091159 
1.520304 -0.225240 0.096558 0.352429 0.308477 0.310276 0.159563 0.040158 0.136920 0.132840 0.211667 0.143374 
0.810168 -0.039885 0.490364 0.339700 0.224447 0.202978 0.217124 0.230000 0.313754 0.325777 0.085624 -0.026404 
0.943857 -0.128336 0.289973 0.230781 0.403443 0.312626 0.288812 0.300915 0.266383 0.189567 0.188732 0.007817 
0.829575 0.033758 0.449501 0.201058 0.341671 0.470783 0.215839 0.200120 0.274207 0.229802 0.170224 0.061841 
