1.076861 0.582233 0.420564 0.343574 0.298392 0.269917 0.250742 0.238739 0.229164 0.222896 0.218371 0.132711 
1.077290 0.582200 0.421348 0.343012 0.298189 0.269952 0.251123 0.238433 0.228860 0.223224 0.218278 0.132749 
1.077131 0.581335 0.421569 0.342383 0.298744 0.270801 0.251230 0.237966 0.229628 0.222703 0.218030 0.132721 
1.076853 0.581686 0.420992 0.343253 0.298735 0.270396 0.251132 0.238081 0.229956 0.221786 0.218475 0.132706 
1.076968 0.581967 0.422038 0.342474 0.298201 0.270019 0.251173 0.238674 0.229038 0.222688 0.218386 0.132726 
1.076857 0.582114 0.421035 0.343270 0.299023 0.269849 0.251385 0.238761 0.229674 0.222733 0.217238 0.132761 
0.131908 0.139391 0.898482 0.708190 -0.203667 -0.101559 0.033861 -0.004336 0.054201 -0.158631 0.002383 0.245266 
0.245991 0.102849 0.884796 0.690055 -0.173642 -0.060271 0.162506 -0.052399 -0.062218 -0.132914 -0.007814 0.162617 
0.308607 0.174240 1.041254 0.726090 -0.107651 -0.034743 0.181242 -0.082348 -0.056010 -0.182252 -0.073585 0.111255 
0.295775 0.281328 1.105241 0.735366 -0.062799 -0.062640 0.336487 -0.177571 -0.086203 -0.114009 -0.013652 -0.036655 
0.333878 0.382146 1.259960 0.580761 0.034319 -0.036053 0.216409 -0.045229 0.084320 -0.161674 0.061683 0.136230 
0.546853 0.576588 1.260464 0.749355 -0.052087 -0.027570 0.323069 -0.187976 0.038794 -0.198931 0.040731 0.004992 
0.947363 0.546438 0.946006 0.719499 0.070073 -0.020371 0.464153 0.050417 0.136033 -0.073267 0.186447 0.090939 
0.999846 0.519247 0.593544 0.580150 0.203379 0.098393 0.539045 0.138313 0.101453 0.134254 0.331460 0.083738 
1.073188 0.568445 0.424606 0.348686 0.298918 0.268448 0.249697 0.234567 0.231064 0.228350 0.216041 0.131821 
1.076985 0.581868 0.422775 0.344059 0.297612 0.269314 0.251437 0.239012 0.228903 0.222334 0.218079 0.132796 
1.077132 0.581845 0.421801 0.343287 0.297968 0.270436 0.251181 0.237475 0.229008 0.222619 0.219031 0.132738 
1.077365 0.582075 0.421000 0.343702 0.298501 0.269267 0.251221 0.238967 0.228826 0.223101 0.218012 0.132763 
1.077201 0.581979 0.421215 0.343727 0.298670 0.269789 0.250520 0.238695 0.229293 0.223444 0.217413 0.132757 
1.076763 0.582281 0.421300 0.343887 0.298249 0.269491 0.252002 0.238481 0.228673 0.222711 0.218027 0.132752 
