1.052310 0.588403 0.424509 0.356708 0.295493 0.268990 0.245705 0.236800 0.229260 0.228427 0.205452 0.131532 
1.044364 0.586555 0.432135 0.325723 0.290390 0.267160 0.234703 0.244081 0.227367 0.226375 0.230723 0.128558 
1.056320 0.580802 0.408820 0.337366 0.291006 0.275326 0.244729 0.250765 0.240451 0.223920 0.205916 0.129749 
1.072551 0.583279 0.437733 0.334706 0.288601 0.278412 0.237739 0.234206 0.228793 0.220450 0.221249 0.131736 
1.042347 0.591520 0.437395 0.343228 0.281950 0.287154 0.234122 0.235157 0.240276 0.206163 0.225645 0.130680 
0.947794 0.054352 0.517640 0.748048 0.278586 0.033374 0.105081 0.344738 0.338452 0.104728 0.112573 0.163924 
0.719301 0.126937 0.531674 0.631823 0.163401 0.123329 0.379242 0.253127 0.284890 0.210697 0.028518 0.133167 
1.200411 0.203257 0.511198 0.603742 0.204171 -0.050662 0.025370 0.106108 0.124721 0.033776 -0.121796 0.059952 
1.852027 -0.117459 0.672488 1.008289 -0.025444 -0.152773 -0.186891 -0.079981 -0.076540 -0.185622 -0.234498 -0.038800 
0.952303 -0.054646 0.684213 0.870135 -0.044119 -0.244678 -0.218715 0.010287 -0.155916 -0.255711 -0.156239 -0.040121 
0.853040 0.183069 0.831099 0.919262 -0.095672 -0.092749 -0.181189 0.018152 -0.188513 -0.240885 -0.080128 -0.072690 
1.057089 0.213435 0.964875 0.920559 -0.015449 -0.111055 -0.127750 0.074774 -0.246862 -0.232266 -0.044457 -0.099771 
1.442588 0.287478 0.966343 0.924076 -0.034292 0.078357 -0.023373 -0.107418 -0.230268 -0.147913 -0.065043 -0.159609 
1.801740 0.359591 0.848010 0.897242 -0.222828 -0.158083 0.111112 0.165724 -0.276480 -0.147641 -0.002625 -0.034768 
2.160405 1.280762 0.911432 0.471892 0.048094 0.001494 0.088960 0.076722 -0.048500 -0.121630 -0.020187 -0.091163 
2.167424 1.414268 1.089385 0.729577 0.300124 0.097547 0.055820 0.032844 -0.074284 -0.073539 -0.072240 -0.058214 
1.372193 0.822386 0.705150 0.539587 0.354295 0.237238 0.176657 0.130159 0.018118 0.016763 0.114053 0.034060 
1.089945 0.651646 0.463147 0.387081 0.307394 0.274065 0.228594 0.243927 0.187265 0.207861 0.188888 0.136042 
1.072817 0.595032 0.443963 0.352244 0.293128 0.266219 0.252131 0.232790 0.222297 0.220960 0.210903 0.133546 
1.061264 0.574055 0.454095 0.340208 0.286539 0.273881 0.260855 0.215170 0.232709 0.238048 0.199446 0.131807 
1.059423 0.590559 0.423461 0.338234 0.283102 0.271458 0.264901 0.235516 0.221213 0.217268 0.222737 0.130364 
1.077740 0.588955 0.423975 0.340829 0.285811 0.271452 0.248573 0.232646 0.233548 0.228644 0.207042 0.131807 
