1.075511 0.582084 0.423497 0.345646 0.296538 0.269777 0.247181 0.238765 0.229391 0.223074 0.217765 0.132541 
1.074931 0.584173 0.420356 0.344708 0.296869 0.267006 0.253148 0.236967 0.228787 0.223302 0.218604 0.132489 
1.076834 0.581796 0.422849 0.345021 0.296725 0.269214 0.248765 0.237098 0.228962 0.224396 0.218212 0.132576 
1.070424 0.581542 0.421856 0.342281 0.295354 0.268576 0.251874 0.238669 0.229758 0.224159 0.218625 0.131985 
1.075450 0.584114 0.421630 0.337479 0.296257 0.267303 0.247809 0.238053 0.231835 0.224851 0.220575 0.132157 
1.034692 0.598348 0.441829 0.300538 0.344233 0.235084 0.256429 0.254112 0.200830 0.256338 0.201596 0.131239 
0.816251 0.758830 0.344151 0.325181 0.389615 0.159559 0.359021 0.152429 0.279250 0.234735 0.180161 0.146726 
0.649604 0.902807 0.137923 0.502735 0.239611 0.280323 0.253468 0.178486 0.292996 0.215895 0.243774 0.083720 
0.972531 0.936637 0.520309 0.590795 0.209396 0.355442 0.232716 0.142426 0.119858 0.217378 0.096974 0.123046 
0.915125 0.715314 0.684364 0.794035 0.136241 -0.215974 0.125777 -0.114249 -0.017926 0.057727 -0.200875 -0.014567 
0.543246 0.704279 0.618838 0.762173 0.281704 -0.373056 0.029067 -0.093401 -0.114546 0.031687 -0.261065 -0.013018 
0.512160 0.458713 0.492004 0.844237 0.123012 -0.407960 -0.005556 -0.139670 -0.060547 -0.080091 -0.255286 -0.015951 
1.764390 0.088762 0.558401 0.033912 0.290232 0.080450 -0.078515 -0.060233 -0.260074 -0.177737 -0.030070 -0.060509 
2.172142 0.555183 0.406372 -0.392321 -0.035229 -0.218120 0.303394 0.011157 -0.226556 -0.098295 -0.236034 -0.010433 
2.557719 0.691988 0.340741 -0.055953 -0.392148 -0.364823 0.428754 -0.209176 0.026589 0.012151 -0.084280 -0.157505 
3.127709 0.584868 0.489346 0.024852 -0.638092 -0.112414 0.163982 -0.063123 -0.091370 0.084197 -0.065083 -0.168824 
3.011223 1.095595 0.344537 -0.148292 -0.556485 -0.171210 0.313112 0.071151 -0.055806 0.117562 -0.039334 -0.191936 
2.743856 1.227331 0.516112 -0.000221 -0.434710 -0.194984 0.249064 0.080041 -0.120513 0.141228 -0.019380 -0.148335 
2.012776 1.115031 0.494425 0.071889 -0.070850 0.012192 0.150192 0.182345 0.103836 0.004904 0.031758 -0.020027 
1.405691 0.842316 0.579835 0.396060 0.258302 0.155985 0.087810 0.055845 0.058601 0.108932 0.228467 0.137675 
1.104990 0.606328 0.436809 0.351899 0.295700 0.265577 0.240216 0.227146 0.220765 0.218342 0.219281 0.135517 
1.073709 0.585609 0.424209 0.343778 0.296346 0.271366 0.247876 0.236759 0.230289 0.218917 0.220727 0.132550 
1.074807 0.583538 0.426882 0.340522 0.297325 0.270881 0.246642 0.238484 0.228036 0.222100 0.219623 0.132486 
1.075766 0.579814 0.422715 0.343256 0.299758 0.269953 0.251457 0.237319 0.231687 0.223940 0.214126 0.132603 
1.077601 0.581086 0.426992 0.344933 0.295590 0.270773 0.249889 0.235766 0.227853 0.225424 0.216762 0.132813 
1.074657 0.582991 0.421536 0.341932 0.299154 0.270736 0.252258 0.237148 0.228849 0.222775 0.217375 0.132556 
