1.019323 0.559097 0.454529 0.326960 0.306663 0.294138 0.233865 0.244829 0.205580 0.234391 0.208318 0.126866 
0.996284 0.597071 0.422567 0.323824 0.288415 0.295544 0.214768 0.260681 0.207470 0.260581 0.203654 0.127545 
0.985357 0.586891 0.431169 0.380372 0.299777 0.270412 0.260417 0.234463 0.227543 0.230907 0.181517 0.131044 
0.998148 0.571004 0.486686 0.309337 0.291704 0.284134 0.238534 0.228491 0.250363 0.195072 0.228706 0.128120 
1.028570 0.594989 0.451856 0.353134 0.285696 0.273232 0.229126 0.247976 0.222186 0.195526 0.231784 0.128766 
1.301716 0.421344 0.125663 0.326499 0.376604 0.290388 0.222499 0.307864 0.350034 0.145629 0.083252 0.071350 
2.622762 0.687070 0.123779 0.207987 -0.120733 -0.455508 0.190340 0.168271 0.022800 -0.277656 -0.139331 -0.043053 
2.265775 0.834497 0.594329 -0.158144 -0.150397 -0.589953 0.167823 0.285748 -0.276366 -0.047713 -0.044665 -0.109947 
2.131913 0.859078 0.671328 -0.274861 -0.147697 -0.622438 0.171983 0.298690 -0.306614 -0.009477 -0.054918 -0.162341 
2.413700 0.747038 0.747601 -0.196746 -0.133206 -0.557805 0.235431 0.243166 -0.254078 0.111121 -0.065885 -0.164188 
2.303306 1.096296 0.818785 0.002324 -0.187153 -0.523495 0.142337 0.126494 -0.339906 0.038586 -0.019954 -0.187028 
2.594203 1.506757 0.859726 0.073116 0.038517 -0.400388 0.264059 0.236535 -0.215759 0.082893 -0.200641 -0.238292 
2.421447 1.360320 0.676201 0.150255 -0.143197 -0.099681 0.084726 0.099332 -0.012801 -0.059145 -0.104477 -0.196000 
2.179632 1.321143 0.715197 0.232032 -0.013195 -0.048656 0.047923 0.112773 0.045196 -0.047685 0.016327 -0.058484 
2.173222 1.509121 1.194390 0.272962 0.274950 0.167844 -0.137926 0.228173 -0.038698 -0.133366 0.114965 -0.093057 
1.450816 1.134117 1.060541 0.389080 0.461003 0.219065 0.035666 0.151207 -0.097976 -0.043999 0.067745 -0.084546 
1.032395 0.640976 0.468707 0.382357 0.315447 0.269350 0.190974 0.263845 0.227865 0.182247 0.189980 0.132893 
1.003459 0.612620 0.441634 0.369381 0.283597 0.269445 0.226433 0.247574 0.200686 0.222899 0.224528 0.128076 
0.987478 0.583720 0.456674 0.317097 0.310686 0.281610 0.220188 0.258699 0.203628 0.277085 0.175899 0.128244 
1.022474 0.559725 0.433100 0.341225 0.294354 0.277425 0.263585 0.231246 0.225890 0.215916 0.223948 0.127088 
1.032800 0.561171 0.447350 0.333568 0.289157 0.300218 0.252610 0.230141 0.202123 0.209979 0.239641 0.127234 
