1.076908 0.582375 0.421411 0.343733 0.297934 0.270296 0.251389 0.238363 0.228973 0.222368 0.218420 0.132776 
1.076263 0.582747 0.421063 0.343190 0.297753 0.270097 0.251719 0.238811 0.228540 0.222928 0.218316 0.132710 
1.076156 0.582728 0.420862 0.343048 0.298593 0.270060 0.251645 0.238780 0.229160 0.222687 0.217714 0.132717 
1.076882 0.581710 0.421764 0.342883 0.298181 0.271011 0.250760 0.238293 0.229268 0.222829 0.217998 0.132726 
1.075825 0.583479 0.420819 0.342761 0.298970 0.270279 0.250955 0.239030 0.228757 0.222407 0.218302 0.132726 
1.076962 0.582854 0.421294 0.342843 0.298490 0.269936 0.251265 0.238268 0.229743 0.222549 0.218016 0.132779 
1.114470 0.213672 1.049991 0.486985 -0.004905 -0.046576 0.084737 0.012360 0.017017 -0.145887 0.132682 0.166950 
0.370704 -0.051051 1.077533 0.430293 -0.059021 -0.170206 0.067604 0.024119 -0.005042 -0.067241 0.104323 0.135752 
0.418442 -0.036861 1.109094 0.470009 -0.011920 -0.242261 0.180690 -0.064897 -0.076194 -0.022076 -0.013909 0.086660 
0.720966 -0.115554 1.046281 0.634078 0.001081 -0.233817 0.140904 0.012982 -0.114123 -0.067865 -0.007173 0.044398 
0.774190 -0.059369 1.030813 0.760120 0.108748 -0.205892 0.229550 -0.021660 -0.109092 -0.165509 0.016047 0.043291 
0.790126 0.042473 1.206896 0.617980 0.214247 -0.088086 0.132845 0.047739 -0.086698 -0.180117 -0.019322 0.045437 
1.034494 0.297108 1.046587 0.907359 0.133674 -0.035386 0.257792 -0.036659 0.021832 -0.157797 0.045345 -0.008348 
1.100303 0.350025 1.046381 0.745579 0.153981 0.072737 0.278665 -0.011101 0.138453 -0.002039 -0.015524 0.072851 
1.186688 0.297150 0.638859 0.784954 0.212805 0.037248 0.425623 0.358421 0.049928 0.088591 0.226493 0.170623 
1.084262 0.576649 0.424720 0.354298 0.301145 0.262192 0.251017 0.242727 0.225293 0.216500 0.218351 0.133344 
1.076561 0.580921 0.422488 0.344300 0.297397 0.269098 0.251643 0.238909 0.228031 0.222258 0.219427 0.132674 
1.077098 0.583389 0.421742 0.343737 0.298557 0.269936 0.250984 0.238124 0.228853 0.223316 0.217461 0.132867 
1.076595 0.582588 0.421022 0.343280 0.298210 0.270410 0.251127 0.238389 0.228922 0.222518 0.218727 0.132740 
1.076624 0.582946 0.420846 0.343885 0.297961 0.270327 0.251005 0.238032 0.229651 0.222927 0.217956 0.132774 
1.076602 0.582113 0.421270 0.343423 0.298403 0.269999 0.250910 0.238666 0.229359 0.222363 0.218423 0.132720 
