1.140610 0.567892 0.452723 0.306849 0.242405 0.210508 0.199663 0.179564 0.181385 0.285218 0.319867 0.137005 
1.053938 0.529518 0.493348 0.373099 0.208875 0.297970 0.300570 0.139532 0.160521 0.313303 0.216855 0.110652 
0.971793 0.603358 0.406862 0.383616 0.249916 0.335053 0.221223 0.199678 0.164441 0.269840 0.219377 0.124552 
1.000303 0.568190 0.392663 0.269696 0.289235 0.351582 0.252342 0.217789 0.158477 0.353539 0.101035 0.129778 
1.275388 0.481018 0.284387 0.201458 0.242007 0.397963 0.326557 0.102393 0.017207 0.277718 0.228772 0.147994 
0.995365 0.346815 0.269131 0.246114 0.226867 0.496510 0.257836 0.148300 0.101673 0.220975 0.293410 0.118414 
2.789164 -0.375351 0.552885 0.438797 -0.003177 0.010701 -0.198114 -0.393821 -0.044886 0.092651 -0.145160 -0.081573 
2.407195 -0.559832 0.405434 0.517597 -0.050583 -0.193680 -0.243177 -0.378379 -0.167158 0.063671 -0.035063 -0.102817 
3.031568 -0.667556 0.198660 0.373439 0.114206 0.039116 -0.125667 -0.304022 -0.230046 -0.055252 0.029549 0.051375 
3.110246 -0.407159 0.004467 0.761180 0.179090 -0.110846 -0.096239 -0.156079 -0.217224 -0.023793 0.122569 0.061829 
2.857655 0.339388 -0.181848 0.096120 -0.107240 -0.198692 0.092590 0.074765 -0.132403 -0.102428 0.157730 0.266375 
2.736436 0.180337 -0.305652 0.061704 -0.052130 -0.154884 0.068104 0.073171 -0.100952 0.023075 0.274328 0.303179 
2.777422 0.332942 -0.075001 0.413539 0.190020 -0.224435 -0.143794 0.042942 0.100777 0.082007 0.093293 0.110449 
2.748468 0.630574 0.050494 0.258312 0.185994 -0.157732 -0.190949 0.058564 0.084166 0.083875 0.013192 0.054556 
2.135450 0.669405 0.432216 0.633325 0.550754 0.047886 -0.162154 0.071927 0.205630 0.084588 -0.034315 -0.001726 
1.331769 0.721141 0.494995 0.379135 0.292018 0.215494 0.135200 0.087943 0.132070 0.162926 0.229427 0.136258 
1.289890 0.679990 0.486799 0.387128 0.284417 0.175122 0.072053 0.122533 0.198536 0.227998 0.246522 0.151102 
1.189309 0.585419 0.433343 0.360560 0.272017 0.207892 0.154635 0.185279 0.263430 0.246823 0.243543 0.139348 
1.179242 0.593810 0.443833 0.340107 0.274483 0.212633 0.156787 0.179911 0.218798 0.268936 0.258881 0.139689 
1.143692 0.601291 0.396464 0.361887 0.282137 0.190389 0.163341 0.199173 0.239335 0.273853 0.262833 0.136899 
1.142179 0.621117 0.448369 0.340516 0.278928 0.238494 0.169273 0.194434 0.214326 0.236051 0.264052 0.138536 
