1.074621 0.583523 0.423352 0.342270 0.297573 0.269067 0.248413 0.238880 0.229943 0.220469 0.220796 0.132483 
1.073707 0.583598 0.421242 0.342775 0.299629 0.270418 0.249233 0.240759 0.227699 0.224335 0.216382 0.132588 
1.077339 0.585133 0.425337 0.344020 0.298527 0.265290 0.250307 0.237777 0.229677 0.222469 0.217676 0.132912 
1.072882 0.586175 0.420463 0.348490 0.294983 0.268312 0.250376 0.237590 0.226053 0.224668 0.219037 0.132515 
1.097841 0.574152 0.407782 0.331688 0.295362 0.271556 0.254079 0.247047 0.237300 0.215175 0.213190 0.131920 
1.111865 0.599623 0.420856 0.331015 0.284057 0.267951 0.255937 0.247862 0.234708 0.219432 0.213293 0.135151 
2.934403 0.990418 0.471702 0.014293 -0.417982 -0.329691 0.380122 0.024965 -0.082952 0.093369 0.065753 -0.120746 
3.036992 0.677436 0.581448 0.014891 -0.519951 -0.230459 0.133390 -0.045145 0.025610 0.134434 -0.000358 -0.105993 
2.835764 0.671633 0.594554 0.046925 -0.587188 -0.108782 0.146587 -0.008426 -0.021884 0.129599 -0.007893 -0.131333 
2.628903 0.601797 0.382079 -0.089372 -0.241918 -0.135832 0.482870 -0.051402 -0.065944 0.075513 -0.057438 -0.067984 
2.693521 0.323165 0.418300 -0.062721 -0.211427 0.163312 0.178212 0.030854 -0.120274 -0.124939 -0.076258 -0.003374 
2.539639 0.471980 0.501604 0.172592 0.050119 0.395963 0.035377 -0.193522 0.014098 -0.049133 -0.049094 0.148690 
1.905132 0.656532 0.609622 0.501089 0.306205 0.058794 -0.056389 0.030465 0.109630 -0.206458 0.084394 0.173419 
1.113386 0.050945 0.709054 0.369604 0.411213 0.320867 0.201191 0.115472 0.095372 0.064282 0.191151 0.134595 
1.091157 0.589110 0.426661 0.344155 0.300710 0.267603 0.235635 0.236043 0.224930 0.218132 0.225665 0.133438 
1.076311 0.582631 0.421803 0.340644 0.300193 0.267191 0.254788 0.235326 0.228742 0.224902 0.216243 0.132513 
1.074871 0.584274 0.419841 0.343209 0.298694 0.270106 0.251000 0.236999 0.229951 0.223093 0.217661 0.132569 
1.075308 0.586712 0.419320 0.344262 0.298188 0.268990 0.250476 0.235232 0.229859 0.222509 0.219833 0.132633 
1.075745 0.586013 0.423915 0.344898 0.298586 0.267467 0.250648 0.235479 0.227449 0.223279 0.218703 0.132779 
