1.076614 0.582842 0.421467 0.343737 0.298551 0.269846 0.251102 0.237550 0.229039 0.222795 0.218680 0.132777 
1.076250 0.581959 0.420549 0.343201 0.298295 0.270482 0.251343 0.237679 0.230114 0.222526 0.218549 0.132666 
1.076675 0.582717 0.421294 0.343678 0.298639 0.268895 0.251283 0.238142 0.229227 0.223160 0.218257 0.132756 
1.077133 0.581856 0.421458 0.343213 0.298215 0.270047 0.250773 0.238530 0.229407 0.222536 0.218445 0.132726 
1.077010 0.582439 0.421160 0.343192 0.299122 0.270501 0.251359 0.238044 0.229831 0.222289 0.217231 0.132785 
1.106442 0.588228 0.445677 0.355460 0.291726 0.265612 0.244274 0.230712 0.221238 0.213872 0.217683 0.134975 
1.492348 0.364377 0.845993 0.370447 0.187609 0.299156 0.037605 0.175974 0.155413 -0.010357 0.185932 0.161415 
1.828700 -0.088756 0.745734 0.490371 0.089164 0.337531 -0.052827 0.073379 0.050069 0.039768 0.232737 0.150741 
1.348835 -0.218780 -0.155062 0.086134 0.090658 0.140040 -0.261101 -0.084815 0.376520 0.233714 0.253239 0.190202 
1.344007 -0.174837 -0.026940 -0.312725 0.306692 0.115398 -0.160777 -0.082711 0.254868 0.187683 0.343980 0.250271 
1.345815 -0.417582 0.063552 -0.329867 0.344901 0.033837 -0.062308 -0.137461 0.275877 0.293834 0.227091 0.346219 
1.397426 -0.593202 0.198629 -0.010935 0.134753 -0.024301 -0.089376 -0.148203 0.385530 0.328563 0.116899 0.243121 
1.259463 -0.628116 0.561271 0.187080 0.145706 -0.239383 -0.073979 0.198412 0.112577 0.145669 0.168117 0.151054 
1.400053 -0.393898 0.769717 0.338766 0.182521 -0.228819 0.043278 -0.005085 0.066886 0.057557 0.072861 0.300923 
1.617189 -0.180148 0.923349 0.470860 -0.059591 -0.070446 0.181769 -0.029771 0.087359 0.040611 0.060801 0.245303 
1.559106 0.026141 0.823861 0.464700 0.074811 -0.058231 0.148151 0.056114 0.046761 0.006350 0.150175 0.190439 
1.222873 0.586606 0.505156 0.446838 0.298604 0.225206 0.214320 0.178771 0.164149 0.197284 0.229215 0.135207 
1.079435 0.581388 0.423789 0.344974 0.298370 0.268229 0.250194 0.238005 0.226756 0.222214 0.219498 0.132832 
1.077416 0.578373 0.421293 0.345989 0.299819 0.269268 0.249781 0.237960 0.229401 0.222334 0.218758 0.132624 
1.077870 0.582120 0.421532 0.343508 0.297537 0.270133 0.251278 0.238422 0.229062 0.222326 0.218719 0.132801 
1.076600 0.582086 0.421626 0.342112 0.298496 0.270020 0.251448 0.238544 0.228520 0.222759 0.219236 0.132705 
1.076645 0.582803 0.421336 0.342715 0.298162 0.270555 0.251170 0.238029 0.229038 0.222986 0.218438 0.132747 
1.076549 0.582716 0.421033 0.343037 0.298061 0.270148 0.251350 0.237446 0.229540 0.223232 0.218449 0.132718 
