1.070045 0.585267 0.424110 0.340972 0.299678 0.267688 0.251919 0.237725 0.229674 0.221206 0.218802 0.132350 
1.070594 0.582275 0.424423 0.344716 0.297195 0.269641 0.253385 0.237749 0.229428 0.220873 0.217544 0.132432 
1.074322 0.578705 0.422599 0.344631 0.296058 0.271011 0.252804 0.238072 0.228574 0.220790 0.219970 0.132380 
1.068519 0.585040 0.421353 0.347033 0.294157 0.269697 0.249465 0.239514 0.228191 0.223072 0.219331 0.132199 
1.069166 0.584885 0.421914 0.343508 0.296753 0.269128 0.251870 0.240021 0.228829 0.221439 0.218413 0.132248 
1.073670 0.581920 0.425280 0.341212 0.295509 0.271608 0.255143 0.234127 0.230245 0.225402 0.214927 0.132539 
1.263220 0.770182 -0.182550 0.685169 0.358292 0.089227 -0.027638 -0.047367 -0.009706 -0.008630 0.085977 0.064594 
2.053272 0.567757 0.002521 0.031965 0.106713 -0.425302 0.306901 0.150959 -0.219886 -0.283120 -0.146967 0.174260 
2.324355 0.612132 0.483497 -0.009588 0.085235 -0.598420 0.188604 0.155208 -0.146799 -0.093017 -0.142801 0.131478 
2.337295 0.478853 0.894752 -0.212217 -0.024364 -0.466322 0.227603 0.255008 -0.360497 0.085040 -0.022884 -0.067851 
2.159053 0.804345 0.858435 -0.112663 -0.041213 -0.573341 0.287380 0.220964 -0.206342 -0.042573 -0.042720 0.015858 
2.385341 0.709115 0.848898 0.020360 -0.104442 -0.558465 0.335878 0.206328 -0.093528 0.099917 -0.015623 -0.007311 
2.731241 0.909617 0.852682 0.259537 -0.155964 -0.477686 0.148760 0.107512 -0.131035 -0.027679 0.075388 0.000522 
2.622319 1.370931 0.862612 0.247872 -0.028122 -0.252476 0.265420 0.348236 -0.094999 0.022946 -0.019853 -0.184059 
2.594658 1.424514 0.739814 0.236185 -0.090350 -0.012704 0.245959 0.219043 0.043748 0.050973 -0.052768 -0.158455 
2.180169 1.359388 0.794271 0.342623 0.100837 0.069156 0.122625 0.138367 0.070866 -0.058473 0.021311 -0.045328 
1.637822 1.073011 0.800882 0.566999 0.393542 0.231484 0.112164 0.046408 0.006295 0.013158 0.045757 0.012280 
1.076179 0.587650 0.427084 0.344269 0.297200 0.271081 0.250624 0.234045 0.231018 0.218670 0.216401 0.132978 
1.073692 0.581056 0.427306 0.345246 0.297083 0.272221 0.251464 0.239929 0.227765 0.218618 0.216517 0.132721 
1.073775 0.582268 0.422318 0.341814 0.300071 0.268862 0.252986 0.238561 0.228113 0.223666 0.216184 0.132499 
1.075503 0.583565 0.423656 0.342764 0.295323 0.270796 0.251852 0.237342 0.231075 0.219695 0.219087 0.132650 
1.066390 0.577244 0.428400 0.338933 0.299563 0.273725 0.248961 0.238207 0.231688 0.225010 0.213969 0.132004 
