1.071206 0.583368 0.423356 0.343381 0.296332 0.273032 0.248174 0.238894 0.227919 0.222794 0.217727 0.132291 
1.064374 0.583209 0.419709 0.347027 0.297577 0.269425 0.254981 0.236800 0.225007 0.225205 0.216996 0.131804 
1.067858 0.586362 0.418957 0.344785 0.294420 0.272395 0.247229 0.238599 0.232076 0.217550 0.222566 0.131916 
1.071794 0.585982 0.420921 0.343090 0.298769 0.269262 0.248776 0.237665 0.227908 0.221620 0.221040 0.132295 
1.071501 0.578068 0.428126 0.344435 0.294683 0.274862 0.247061 0.236390 0.230766 0.222894 0.217277 0.132313 
1.072536 0.581939 0.422442 0.345150 0.297789 0.268642 0.251206 0.238004 0.229702 0.223495 0.216090 0.132364 
1.374440 0.354230 0.236931 -0.024516 0.478340 -0.276644 0.219419 0.031401 -0.354451 -0.283888 -0.075392 0.220126 
1.853604 0.660105 0.293082 -0.263648 0.199568 -0.669774 0.186548 0.357467 -0.107400 -0.092323 -0.304296 0.055372 
1.894367 1.020726 0.350654 -0.226947 0.248310 -0.767860 0.158009 0.259183 -0.157933 -0.112959 -0.295047 0.098437 
1.657290 0.957650 0.579476 -0.378686 0.140227 -0.708201 0.240095 0.358590 -0.188330 -0.000289 -0.072584 -0.027735 
1.960713 0.887692 0.675003 -0.231911 0.132460 -0.714462 0.153271 0.408831 -0.100236 -0.035661 -0.119184 0.011359 
2.194953 0.921812 0.760538 -0.050112 0.154889 -0.585293 0.066595 0.344866 -0.244788 -0.086443 -0.116902 -0.052985 
2.453914 1.131595 0.568161 0.194874 -0.089701 -0.197721 0.141077 0.299420 0.009969 -0.096128 -0.097132 -0.176283 
3.041996 1.274211 0.552497 0.223787 -0.077521 -0.217260 0.231572 0.348068 -0.159187 -0.035877 -0.069872 -0.119377 
2.623325 1.480279 0.629125 0.089449 -0.086360 -0.011079 0.129617 0.192809 0.127039 0.015135 -0.065646 -0.152602 
2.117331 1.338311 0.792438 0.392512 0.178764 0.148065 0.189817 0.187912 0.087179 -0.031255 0.037512 -0.027818 
1.379002 0.853944 0.640386 0.482877 0.355327 0.249665 0.161573 0.102991 0.075419 0.077864 0.118980 0.069424 
1.094344 0.602426 0.439287 0.349644 0.303872 0.269145 0.248346 0.228974 0.222565 0.215108 0.212514 0.135259 
1.065953 0.590578 0.428018 0.340358 0.297630 0.271719 0.241342 0.244225 0.224730 0.221078 0.220973 0.132226 
1.072642 0.582828 0.427843 0.340008 0.297737 0.273807 0.243635 0.236232 0.233711 0.216135 0.223388 0.132432 
1.068765 0.583333 0.432737 0.338916 0.301067 0.268818 0.248510 0.238892 0.225247 0.223215 0.218378 0.132376 
1.065836 0.585645 0.422984 0.343808 0.299434 0.273074 0.246703 0.239179 0.231935 0.218222 0.218965 0.132238 
