1.078513 0.576833 0.423133 0.342341 0.296778 0.265943 0.249299 0.240902 0.231240 0.221173 0.219607 0.132234 
1.093121 0.590688 0.428105 0.340797 0.292707 0.265450 0.241855 0.232570 0.228227 0.222606 0.224855 0.133663 
1.080678 0.579049 0.422333 0.339398 0.300941 0.269422 0.245322 0.235794 0.226419 0.229707 0.218795 0.132341 
0.872510 0.713741 0.397753 0.268667 0.454240 0.086639 0.413882 0.130311 0.268496 0.255944 0.154218 0.180532 
0.823494 0.814116 0.203665 0.500595 0.193563 0.349423 0.195229 0.262595 0.216242 0.244499 0.201456 0.130079 
0.992594 0.590969 0.261291 0.401192 0.363323 0.288470 0.275303 0.191864 0.239355 0.219010 0.202437 0.121454 
1.226004 0.377985 0.653873 0.544620 0.265198 0.385720 0.295711 -0.096276 0.108669 0.253618 0.054766 0.020519 
1.121884 0.001927 1.006108 0.824096 -0.060960 0.056485 -0.027547 -0.048714 0.046815 -0.016373 -0.208207 -0.019593 
0.739243 0.021837 0.852355 0.868872 -0.128042 0.007096 -0.082505 -0.080073 -0.045458 -0.037489 -0.247394 -0.028855 
1.057784 0.029322 0.745572 0.813650 -0.082773 0.110537 -0.157237 -0.186224 -0.021060 -0.015761 -0.256802 -0.077671 
1.572696 -0.047154 0.869079 0.450472 0.248905 0.246721 -0.013953 -0.075516 -0.066520 0.122943 -0.017434 -0.190339 
2.671846 -0.351587 0.809328 -0.117715 -0.076072 -0.038290 0.155783 0.183996 -0.359766 -0.195105 0.031763 -0.027191 
2.831217 0.194232 0.550005 0.250590 -0.577803 -0.162031 0.225416 0.052899 -0.035199 0.106209 0.008703 -0.123885 
2.894847 0.646600 0.321850 0.065161 -0.489477 -0.198350 0.254829 0.060345 -0.092775 0.094903 0.081875 -0.114935 
2.447426 0.904344 0.609805 0.203775 -0.319908 -0.114642 0.342200 0.169615 -0.088111 0.177331 0.172604 -0.044990 
1.865375 0.995649 0.415959 0.047865 -0.080976 -0.014953 0.123541 0.194745 0.151124 0.045953 0.059886 0.004275 
1.092782 0.586465 0.418388 0.333414 0.286483 0.263478 0.246966 0.242039 0.233218 0.227074 0.220977 0.132654 
1.089035 0.586327 0.421672 0.334452 0.283787 0.266522 0.242629 0.233968 0.238158 0.229956 0.222015 0.132568 
1.078735 0.580171 0.421457 0.341449 0.295821 0.264340 0.247852 0.237535 0.234682 0.227024 0.217254 0.132248 
1.077818 0.582485 0.421604 0.341626 0.297070 0.270239 0.249249 0.235394 0.231082 0.222566 0.220860 0.132574 
1.076823 0.582457 0.423360 0.342666 0.296670 0.268817 0.250373 0.237908 0.229265 0.223487 0.219135 0.132662 
1.073746 0.579382 0.421581 0.342673 0.297608 0.271638 0.252383 0.237881 0.229388 0.222137 0.218850 0.132358 
