1.067653 0.582453 0.423736 0.340613 0.299611 0.269196 0.252728 0.238001 0.230710 0.221911 0.217801 0.132138 
1.069217 0.583063 0.424608 0.344642 0.293824 0.273476 0.248066 0.238165 0.228663 0.221987 0.219161 0.132173 
1.073094 0.582616 0.423166 0.340452 0.302616 0.267696 0.252697 0.237160 0.226417 0.222764 0.218638 0.132380 
1.070866 0.579411 0.428411 0.336418 0.300034 0.276581 0.247538 0.237828 0.233530 0.218879 0.216461 0.132352 
1.063300 0.580724 0.425145 0.342284 0.298625 0.267974 0.253732 0.234984 0.229137 0.225571 0.217273 0.131654 
1.064911 0.576600 0.426581 0.340441 0.300982 0.265971 0.253722 0.241571 0.218781 0.228762 0.219759 0.131458 
2.031566 0.298384 0.258103 -0.214363 0.406598 -0.152359 0.029288 0.029183 -0.196475 -0.203925 -0.152715 0.131555 
2.139075 0.600955 0.597162 -0.345804 0.100074 -0.575798 -0.018517 0.443340 -0.058776 -0.140340 -0.102188 0.004636 
2.397612 0.458461 0.868192 -0.298235 -0.045276 -0.556522 -0.164479 0.430111 -0.123060 -0.104579 0.095341 0.022783 
1.882984 0.695410 0.883849 -0.303594 0.113798 -0.607229 0.027735 0.317469 -0.137173 0.044434 0.043532 0.113048 
2.401346 0.560253 1.042939 -0.232295 -0.046673 -0.532546 0.004101 0.392110 -0.223390 -0.007802 0.082214 -0.034908 
2.510358 0.941811 0.560839 0.292040 -0.255922 -0.407842 0.076495 0.299837 0.070198 -0.119765 0.058464 0.006868 
2.274158 1.246453 0.595908 0.144097 -0.139873 -0.152721 0.081683 0.214391 0.080260 -0.089413 -0.048885 -0.169124 
2.975732 1.627174 0.570536 -0.113888 -0.192043 -0.002907 0.156473 0.153844 0.043407 0.063609 -0.129234 -0.147492 
2.263274 1.383691 0.709451 0.195163 0.005259 0.027276 0.177871 0.267742 0.144934 -0.026324 -0.009765 -0.141517 
1.670943 1.060708 0.731998 0.459938 0.322673 0.241118 0.215447 0.220788 0.168358 0.109346 0.031899 0.036121 
1.147976 0.647077 0.493165 0.380771 0.324702 0.276086 0.241547 0.220357 0.203463 0.186245 0.181969 0.136784 
1.073221 0.588840 0.424404 0.346272 0.300504 0.266794 0.254315 0.236557 0.225277 0.223328 0.215338 0.133053 
1.071390 0.586162 0.429022 0.343689 0.300694 0.264349 0.255720 0.234929 0.227291 0.222339 0.216199 0.132802 
1.067160 0.585429 0.419737 0.341969 0.300307 0.268227 0.253971 0.239699 0.224856 0.223539 0.218767 0.132069 
1.067218 0.583756 0.428375 0.339905 0.301767 0.264229 0.254177 0.237318 0.231422 0.221102 0.216441 0.132317 
1.068568 0.575679 0.427800 0.340632 0.301214 0.269434 0.247487 0.242264 0.226573 0.221828 0.220032 0.131822 
