1.061603 0.582723 0.413990 0.349910 0.305490 0.271378 0.239688 0.245352 0.230476 0.224286 0.210198 0.131473 
1.044110 0.589473 0.425715 0.340710 0.299391 0.269455 0.259364 0.225471 0.235337 0.226426 0.211382 0.131001 
0.868192 0.716694 0.340679 0.355889 0.336303 0.222234 0.339857 0.148182 0.279556 0.189137 0.234339 0.117775 
0.646822 0.781421 0.242712 0.281485 0.435716 0.152669 0.419456 0.135385 0.279827 0.228256 0.182715 0.140767 
0.978584 0.352175 0.304077 0.274172 0.432031 0.255758 0.283973 0.183537 0.256892 0.300226 0.176188 0.087783 
0.977382 0.164371 0.409182 0.185482 0.362021 0.433805 0.237065 0.166849 0.271461 0.234022 0.185866 0.093046 
1.164734 -0.100175 0.935505 0.626223 -0.027285 0.059247 -0.247807 -0.290816 0.057730 -0.064675 -0.286676 -0.094483 
1.152348 -0.117159 0.914279 1.020887 -0.185132 -0.300683 0.035750 -0.095006 -0.117013 -0.204843 -0.160719 -0.054996 
1.338311 0.107683 0.697585 1.204885 -0.201460 0.035701 0.024773 -0.108578 -0.024762 0.002787 -0.087020 -0.057584 
1.606046 0.183681 0.835300 1.371135 -0.052435 0.095168 0.117887 -0.133164 0.033150 -0.006920 -0.052341 -0.079523 
1.921169 -0.244984 0.760093 0.314372 0.252891 0.187765 0.023884 0.143688 0.086803 -0.061176 -0.061568 0.008575 
0.786727 0.052670 0.410754 0.444922 0.306917 0.335008 0.437287 0.207061 0.071291 0.262588 0.120351 0.091538 
0.887119 0.198347 0.295730 0.326649 0.441211 0.425332 0.352823 0.108305 0.072837 0.344408 0.210178 0.099331 
0.745446 0.347423 0.531644 0.370427 0.253597 0.393530 0.244154 0.101081 0.367875 0.256821 0.090489 0.131238 
0.925064 0.302331 0.623993 0.390476 0.113281 0.379669 0.325458 0.066371 0.226062 0.387065 0.159968 0.061040 
1.045146 0.512924 0.456318 0.373468 0.246306 0.277430 0.260763 0.222308 0.216544 0.265165 0.207556 0.122800 
1.057228 0.571734 0.429204 0.345044 0.293477 0.267044 0.254080 0.220833 0.229764 0.233756 0.219782 0.129947 
