1.074292 0.583147 0.420844 0.343804 0.299371 0.266309 0.252916 0.238042 0.227179 0.223793 0.219041 0.132487 
1.074592 0.583627 0.420183 0.343111 0.298236 0.270559 0.250349 0.237317 0.226090 0.226258 0.218787 0.132510 
1.075030 0.580817 0.423599 0.341135 0.298621 0.270856 0.249645 0.237862 0.227810 0.223242 0.219738 0.132436 
1.077265 0.582736 0.421643 0.342933 0.299868 0.268094 0.249310 0.237225 0.229350 0.224211 0.218279 0.132661 
1.090131 0.571450 0.415590 0.337631 0.295025 0.266070 0.253984 0.240095 0.226060 0.220888 0.225146 0.131959 
1.077816 0.512838 0.404242 0.378766 0.292725 0.209740 0.298531 0.285354 0.220212 0.172248 0.239609 0.134344 
2.595461 0.229349 -0.358818 0.268968 -0.110935 -0.110242 0.283208 0.076192 0.016062 0.010685 0.333578 0.228349 
2.510517 -0.181989 -0.086187 0.264660 -0.150250 -0.158916 0.165892 0.028198 -0.053350 0.101570 0.279620 0.187438 
2.386480 -0.349047 0.109333 0.244812 -0.129807 -0.117982 0.043113 -0.096498 -0.077527 0.166335 0.258514 0.143349 
2.082250 -0.308232 0.414155 0.426906 0.062508 -0.328695 -0.079887 -0.124004 -0.018157 0.183395 0.065060 -0.015652 
1.728611 -0.178129 0.971334 0.539243 -0.066645 -0.210234 -0.160779 -0.040137 -0.022892 -0.088038 -0.086304 0.074061 
1.428099 -0.141306 1.147502 0.483948 0.048692 -0.042618 0.105566 0.007000 0.075118 0.117507 -0.079609 0.063846 
1.789000 -0.095114 0.894734 0.707913 0.288480 -0.257893 -0.039362 -0.012843 -0.109941 0.037985 0.015291 -0.036153 
2.024777 0.255076 0.791090 1.082098 0.325233 0.077709 0.069916 -0.068854 0.136706 0.030664 -0.050896 -0.022112 
1.476354 0.753962 0.710804 0.571771 0.354589 0.081559 -0.114055 0.092185 0.154954 -0.062466 0.146567 0.117195 
1.094211 0.591021 0.429043 0.348454 0.301119 0.271186 0.249847 0.236215 0.218593 0.216260 0.217109 0.134419 
1.074128 0.583089 0.425620 0.340754 0.299221 0.272823 0.252530 0.236791 0.225900 0.223750 0.215776 0.132656 
1.075620 0.581523 0.421880 0.345354 0.299804 0.269396 0.251169 0.237691 0.229746 0.222372 0.216751 0.132721 
1.075633 0.582558 0.422214 0.343833 0.298880 0.272177 0.248815 0.238797 0.228113 0.222120 0.218345 0.132726 
1.073748 0.585096 0.422228 0.341570 0.298702 0.268514 0.249545 0.237886 0.230299 0.222874 0.218826 0.132524 
1.074043 0.582505 0.419708 0.343007 0.297662 0.272451 0.251250 0.237207 0.229740 0.221803 0.218741 0.132433 
