1.074211 0.578515 0.420463 0.345777 0.301372 0.269458 0.248698 0.238456 0.231689 0.225071 0.214159 0.132423 
1.074810 0.578211 0.419874 0.346636 0.300660 0.270998 0.246395 0.239166 0.233609 0.223944 0.213857 0.132448 
1.070280 0.569570 0.427709 0.355066 0.295701 0.263146 0.255024 0.235021 0.237628 0.225823 0.208924 0.132185 
1.034222 0.523612 0.443048 0.346757 0.255658 0.308691 0.303094 0.171351 0.250082 0.284430 0.157690 0.124492 
1.053284 0.451707 0.369476 0.310447 0.358150 0.356306 0.205892 0.159140 0.258549 0.273557 0.220833 0.115418 
1.039193 0.470384 0.479158 0.307683 0.262080 0.385524 0.245583 0.173431 0.265134 0.236737 0.185611 0.134861 
1.810600 -0.434957 0.998946 0.472997 -0.078152 0.062516 -0.099858 -0.108033 0.106478 -0.034099 -0.118123 0.107544 
1.299382 -0.388636 0.763867 0.547138 -0.237532 -0.113143 -0.087030 -0.067950 0.077817 0.000273 -0.102115 0.178098 
1.745823 -0.253100 0.232005 0.498128 0.012297 -0.078385 0.057954 -0.160361 -0.135210 -0.001743 0.163904 0.157045 
2.269051 -0.114368 0.501651 0.544140 -0.128711 0.052905 0.085542 0.021616 0.075160 0.078818 -0.064509 0.013411 
2.610965 -0.279752 -0.035122 0.120686 -0.132519 0.068028 0.211744 -0.093290 -0.044734 0.234517 0.277443 0.167148 
2.129165 0.030048 -0.010711 0.244332 0.065603 0.008329 0.119953 -0.137564 0.344866 0.244131 0.209714 0.169793 
2.566238 -0.026156 0.075156 0.610567 0.109338 -0.117180 0.122087 0.163231 0.180182 0.223544 0.265591 0.134789 
2.029599 0.590090 0.339916 0.497204 0.339428 0.131172 0.119770 0.086369 0.034301 0.106433 0.075854 0.050934 
1.349093 0.793205 0.551054 0.361049 0.274671 0.198643 0.168997 0.175256 0.165297 0.166862 0.174210 0.133217 
1.077320 0.582367 0.423692 0.341957 0.301141 0.272670 0.247866 0.239296 0.224191 0.220573 0.220748 0.132735 
1.073505 0.582390 0.419006 0.341774 0.300203 0.271314 0.250883 0.237749 0.228481 0.221823 0.219615 0.132309 
1.074349 0.581179 0.423170 0.342363 0.296307 0.272260 0.250832 0.238938 0.226950 0.222700 0.219619 0.132468 
1.076559 0.582173 0.421068 0.341695 0.298967 0.269874 0.251566 0.238690 0.229602 0.221808 0.218440 0.132628 
1.076631 0.582516 0.423274 0.342508 0.298137 0.271330 0.252390 0.237566 0.229634 0.221273 0.217225 0.132820 
