1.076171 0.582419 0.422163 0.343332 0.298564 0.270158 0.250668 0.238013 0.228609 0.222340 0.218994 0.132711 
1.077430 0.583425 0.421340 0.342560 0.298280 0.269953 0.250622 0.239362 0.228150 0.222355 0.218482 0.132756 
1.076876 0.581701 0.420258 0.343624 0.298909 0.268523 0.251231 0.239279 0.228432 0.224381 0.217157 0.132623 
1.075469 0.583924 0.419775 0.342625 0.296616 0.270149 0.251752 0.238492 0.228488 0.223294 0.218992 0.132544 
1.105149 0.606107 0.440720 0.358602 0.308590 0.269230 0.247318 0.232843 0.219337 0.210668 0.204532 0.136092 
1.118027 0.626931 0.434052 0.381827 0.320970 0.271275 0.229356 0.219013 0.206919 0.226093 0.193952 0.136721 
1.046040 0.620539 0.402782 0.391209 0.283502 0.281042 0.243713 0.206324 0.235611 0.210856 0.223903 0.130098 
1.256463 0.222578 1.144031 0.792453 0.137786 0.165013 0.174639 -0.116258 0.147880 0.082727 -0.131058 -0.004263 
1.403318 -0.020150 1.131378 0.821539 0.094803 -0.081412 0.047784 -0.046265 0.042758 -0.066953 -0.213391 -0.011660 
1.310229 0.023317 0.852405 0.881999 0.077127 -0.008374 0.026558 -0.220101 0.032620 0.004060 -0.181605 -0.160420 
1.635915 0.129661 0.811737 0.658345 0.335607 0.039176 -0.044598 -0.334133 0.005638 0.044341 -0.143455 -0.155606 
2.354467 0.146624 0.408903 0.294472 0.189812 0.161854 0.126050 -0.118638 -0.166100 -0.221660 0.003494 0.221920 
2.907668 0.439702 0.364079 -0.000297 -0.075406 -0.228131 0.323796 0.170730 -0.179511 -0.084345 -0.031134 -0.024533 
2.916115 0.737236 0.350816 0.129085 -0.363513 -0.161076 0.317120 0.126146 -0.060928 0.060574 0.088153 -0.074249 
2.159403 1.120931 0.397488 -0.042173 -0.089556 0.045668 0.201489 0.244650 0.153385 0.066085 0.060075 0.024049 
1.210628 0.666002 0.452272 0.337380 0.277594 0.245670 0.231335 0.215100 0.203289 0.202335 0.220403 0.141201 
1.080624 0.585471 0.424093 0.343050 0.298135 0.269427 0.248879 0.237414 0.228160 0.223726 0.216978 0.133099 
1.077014 0.583665 0.422281 0.342643 0.296870 0.270956 0.250395 0.238773 0.229747 0.222786 0.216955 0.132776 
1.076513 0.583206 0.420573 0.343968 0.299792 0.269489 0.251623 0.237393 0.228613 0.222646 0.218133 0.132762 
1.076990 0.582201 0.422993 0.341988 0.299214 0.269306 0.250253 0.238558 0.229323 0.223655 0.217264 0.132740 
1.076188 0.584508 0.421139 0.342934 0.298030 0.269320 0.250764 0.238071 0.229819 0.222759 0.217797 0.132705 
