1.076606 0.582866 0.421263 0.344086 0.298706 0.269826 0.250904 0.238179 0.229471 0.222301 0.218067 0.132787 
1.076916 0.582936 0.421419 0.343099 0.298444 0.270801 0.250645 0.237922 0.229288 0.223388 0.217515 0.132795 
1.076868 0.582856 0.421307 0.342674 0.298644 0.269654 0.251461 0.238163 0.229538 0.222397 0.218296 0.132748 
1.076388 0.582537 0.422278 0.342512 0.297654 0.269676 0.251215 0.238827 0.229176 0.222002 0.218894 0.132685 
1.096516 0.577036 0.425452 0.333905 0.281253 0.263979 0.244384 0.230831 0.236489 0.230241 0.224422 0.132277 
1.093234 0.552849 0.402325 0.339836 0.292765 0.278999 0.286340 0.253329 0.198796 0.201262 0.232492 0.132407 
2.397790 0.423851 -0.064869 0.036865 -0.076557 -0.095633 0.276184 0.179683 -0.017425 0.089512 0.240393 0.232365 
2.392486 0.153528 -0.292330 0.015455 -0.276454 -0.004328 0.272953 0.035051 -0.134835 0.145545 0.314602 0.192496 
2.366596 -0.212635 -0.132177 0.147768 -0.218020 0.042096 0.172855 -0.075386 -0.166222 0.187438 0.370086 0.237056 
2.360236 -0.411540 0.144838 0.258718 -0.015406 -0.114399 -0.027073 -0.155722 0.001101 0.291095 0.276369 0.112009 
2.226217 -0.254985 0.484485 0.452434 -0.101437 -0.270625 -0.194833 -0.038131 0.026613 0.164789 0.047550 -0.059463 
1.875276 -0.184920 0.803148 0.589229 0.211931 -0.201063 -0.149478 -0.063281 -0.030647 -0.001020 -0.049139 0.007714 
2.079249 0.050213 0.603332 0.547148 0.354043 -0.155127 -0.073446 -0.036789 0.063030 0.099019 0.026948 0.072433 
1.917915 0.480952 0.372998 0.631079 0.406186 -0.005455 -0.127173 -0.029214 0.037233 0.014122 0.053856 0.068343 
1.782896 0.837059 0.550735 0.612103 0.524699 0.174197 -0.102280 -0.088850 0.075357 0.158287 0.098335 0.023738 
1.199636 0.668607 0.493222 0.402707 0.319116 0.232918 0.185089 0.184640 0.193928 0.197766 0.215048 0.137985 
1.077608 0.584300 0.421502 0.342766 0.298796 0.269635 0.251279 0.238636 0.228937 0.221856 0.217871 0.132865 
1.077099 0.582006 0.420880 0.342704 0.297772 0.270429 0.251465 0.238598 0.229232 0.222759 0.218089 0.132676 
1.077286 0.583225 0.421295 0.342869 0.298325 0.270046 0.251144 0.238052 0.230002 0.223049 0.217203 0.132806 
1.076515 0.580741 0.421246 0.341212 0.299198 0.270849 0.252223 0.238489 0.228643 0.222682 0.218182 0.132591 
1.079077 0.580658 0.418245 0.342884 0.300573 0.270971 0.252017 0.238028 0.227879 0.222074 0.218450 0.132675 
