1.080795 0.577302 0.424779 0.342542 0.292019 0.262812 0.249366 0.234338 0.235744 0.224731 0.220192 0.132137 
1.078632 0.583191 0.418153 0.337813 0.289488 0.265437 0.246054 0.237314 0.234012 0.231940 0.218244 0.131712 
1.071219 0.577934 0.416800 0.336267 0.300876 0.266451 0.248017 0.238501 0.233733 0.225787 0.219167 0.131187 
1.082592 0.575472 0.421675 0.335176 0.294879 0.265188 0.246980 0.240401 0.233130 0.231446 0.214983 0.131761 
1.078742 0.579511 0.420442 0.340759 0.293606 0.269423 0.253460 0.236838 0.233230 0.220399 0.219503 0.132220 
1.177789 0.655474 0.470105 0.374605 0.304490 0.265552 0.248566 0.223050 0.200271 0.191973 0.182017 0.136400 
1.338996 0.735181 0.494884 0.347771 0.263274 0.245917 0.249061 0.241941 0.217671 0.159788 0.126826 0.119128 
2.053284 0.923612 0.442932 0.216575 -0.004157 -0.000682 0.165164 0.122534 0.052138 0.126160 -0.032646 -0.063638 
1.818362 1.406698 0.088197 0.141517 -0.670515 -0.387635 0.244818 -0.029360 0.012590 0.039845 0.144100 -0.177793 
1.664233 1.180948 -0.336983 -0.077321 -0.667665 -0.085585 0.275211 0.025597 0.050091 0.032893 0.020821 -0.102999 
1.587400 0.866959 -0.426781 -0.025309 -0.576953 0.039131 0.329688 0.139775 0.035761 -0.026392 0.138183 -0.044766 
1.739168 0.467550 -0.519988 0.099604 -0.239777 0.034867 0.167112 0.066423 0.038367 -0.097536 0.199047 0.094986 
1.896739 0.146468 -0.241753 0.293686 0.000927 0.007217 -0.160763 0.048547 -0.000940 0.159142 0.120126 0.099419 
1.836273 0.091823 0.084464 0.545664 -0.004693 -0.062982 -0.132081 0.041728 -0.013148 0.123245 0.056338 0.035303 
1.898412 0.199378 0.379502 0.390150 0.159147 0.265058 0.193538 0.100756 -0.115875 0.081978 0.124641 0.026184 
1.795097 0.604338 0.323203 0.413687 0.134692 0.164663 0.217030 0.166417 -0.019807 0.109089 0.206103 0.162775 
1.304186 0.647035 0.439722 0.369233 0.234231 0.163998 0.163316 0.191640 0.204566 0.218046 0.273039 0.161235 
1.088363 0.595298 0.430048 0.347753 0.300042 0.269575 0.247655 0.234358 0.221498 0.215638 0.217561 0.133962 
1.077431 0.584082 0.424479 0.345194 0.296051 0.271640 0.247932 0.237449 0.226777 0.220755 0.219123 0.132679 
1.069968 0.582514 0.421123 0.346071 0.298998 0.271827 0.256386 0.233116 0.231608 0.221196 0.216204 0.132545 
1.069928 0.584755 0.422916 0.346244 0.297147 0.271577 0.248068 0.243591 0.221476 0.225157 0.218123 0.132534 
1.072842 0.587743 0.422518 0.346231 0.299685 0.270315 0.249892 0.236823 0.227757 0.220214 0.218877 0.132837 
1.075965 0.586705 0.424176 0.339877 0.298247 0.265737 0.251331 0.235526 0.228666 0.222935 0.221276 0.132621 
