1.004430 0.632562 0.391698 0.349626 0.304648 0.238700 0.275730 0.196460 0.265088 0.182221 0.262839 0.122606 
1.004266 0.633437 0.398769 0.341765 0.322704 0.236267 0.293118 0.198752 0.260464 0.213539 0.211608 0.130832 
1.004712 0.629554 0.386722 0.360843 0.289824 0.261799 0.269578 0.205797 0.251122 0.187650 0.257161 0.122700 
0.845507 0.783156 0.246259 0.494638 0.165964 0.378121 0.158889 0.295783 0.180631 0.236114 0.231900 0.134796 
0.827070 0.719082 0.233549 0.447512 0.294392 0.277325 0.261559 0.176698 0.287099 0.159512 0.301517 0.075678 
1.124388 0.520138 0.501068 0.364813 0.306110 0.266103 0.169293 0.052813 0.219497 0.308853 0.178579 0.109862 
1.188623 -0.189898 0.781683 0.913666 -0.099366 -0.029510 -0.153542 -0.092891 -0.028527 -0.056898 -0.322770 -0.056496 
1.723737 0.043871 0.999431 1.151980 0.040188 -0.027425 0.066376 0.015441 0.053478 -0.062965 -0.153498 0.022255 
1.697348 -0.000696 0.988063 1.238856 0.162217 -0.013409 0.155660 -0.015527 0.063114 0.034626 -0.068361 -0.082898 
1.664483 0.651702 0.965847 0.942103 0.181712 -0.091002 0.094033 -0.018014 -0.117176 -0.041015 -0.057440 -0.055949 
1.748313 -0.525420 0.385818 0.329240 0.164813 0.315560 0.072771 0.236838 -0.016855 -0.012358 0.236936 0.074025 
1.065162 0.393849 0.404324 0.336634 0.283954 0.295431 0.257053 0.199334 0.294871 0.286559 0.159325 0.104764 
1.067033 0.461548 0.382476 0.335926 0.292386 0.320937 0.246867 0.190152 0.240983 0.292301 0.193938 0.113858 
1.007980 0.494823 0.472787 0.332301 0.261220 0.338012 0.264879 0.180635 0.232385 0.263174 0.196687 0.123719 
1.033256 0.518585 0.492751 0.357829 0.230800 0.308046 0.288901 0.180919 0.216796 0.291047 0.180443 0.122247 
1.071266 0.569792 0.432645 0.349768 0.282156 0.271123 0.261863 0.227637 0.222033 0.233535 0.218997 0.131306 
