1.058693 0.614941 0.421928 0.345414 0.279068 0.284818 0.230336 0.235512 0.209847 0.252267 0.201717 0.133154 
1.025269 0.590813 0.423312 0.342800 0.308882 0.266246 0.250224 0.225629 0.200814 0.241769 0.222179 0.127941 
1.091185 0.601209 0.456743 0.344145 0.307089 0.256078 0.247415 0.201669 0.216580 0.235216 0.203494 0.133391 
1.038070 0.360175 0.502020 0.338616 0.250890 0.326820 0.237702 0.204853 0.237751 0.245015 0.205396 0.112426 
1.234487 0.563713 0.394500 0.205236 0.108725 0.172148 0.226845 0.284224 0.321198 0.310960 0.267994 0.125241 
2.192021 1.174572 0.647939 -0.027726 -0.319314 -0.310318 0.236492 0.117813 0.044948 0.177519 0.132766 -0.015864 
2.664232 0.987862 0.482425 0.030473 -0.603684 -0.398656 0.081970 -0.002558 -0.030885 0.071070 0.083379 -0.103005 
2.617828 0.757708 0.486263 -0.004119 -0.680857 -0.432034 0.095431 -0.059195 -0.080734 0.050451 0.062140 -0.139837 
2.992978 0.582469 0.527589 0.085107 -0.818654 -0.291136 0.088704 -0.061039 -0.101718 0.143113 0.015768 -0.186940 
2.748738 0.635514 0.181248 -0.017878 -0.607305 -0.290972 0.218966 -0.009617 -0.107852 0.031578 0.019117 -0.176938 
2.634510 0.636302 0.231293 -0.068337 -0.307162 -0.232269 0.438779 -0.127132 -0.202820 -0.058086 -0.073136 -0.154028 
2.820976 0.433434 0.071605 0.230188 -0.340110 -0.088748 0.221900 -0.067882 -0.279757 -0.046832 0.084901 -0.065671 
2.499774 0.332046 0.445913 -0.002566 0.382758 0.049828 -0.032710 0.193584 -0.330926 -0.142490 0.129252 0.017216 
1.676150 -0.309475 0.763240 -0.048725 0.477290 -0.100395 -0.252352 0.211812 -0.068349 0.000897 0.160041 0.142482 
1.578885 0.024644 0.478326 0.300582 0.560970 0.386272 0.205543 0.351758 -0.205816 -0.129927 0.306803 0.206207 
1.120467 0.556517 0.425961 0.374614 0.284721 0.253632 0.246492 0.241610 0.194753 0.212815 0.228357 0.132651 
1.087966 0.632737 0.437385 0.324023 0.317090 0.250957 0.220602 0.259759 0.162472 0.207070 0.248338 0.130354 
1.230518 0.685641 0.483067 0.371749 0.281043 0.272886 0.215495 0.213759 0.220495 0.190145 0.139435 0.129346 
1.287303 0.722246 0.533867 0.354358 0.319802 0.277784 0.231683 0.184785 0.169014 0.155713 0.104764 0.110103 
1.195568 0.640791 0.493875 0.361769 0.255856 0.261793 0.241243 0.248628 0.190820 0.165075 0.189851 0.132092 
