1.077083 0.582695 0.421413 0.342358 0.298218 0.269474 0.251009 0.239362 0.228800 0.222710 0.218143 0.132696 
1.076010 0.582634 0.421900 0.342259 0.298491 0.269259 0.251337 0.238461 0.229437 0.223041 0.218098 0.132668 
1.077288 0.581984 0.421539 0.342906 0.298226 0.270110 0.251560 0.238172 0.229453 0.223142 0.217661 0.132764 
1.076780 0.582496 0.421855 0.343119 0.297455 0.270508 0.251495 0.238134 0.228969 0.223470 0.217613 0.132753 
1.077455 0.582212 0.421485 0.343365 0.298146 0.270138 0.250899 0.238440 0.228661 0.223226 0.218026 0.132764 
1.076549 0.581821 0.421735 0.343242 0.298064 0.270140 0.251345 0.239303 0.228725 0.222346 0.218035 0.132705 
1.088767 0.593106 0.428706 0.346942 0.299468 0.269324 0.249407 0.235506 0.225602 0.218903 0.213800 0.134162 
1.245349 0.711764 0.489068 0.365356 0.284370 0.241155 0.232196 0.223698 0.208434 0.188004 0.167069 0.135212 
2.106149 1.279535 0.432458 0.242963 -0.303179 0.037626 0.390133 0.142681 -0.061784 0.209988 -0.090897 -0.156597 
1.862616 1.347229 0.284968 0.198520 -0.426348 -0.105965 0.437541 -0.140305 0.088284 0.105374 -0.003132 -0.209517 
1.596955 1.210535 0.070536 -0.110340 -0.618689 -0.024136 0.373857 -0.054932 0.203622 0.061629 0.058046 -0.123862 
1.758350 0.978970 -0.459705 -0.121540 -0.605559 0.179446 0.377357 0.059259 0.107658 0.047803 0.070261 -0.029713 
1.978773 0.789823 -0.406644 -0.079304 -0.287990 0.144512 0.235920 0.132783 0.155633 -0.064933 0.132403 0.060922 
2.046045 0.444795 -0.402296 0.085142 -0.118551 0.112020 0.299201 -0.006135 0.070268 0.044326 0.296048 0.144699 
1.946948 0.132404 -0.154662 0.285438 -0.014251 0.052433 0.005827 0.071470 0.160513 0.217041 0.159365 0.075885 
1.966911 0.190026 0.198248 0.417912 0.003112 0.148188 -0.089065 0.052726 -0.001545 0.119792 0.036518 0.073847 
1.926181 0.322576 0.346308 0.426078 0.062351 0.231780 0.174095 0.058131 0.064323 0.153583 0.056468 0.020251 
1.984295 0.542259 0.340159 0.345544 0.189310 0.311240 0.109317 -0.005597 0.004731 0.119843 0.146740 0.127399 
1.367135 0.685539 0.508833 0.340214 0.242517 0.296181 0.281522 0.176140 0.133956 0.150964 0.183927 0.130078 
1.083447 0.586646 0.423651 0.345223 0.300130 0.268748 0.249787 0.236640 0.228855 0.222274 0.215126 0.133479 
1.077529 0.579906 0.421059 0.344149 0.299056 0.268801 0.252580 0.237943 0.229323 0.222624 0.217855 0.132664 
1.076677 0.582120 0.421997 0.342897 0.297002 0.269552 0.252377 0.239058 0.228932 0.222488 0.218238 0.132701 
1.076665 0.581558 0.421561 0.343406 0.298317 0.270169 0.251526 0.238356 0.228616 0.223154 0.217969 0.132702 
1.076630 0.581602 0.421800 0.342628 0.297483 0.269694 0.251758 0.238231 0.229078 0.224092 0.217713 0.132645 
1.076749 0.582976 0.421421 0.343402 0.298141 0.270245 0.251019 0.238422 0.228592 0.223432 0.217766 0.132777 
