1.076297 0.582344 0.421035 0.343400 0.297575 0.270496 0.251735 0.237018 0.230338 0.223223 0.217682 0.132687 
1.076469 0.582136 0.421042 0.342992 0.298620 0.269919 0.251220 0.238131 0.229570 0.223034 0.217991 0.132685 
1.076741 0.582346 0.421917 0.343071 0.298948 0.269804 0.250757 0.238234 0.229244 0.222923 0.218076 0.132766 
1.076593 0.582648 0.420924 0.343100 0.298292 0.269542 0.251794 0.237666 0.229236 0.223019 0.218619 0.132707 
1.076973 0.582515 0.421095 0.343036 0.298506 0.270677 0.250478 0.238449 0.228800 0.222890 0.218383 0.132742 
1.077057 0.581747 0.421709 0.342851 0.298248 0.270101 0.250942 0.238665 0.230073 0.222770 0.217545 0.132737 
1.361616 0.117507 1.072691 0.450893 -0.102057 -0.088945 0.078679 -0.036284 -0.018455 -0.096611 -0.001201 0.155220 
0.297621 0.043595 1.058318 0.531356 -0.164921 -0.116273 0.097302 -0.052643 -0.009894 -0.131649 0.032196 0.157585 
0.485394 0.080670 1.156161 0.525261 -0.189791 -0.097053 0.151609 -0.198817 -0.035313 -0.139885 -0.024478 0.046929 
0.662019 0.072589 1.110924 0.656109 -0.256280 -0.022957 0.313676 -0.195924 -0.097952 -0.064236 0.000126 -0.029063 
0.578015 0.169684 1.179502 0.773049 -0.129642 -0.027620 0.350450 -0.192428 -0.088682 -0.056585 0.019950 -0.094387 
0.680407 0.361657 1.084246 0.751540 0.084733 0.078865 0.218458 -0.043287 -0.051317 -0.155185 0.068745 -0.079039 
0.802292 0.341664 1.322148 0.737467 0.032131 0.033021 0.375368 -0.046124 -0.046800 -0.021073 0.055819 -0.020012 
1.125279 0.416904 0.953291 0.716487 0.060605 0.120329 0.486957 0.056154 0.045455 0.091327 0.147879 0.010366 
1.076286 0.518601 0.494947 0.410281 0.230119 0.245963 0.313842 0.227654 0.164968 0.218714 0.245799 0.123296 
1.076242 0.580761 0.423180 0.347164 0.298218 0.267237 0.250998 0.240349 0.229290 0.222182 0.216778 0.132825 
1.075345 0.582771 0.421321 0.343750 0.298314 0.269914 0.250703 0.238025 0.228969 0.222917 0.218603 0.132642 
1.076871 0.582399 0.421707 0.342879 0.298373 0.269968 0.251398 0.237878 0.229417 0.222408 0.218459 0.132739 
1.076053 0.583110 0.421625 0.343195 0.298158 0.270709 0.250912 0.238795 0.228887 0.222866 0.217484 0.132750 
1.076405 0.582346 0.421392 0.342936 0.299085 0.269457 0.251058 0.237834 0.228988 0.223230 0.218597 0.132699 
