0.941194 0.591174 0.572698 0.523610 0.293644 0.060696 -0.081352 -0.018921 0.110451 0.021230 -0.010583 0.020066 
0.960375 0.627695 0.393336 0.370142 0.258101 0.226555 0.066654 0.102219 0.220254 0.063096 -0.047333 0.082222 
0.975167 0.358980 0.570981 0.554152 0.286001 0.032750 -0.031060 -0.063900 0.113938 -0.055433 -0.005438 0.022911 
0.773942 0.473466 0.365771 0.505177 0.080396 0.212051 0.052350 -0.079784 -0.188540 -0.005192 -0.130489 0.079660 
0.849767 0.376837 0.039510 0.321945 0.180554 0.186578 0.204631 -0.201190 0.071132 0.027134 0.106706 0.088744 
0.490474 0.198767 0.295567 0.424232 0.221279 0.193939 0.052608 -0.132670 0.127848 0.173801 -0.005173 0.073813 
2.150121 -0.078083 0.535475 0.449196 0.203924 -0.374255 -0.096592 -0.505463 -0.040801 0.010821 -0.307511 -0.026853 
2.088805 -0.490867 0.731418 0.347578 0.111302 -0.319758 -0.385326 -0.328403 -0.127709 -0.084898 -0.213048 0.001583 
2.306160 -0.658361 0.411737 0.431840 0.108015 -0.449055 -0.192467 -0.236280 -0.200878 0.063772 -0.048477 -0.057292 
3.112029 -0.431527 0.118203 0.466175 -0.088644 -0.177273 -0.115857 -0.168035 -0.236754 -0.163542 -0.031246 0.064182 
2.721975 0.003879 0.147939 0.701537 0.206795 -0.134049 -0.047465 -0.081501 -0.064290 -0.059415 0.016533 0.022151 
3.631122 -0.397191 -0.139457 0.302464 -0.289145 -0.162102 0.052497 -0.077708 -0.288165 -0.086274 0.157802 0.177805 
3.225577 -0.210109 0.003344 0.550217 0.020508 -0.281256 -0.162163 -0.036333 0.005091 0.071573 0.091574 0.028734 
3.154050 0.489951 0.017741 0.348209 0.024873 -0.204180 -0.044330 -0.030628 0.051509 0.068090 0.098301 0.024738 
2.255723 1.029378 0.346386 -0.193201 -0.158584 0.105511 0.085543 0.164100 0.073378 0.127721 0.128816 0.125010 
1.173249 0.736866 0.466886 0.309619 0.120572 0.048416 0.137805 0.104235 0.174536 0.176027 0.244243 0.134192 
0.916792 0.589203 0.524493 0.162570 0.154761 0.139624 0.092907 -0.006670 0.153147 0.137074 0.141113 0.101924 
1.020686 0.500557 0.659923 0.157673 0.135168 -0.062172 0.034998 0.084957 0.090674 0.074082 0.155509 0.123609 
1.126295 0.627420 0.403250 0.007247 -0.066918 0.037207 0.090940 0.009755 0.204660 0.211098 0.259267 0.158152 
1.026652 0.608014 0.430883 -0.052927 0.078658 0.091089 0.087738 0.074314 0.134415 0.047691 0.197094 0.104525 
1.125788 0.573799 0.341843 0.200215 -0.007011 -0.017440 -0.024102 0.031268 0.064323 0.041324 0.179614 0.137972 
