1.072873 0.583172 0.421080 0.342953 0.298373 0.269316 0.252233 0.237790 0.230630 0.222018 0.217851 0.132452 
1.076581 0.580270 0.423709 0.341910 0.299726 0.270268 0.250085 0.238481 0.229545 0.223791 0.216602 0.132678 
1.071918 0.583230 0.422880 0.339426 0.301280 0.269099 0.250648 0.240119 0.227070 0.226312 0.215913 0.132423 
1.072488 0.583618 0.421470 0.343125 0.298476 0.270799 0.250645 0.237566 0.229252 0.223468 0.217518 0.132468 
1.071308 0.585390 0.417706 0.345312 0.296218 0.270404 0.251518 0.238042 0.228377 0.222038 0.220360 0.132286 
1.072248 0.584245 0.422081 0.340577 0.299765 0.269798 0.248572 0.239396 0.228755 0.221570 0.220591 0.132356 
1.122945 0.624843 0.457031 0.364884 0.309629 0.269980 0.243241 0.222470 0.213482 0.209703 0.202307 0.137769 
1.339097 0.763757 0.536205 0.390469 0.275840 0.212505 0.196586 0.183862 0.170515 0.171969 0.173038 0.133551 
2.114004 1.430583 0.386639 0.322430 -0.344253 -0.404143 0.367189 -0.060655 0.025172 0.018532 0.168711 -0.090422 
1.834144 1.253467 -0.057267 0.130286 -0.564426 -0.344806 0.254781 -0.032638 -0.032249 0.064643 0.060272 -0.071600 
1.912831 0.988847 -0.448840 -0.110614 -0.445415 -0.275433 0.428171 0.224154 0.167460 -0.008181 0.090078 0.018549 
2.051264 0.519691 -0.603589 -0.161074 -0.252272 -0.073081 0.390285 0.016720 0.078751 -0.036633 0.197430 0.121388 
1.999118 0.237633 -0.270634 -0.105207 0.094020 -0.191597 0.287087 -0.152828 0.109768 -0.022734 0.168883 0.276983 
2.099594 0.084212 -0.172609 0.256727 0.057323 -0.147707 0.014885 -0.049907 0.013042 0.127358 0.193961 0.096335 
1.898296 0.199729 0.378540 0.228809 0.061637 0.145676 0.193175 0.071760 0.071846 -0.007388 0.100012 0.143147 
2.093331 0.342839 0.713742 0.157775 0.082575 0.340141 0.139481 0.116086 -0.011935 0.034615 0.113595 0.036793 
1.985626 0.397186 0.451080 0.361960 0.159321 0.139647 0.093714 0.115295 0.095794 0.237932 0.165485 0.070788 
1.102298 0.598816 0.437529 0.344699 0.296070 0.273978 0.252151 0.225833 0.214841 0.215818 0.216947 0.134725 
1.077444 0.588353 0.425212 0.344472 0.301331 0.267619 0.250724 0.234320 0.230307 0.220885 0.216094 0.133184 
1.075512 0.584811 0.422325 0.344366 0.297193 0.269979 0.250546 0.237481 0.226401 0.224533 0.217847 0.132683 
1.073195 0.581631 0.424483 0.343541 0.296713 0.271472 0.249084 0.238008 0.233283 0.221218 0.216479 0.132557 
1.074364 0.582010 0.423384 0.343632 0.297594 0.270148 0.249696 0.238145 0.227867 0.223111 0.219657 0.132546 
1.074862 0.583353 0.424232 0.343179 0.297136 0.272019 0.250106 0.235890 0.229333 0.222684 0.218269 0.132692 
