1.077071 0.583006 0.421072 0.343442 0.298291 0.270159 0.250945 0.238717 0.228884 0.222103 0.218743 0.132796 
1.077203 0.582705 0.421319 0.342843 0.298915 0.269847 0.251481 0.237838 0.230038 0.221998 0.218166 0.132792 
1.076784 0.582217 0.421430 0.343229 0.297846 0.270539 0.250750 0.238746 0.228939 0.222986 0.218189 0.132730 
1.076196 0.583062 0.421776 0.343272 0.298190 0.270887 0.250911 0.238348 0.229132 0.222648 0.217902 0.132793 
1.080115 0.584375 0.422846 0.344008 0.299349 0.270655 0.251114 0.237748 0.228932 0.222041 0.216535 0.133254 
1.111191 0.590378 0.443391 0.350175 0.294901 0.265142 0.234844 0.225321 0.225251 0.217879 0.222517 0.135265 
1.461754 0.343426 0.191792 0.316119 0.377184 0.298660 0.125239 0.152413 0.101015 0.201050 0.386431 0.198514 
1.235617 -0.071245 -0.173792 -0.118139 0.194087 0.290673 -0.328176 -0.016812 0.224668 0.269459 0.286383 0.127743 
0.933658 -0.192404 -0.129701 -0.366750 0.395729 0.069614 0.021843 -0.114019 0.211445 0.312067 0.199901 0.240181 
0.941385 -0.326568 -0.170723 -0.121227 0.321757 0.155980 0.021322 -0.215494 0.315202 0.249691 0.176128 0.166400 
0.735349 -0.480034 0.340910 0.101984 0.125907 -0.131607 0.034723 -0.009634 0.249363 0.131369 0.089930 0.271973 
0.805100 -0.535909 0.677084 0.433239 0.055455 -0.110530 -0.000931 0.104616 -0.000355 0.045810 0.089080 0.128548 
0.734716 -0.165489 0.668712 0.569390 -0.155597 0.007567 0.109047 -0.052424 -0.035732 0.128485 0.074099 0.043033 
0.670745 0.147294 0.884296 0.435835 -0.291555 -0.099066 0.103640 -0.044598 -0.004330 0.131083 0.133032 0.127731 
1.201544 0.251217 0.731743 0.518948 -0.135255 0.005690 -0.046516 0.162549 0.120287 0.164928 0.068335 0.169389 
1.240439 0.490793 0.650479 0.460171 0.119442 0.150937 0.195668 0.206005 0.242863 0.133587 0.181818 0.155505 
1.162062 0.628305 0.482342 0.407804 0.335964 0.246447 0.213875 0.237296 0.214523 0.180291 0.177738 0.136209 
1.076744 0.582650 0.423245 0.342865 0.297654 0.270864 0.251851 0.237056 0.228884 0.222634 0.217860 0.132793 
1.077340 0.582408 0.421032 0.342951 0.298484 0.269506 0.251389 0.238324 0.229572 0.222616 0.218169 0.132741 
1.076621 0.582678 0.421191 0.342963 0.298591 0.269950 0.251294 0.237935 0.229382 0.222525 0.218611 0.132736 
1.077140 0.582959 0.420947 0.343893 0.298206 0.269343 0.251293 0.238578 0.229084 0.222824 0.218164 0.132797 
1.076958 0.582827 0.421478 0.342782 0.298038 0.269856 0.251102 0.238781 0.228733 0.223228 0.218146 0.132752 
