1.072356 0.584469 0.419980 0.341226 0.298874 0.270130 0.251555 0.240886 0.227060 0.225666 0.214761 0.132370 
1.072996 0.583223 0.422321 0.342234 0.297138 0.271380 0.251214 0.238648 0.226465 0.225887 0.216456 0.132433 
1.072022 0.581301 0.427372 0.339396 0.298943 0.272655 0.248010 0.237493 0.233913 0.217313 0.218813 0.132411 
1.073047 0.583901 0.420836 0.341918 0.299751 0.268180 0.252140 0.239369 0.228606 0.222438 0.217973 0.132442 
1.125487 0.627235 0.457596 0.373029 0.315287 0.275941 0.249340 0.230258 0.208064 0.203727 0.193706 0.138287 
1.154639 0.834088 0.421109 0.454917 0.296288 0.293350 0.268407 0.196509 0.203261 0.092016 0.173087 0.108628 
1.060794 0.724106 0.295277 0.482119 0.378994 0.428729 0.121980 0.222063 0.113997 0.254548 0.132538 0.151196 
0.880651 0.859051 0.310278 0.545457 0.318829 0.322975 0.174297 0.154956 0.213153 0.224254 0.122546 0.130847 
1.360442 0.475577 0.382362 1.110755 -0.074762 0.224665 -0.003627 -0.034071 0.103430 0.063559 -0.164810 -0.144892 
1.090311 0.497454 0.568638 0.900190 0.040508 -0.160707 0.130560 -0.096006 0.148807 -0.082797 -0.080226 -0.103974 
1.045606 0.567615 0.419612 1.030384 0.054290 -0.147991 -0.043838 -0.092118 0.066109 -0.131737 -0.150664 -0.163988 
1.477046 0.156667 0.579573 0.520536 0.251867 0.020584 0.207371 -0.161539 -0.007719 0.102852 -0.111993 -0.127100 
2.713227 -0.044798 0.313477 0.097399 -0.400294 0.123209 0.261376 -0.071191 -0.201450 -0.120638 -0.178977 -0.134077 
2.647804 0.578824 0.258812 -0.010942 -0.489714 -0.113481 0.309413 0.081666 -0.101711 -0.013164 -0.044496 -0.167842 
2.948064 1.130975 0.264124 -0.247168 -0.549056 -0.174207 0.233220 0.065598 -0.072716 0.055859 -0.095290 -0.151927 
3.252131 1.361546 0.037936 -0.434908 -0.290749 0.042390 0.217880 0.107169 0.118711 -0.074859 -0.103843 -0.072225 
2.695974 1.366288 0.276401 -0.329325 -0.303981 -0.006958 0.187612 0.109595 -0.005771 0.001918 -0.161171 -0.064483 
1.687794 0.936842 0.464409 0.155864 0.050273 0.104720 0.212924 0.242824 0.175426 0.076503 0.080765 0.030482 
1.091581 0.592499 0.424896 0.341397 0.291661 0.266328 0.252971 0.238451 0.229348 0.217703 0.216343 0.133635 
1.082556 0.593602 0.426321 0.344938 0.293783 0.267377 0.247859 0.237023 0.223304 0.223387 0.219344 0.133406 
1.071167 0.585002 0.426062 0.338803 0.296053 0.270542 0.252447 0.236006 0.229130 0.226485 0.216037 0.132431 
1.070745 0.579667 0.426471 0.340624 0.295680 0.273394 0.250532 0.241313 0.231545 0.221654 0.214572 0.132336 
1.072296 0.584694 0.419700 0.345888 0.296576 0.270479 0.251247 0.236855 0.227429 0.223466 0.219393 0.132416 
1.074091 0.579696 0.423789 0.341304 0.298533 0.271574 0.249606 0.236405 0.231280 0.221530 0.219077 0.132335 
