1.077671 0.602604 0.438611 0.326920 0.292193 0.261130 0.254767 0.241039 0.228073 0.214528 0.211550 0.132360 
1.078369 0.575914 0.429817 0.345580 0.295473 0.252350 0.248967 0.235186 0.232160 0.228519 0.214142 0.131577 
1.067550 0.590068 0.430765 0.348539 0.288019 0.262293 0.262438 0.225507 0.216129 0.234512 0.214356 0.131639 
1.070350 0.578691 0.425594 0.354182 0.279348 0.276034 0.258281 0.221869 0.224974 0.216143 0.225640 0.130648 
1.070745 0.601862 0.431992 0.374226 0.335999 0.253209 0.251395 0.231754 0.224163 0.206064 0.195370 0.134703 
1.204961 0.756728 0.407745 0.582402 0.301647 0.294265 0.234290 0.125177 0.198679 0.103048 0.165233 0.093206 
1.173395 0.534781 0.401960 0.425571 0.507740 0.317826 0.171170 0.084573 0.163620 0.214542 0.155607 0.098198 
1.122138 0.509927 0.803040 0.598544 0.199244 0.295718 0.288646 0.056941 0.183932 0.264520 -0.061290 0.064910 
1.323264 0.265045 1.200787 0.652057 -0.092129 0.074637 -0.013302 -0.011805 0.062029 -0.179058 -0.168268 0.101484 
1.443841 0.145360 1.129658 0.847117 -0.220767 0.030619 -0.025740 -0.022013 -0.056002 -0.202090 -0.177844 0.083817 
1.552959 0.012074 0.986981 0.729561 -0.009216 0.038708 -0.175970 -0.205912 0.069629 -0.140074 -0.337848 -0.046324 
1.781947 -0.253115 0.901420 0.324960 0.084011 0.110662 -0.077312 -0.067612 -0.143378 -0.043268 0.115409 -0.076294 
2.798342 0.318496 0.495587 -0.322739 0.102326 -0.205226 0.159712 0.092194 -0.393806 0.006487 -0.089549 -0.067552 
3.395088 0.672844 0.303250 0.028884 -0.354860 -0.181617 0.313974 0.072846 -0.142335 -0.005584 0.055710 -0.080533 
2.994168 0.866209 0.245835 -0.089693 -0.279461 -0.036513 0.326048 0.070710 -0.051713 0.028686 -0.009066 -0.057270 
1.621212 0.896189 0.506790 0.257539 0.154954 0.156536 0.130331 0.081539 0.039548 0.034487 0.197067 0.142267 
1.139466 0.633794 0.420733 0.344835 0.273988 0.262179 0.228001 0.234780 0.230382 0.212838 0.212427 0.135991 
1.061949 0.603432 0.396186 0.361185 0.294095 0.280422 0.241696 0.252545 0.219460 0.221633 0.204383 0.132411 
1.069545 0.601474 0.429212 0.355574 0.298677 0.271809 0.230466 0.229450 0.226567 0.226729 0.212893 0.132873 
1.054459 0.580707 0.421416 0.345222 0.306623 0.272630 0.251218 0.234823 0.220702 0.228439 0.212633 0.130972 
1.073953 0.587405 0.418085 0.355476 0.303777 0.255575 0.243478 0.229190 0.245796 0.218501 0.211859 0.131958 
1.069557 0.598298 0.435583 0.340197 0.292775 0.258247 0.245811 0.229012 0.218952 0.235998 0.218979 0.132233 
