1.077089 0.582968 0.421482 0.343082 0.298138 0.270013 0.251082 0.238234 0.228872 0.222850 0.218495 0.132784 
1.076869 0.581753 0.421333 0.343310 0.298317 0.269890 0.251577 0.238078 0.229355 0.222889 0.218235 0.132725 
1.077276 0.582563 0.421254 0.342974 0.298509 0.269777 0.251327 0.238551 0.228780 0.222748 0.218452 0.132776 
1.076615 0.582540 0.421291 0.343089 0.298236 0.270159 0.250890 0.238342 0.229079 0.222828 0.218599 0.132729 
1.077150 0.582836 0.420971 0.343210 0.298315 0.269645 0.251615 0.238446 0.229304 0.222254 0.218431 0.132774 
1.076852 0.590739 0.426755 0.333136 0.308826 0.283589 0.255520 0.233937 0.226853 0.222022 0.215112 0.134770 
0.227536 0.109315 0.980276 0.559899 -0.168985 -0.157959 0.009958 -0.007155 -0.030074 -0.120773 0.094838 0.187508 
0.321789 0.027161 1.029337 0.562018 -0.243606 -0.113762 0.042753 -0.037958 -0.031053 -0.163894 0.110935 0.188795 
0.493704 0.005287 1.204497 0.593601 -0.143549 -0.090168 0.213340 -0.177017 -0.049729 -0.110288 -0.019974 0.071405 
0.809124 0.077964 1.136714 0.799860 -0.234133 0.029634 0.351351 -0.239430 -0.086298 -0.030848 0.003337 -0.084781 
0.847500 0.114816 1.334162 0.796290 -0.165458 0.081902 0.326007 -0.162184 -0.118579 -0.017094 -0.030178 -0.094030 
0.975499 0.394286 1.149662 0.804108 -0.108034 0.057649 0.311651 -0.075433 -0.081701 -0.041179 -0.002426 -0.056537 
1.005546 0.475632 0.952735 0.785865 0.001914 -0.014122 0.367231 0.029928 -0.062465 -0.021408 0.167108 -0.020618 
1.095621 0.458161 0.981310 0.625023 0.099613 0.205354 0.429601 0.070311 0.056074 0.062957 0.200727 0.027489 
1.152695 0.296729 0.636508 0.489156 0.283970 0.273929 0.087566 0.095281 0.331390 0.300803 0.074563 0.095924 
1.077466 0.582626 0.421760 0.343839 0.298351 0.269699 0.251583 0.238041 0.228860 0.222593 0.218142 0.132844 
1.077075 0.582191 0.421270 0.343408 0.298283 0.270375 0.251284 0.238462 0.228739 0.223039 0.218067 0.132777 
1.076913 0.582960 0.421321 0.342747 0.298344 0.269974 0.251645 0.238261 0.229099 0.222882 0.218181 0.132787 
1.077083 0.583113 0.420898 0.343541 0.298152 0.270329 0.250752 0.238528 0.229448 0.222475 0.218161 0.132801 
1.076893 0.582637 0.421187 0.343226 0.298055 0.269570 0.251671 0.238148 0.229263 0.222877 0.218370 0.132748 
