1.075673 0.580069 0.422977 0.342154 0.297876 0.269069 0.253631 0.237103 0.229563 0.223781 0.217070 0.132507 
1.074894 0.579938 0.423036 0.342449 0.300775 0.269654 0.250422 0.238649 0.229759 0.221407 0.218293 0.132540 
1.072577 0.578896 0.421224 0.348170 0.298099 0.269492 0.246422 0.242755 0.228853 0.221323 0.218977 0.132349 
1.034099 0.585308 0.415917 0.332685 0.314891 0.264143 0.265999 0.234123 0.221546 0.242772 0.201412 0.130639 
0.980887 0.553862 0.290707 0.322267 0.362575 0.369982 0.228083 0.205562 0.135137 0.292622 0.247303 0.128728 
0.974671 0.495970 0.288540 0.311472 0.375348 0.407202 0.141014 0.234554 0.231413 0.268289 0.212192 0.109882 
1.852764 -0.263674 0.821016 0.526639 0.037166 0.087945 -0.104067 -0.148599 0.132965 0.062512 -0.091918 0.078633 
1.480119 -0.435957 0.676623 0.552358 -0.210626 -0.096344 -0.096029 -0.123523 0.064594 0.016969 -0.060421 0.147861 
1.646702 -0.343573 0.237728 0.497538 0.028126 -0.149276 -0.014204 -0.197981 -0.022451 0.036396 0.100444 0.133664 
2.185152 -0.284329 0.573193 0.709358 0.041461 0.003795 -0.010556 -0.165024 0.082473 0.086173 -0.046163 0.120156 
3.015561 -0.091078 -0.049867 0.134546 -0.288989 0.074777 0.273653 0.133721 -0.073893 0.093478 0.235620 0.197407 
2.743619 -0.010250 -0.240366 0.260597 0.134542 -0.102748 0.284463 -0.040611 0.058728 0.209649 0.404014 0.233716 
2.501432 0.122208 0.102709 0.501152 0.034328 -0.077400 0.221704 0.152081 0.141492 0.151579 0.194080 0.085751 
1.965645 0.794558 0.221762 0.168932 0.295819 0.266202 0.088984 0.006993 0.125847 0.277994 0.214076 0.139889 
1.126309 0.624866 0.452453 0.355403 0.307584 0.265868 0.238028 0.224252 0.210923 0.207931 0.205700 0.136382 
1.076581 0.582664 0.423814 0.343213 0.296785 0.270727 0.250935 0.237770 0.228586 0.221831 0.217547 0.132641 
1.076220 0.581377 0.420835 0.342437 0.297662 0.270986 0.250324 0.237800 0.229261 0.223396 0.218658 0.132494 
1.073735 0.582621 0.423396 0.341901 0.298441 0.270009 0.251190 0.238454 0.229961 0.220330 0.219384 0.132543 
1.076160 0.582024 0.422290 0.341776 0.298887 0.270001 0.251227 0.239412 0.228340 0.222566 0.217868 0.132640 
1.072754 0.583015 0.422203 0.341113 0.300419 0.269575 0.250861 0.239239 0.230600 0.222378 0.216758 0.132516 
