1.076055 0.582988 0.420750 0.343605 0.298886 0.269270 0.251308 0.238059 0.230009 0.221715 0.218738 0.132706 
1.076530 0.582337 0.422146 0.342832 0.298589 0.270019 0.251029 0.237990 0.228988 0.223022 0.218358 0.132746 
1.076185 0.583299 0.421267 0.343595 0.298512 0.269897 0.251497 0.237671 0.229045 0.222805 0.218288 0.132767 
1.077046 0.582233 0.421440 0.343814 0.297799 0.270248 0.250926 0.238168 0.229309 0.222295 0.218679 0.132755 
1.076936 0.581897 0.421452 0.343567 0.297756 0.270430 0.250805 0.238807 0.229027 0.222761 0.218208 0.132730 
1.083632 0.585425 0.432065 0.351297 0.294088 0.266729 0.253750 0.234381 0.219779 0.218770 0.222370 0.133531 
0.944892 0.034734 1.170625 0.515288 -0.074243 -0.065269 0.191887 -0.066578 -0.054417 -0.074418 0.031570 0.109400 
0.422350 -0.080378 1.123774 0.493878 -0.119063 -0.236976 0.265655 -0.075080 -0.127485 -0.009280 0.086455 0.055559 
0.560985 -0.044845 1.085644 0.568267 -0.114790 -0.196644 0.269918 -0.089147 -0.176287 -0.066066 0.041895 0.002157 
0.591579 -0.062018 1.164609 0.692250 -0.136974 -0.087882 0.325661 -0.217568 -0.097901 -0.068451 -0.078859 -0.013254 
0.380256 0.170396 1.255144 0.616888 0.091901 -0.122020 0.275749 -0.039555 -0.144365 -0.044085 0.065418 -0.073108 
0.639785 0.322996 1.255284 0.874091 -0.029643 -0.072309 0.383697 -0.116865 -0.033858 -0.159190 0.060365 -0.024251 
0.701247 0.394494 1.179277 0.877013 0.174290 -0.164298 0.394278 -0.035455 -0.060649 -0.053155 0.039606 -0.038555 
0.932913 0.517557 1.007138 0.587904 0.193098 0.140555 0.429655 -0.000552 0.135536 0.032742 0.130563 0.058082 
1.071855 0.565122 0.426747 0.360907 0.281230 0.260364 0.269482 0.239155 0.212363 0.220488 0.232911 0.131315 
1.075904 0.581851 0.421745 0.345387 0.295789 0.268647 0.255192 0.238259 0.224463 0.222985 0.220483 0.132630 
1.077533 0.582780 0.422660 0.342984 0.297874 0.270086 0.251668 0.237421 0.228774 0.222770 0.218429 0.132843 
1.076434 0.582030 0.421065 0.343785 0.297784 0.269189 0.251584 0.239132 0.228422 0.223259 0.218432 0.132682 
1.077231 0.582539 0.421507 0.343248 0.298034 0.270503 0.250824 0.237955 0.229580 0.223015 0.217994 0.132796 
1.076246 0.582744 0.421381 0.343108 0.298462 0.270297 0.251003 0.238340 0.229811 0.222397 0.217845 0.132733 
