1.076782 0.582597 0.421199 0.343254 0.297859 0.270353 0.251437 0.238372 0.229182 0.222547 0.218305 0.132750 
1.076712 0.582550 0.421093 0.342910 0.298506 0.270211 0.251269 0.238173 0.229333 0.222841 0.218147 0.132738 
1.076664 0.582698 0.420775 0.343298 0.298153 0.269838 0.251498 0.237976 0.229227 0.222894 0.218463 0.132713 
1.076926 0.582350 0.421393 0.343235 0.298733 0.270308 0.251074 0.238112 0.229274 0.223150 0.218163 0.132820 
1.091285 0.588897 0.424853 0.342674 0.297228 0.268278 0.247417 0.234762 0.223075 0.221190 0.223132 0.133708 
1.125065 0.540995 0.435545 0.340416 0.281055 0.255715 0.224133 0.250951 0.243044 0.172205 0.253760 0.134928 
1.266610 0.171905 -0.181473 0.011665 0.474067 -0.081341 -0.137053 0.001076 0.122472 0.270527 0.284258 0.124386 
1.239064 0.013972 -0.286250 -0.315982 0.392897 0.150577 0.095252 -0.124828 0.141624 0.247488 0.246137 0.184314 
0.894095 -0.117399 -0.204804 -0.124629 0.372822 0.185832 0.129774 -0.113389 0.262948 0.124972 0.285914 0.101613 
1.032876 -0.333053 -0.040397 0.001739 0.271140 0.104846 -0.101167 -0.123878 0.386423 0.174854 0.277121 0.152672 
0.906501 -0.337635 0.355227 0.154302 0.119095 -0.017260 -0.011954 0.011162 0.293025 0.198762 -0.023646 0.097382 
0.876174 -0.204555 0.766316 0.476412 0.124931 -0.214950 0.015812 0.075490 0.127502 -0.062210 0.034709 0.217792 
0.909098 -0.027972 0.822919 0.250628 -0.060704 -0.109439 0.208877 -0.198492 0.055508 0.065384 0.033886 0.191488 
0.866544 0.199909 0.939560 0.174694 -0.084795 -0.064799 0.120785 -0.104845 0.034246 0.074935 0.126085 0.139604 
1.232892 0.356908 0.936511 0.371845 -0.002460 0.030089 0.102427 0.078299 0.257134 0.010807 0.078419 0.234424 
1.137313 0.602519 0.553119 0.391522 0.239061 0.237600 0.263498 0.172562 0.200564 0.212087 0.219779 0.133282 
1.112815 0.614752 0.448699 0.362073 0.309334 0.274738 0.247036 0.228079 0.220470 0.209137 0.203230 0.137752 
1.077707 0.582761 0.421261 0.343520 0.298523 0.270556 0.252166 0.237697 0.228572 0.222093 0.218156 0.132852 
1.077228 0.582178 0.421045 0.343212 0.298199 0.269836 0.251437 0.238040 0.229218 0.223112 0.218298 0.132740 
1.076776 0.582711 0.421075 0.343432 0.298156 0.269866 0.251492 0.238197 0.229142 0.223412 0.217770 0.132763 
1.076756 0.582361 0.421117 0.342925 0.297965 0.270408 0.251699 0.237977 0.229039 0.222900 0.218484 0.132726 
1.076892 0.583173 0.421174 0.342786 0.298317 0.270461 0.251025 0.238294 0.229302 0.222982 0.217900 0.132787 
