1.054889 0.584060 0.430368 0.344167 0.294838 0.262181 0.252478 0.237640 0.234012 0.229421 0.209502 0.131512 
0.996978 0.640814 0.383949 0.357141 0.311535 0.258592 0.259918 0.225314 0.225832 0.217650 0.220320 0.127907 
1.086972 0.665007 0.412708 0.341871 0.394677 0.265699 0.310823 0.210428 0.153724 0.173959 0.181538 0.138463 
1.127058 0.529607 0.668845 0.352693 0.409598 0.298486 0.097350 0.235071 0.192751 0.156136 0.164630 0.110497 
1.252718 0.213594 1.076754 0.674423 0.230573 0.232228 -0.062850 0.031154 0.095634 0.172136 -0.067760 -0.079061 
1.543289 0.015720 0.912723 0.621878 0.150189 -0.043030 0.009547 -0.244486 0.004024 0.054895 -0.170238 -0.137504 
1.339126 -0.025800 0.861804 0.626051 0.091321 -0.196677 -0.015240 -0.371919 0.049363 0.018911 -0.323275 -0.138885 
1.342796 -0.101465 0.534136 0.578287 0.144849 -0.198143 -0.028297 -0.439154 0.046639 -0.010742 -0.329462 -0.187742 
1.987971 -0.102403 0.599373 0.041134 0.253922 0.125660 -0.108721 -0.149177 -0.240304 -0.166831 0.054980 0.061187 
2.741029 -0.004173 0.418102 -0.162293 0.018865 -0.258164 0.150766 -0.005781 -0.352341 -0.048367 -0.131117 -0.058881 
3.201098 0.236660 0.245082 0.199787 -0.281150 -0.279167 0.210102 0.013002 -0.136502 -0.044329 -0.019109 -0.132525 
3.031708 1.189081 0.129527 -0.252269 0.035643 0.111832 0.044393 0.032752 0.024865 -0.041736 -0.017518 -0.027286 
2.408696 1.021971 0.162688 -0.189021 -0.081204 0.107947 0.136497 -0.006787 -0.087116 -0.079168 -0.084750 0.026497 
1.275394 0.663676 0.389769 0.246016 0.191400 0.229874 0.278477 0.290136 0.255143 0.229926 0.174178 0.120360 
1.099334 0.604885 0.431370 0.357796 0.298594 0.247779 0.252206 0.234616 0.208657 0.213395 0.225137 0.134638 
1.072478 0.590093 0.428771 0.348007 0.297743 0.270207 0.244753 0.241060 0.228959 0.215523 0.215111 0.132866 
