1.052756 0.576030 0.436489 0.355565 0.269930 0.096327 0.068155 -0.084889 -0.047040 0.023516 0.053625 0.036911 
0.908482 0.538338 0.431015 0.375215 0.208700 0.154573 -0.015875 -0.009069 0.111519 -0.027773 0.094840 0.056761 
0.938230 0.151791 0.359078 0.448744 0.105107 0.055398 -0.121860 0.007867 0.241275 0.298185 0.205800 0.010958 
0.768044 0.085355 0.326659 0.228288 0.137742 0.154206 0.025685 -0.086694 0.046959 0.190334 0.063632 0.092337 
0.721316 0.108879 0.021120 0.157334 0.106519 0.197402 0.130342 0.021909 0.006763 0.314003 0.029197 0.091938 
0.591823 0.044940 0.406137 0.098733 -0.020327 0.349752 -0.011478 0.023072 0.113323 0.224653 0.123509 0.072933 
2.549460 -0.442958 0.679251 0.464661 -0.030173 -0.181443 -0.259723 -0.398274 -0.141398 0.037906 -0.162430 -0.145118 
2.224267 -0.544375 0.476346 0.477484 -0.009081 -0.335199 -0.305715 -0.340341 -0.195642 -0.068757 -0.070660 -0.025372 
2.603514 -0.443686 -0.126360 0.460143 0.154340 -0.368315 -0.151311 -0.221198 -0.150320 -0.011291 0.135717 0.103316 
3.322685 -0.474568 0.050778 0.759977 -0.004975 -0.218571 -0.086854 -0.069152 -0.229866 -0.106615 0.048294 0.026781 
3.365570 0.157688 -0.217059 0.181323 -0.112921 -0.319174 0.036500 -0.025316 -0.267376 -0.264431 0.080014 0.209874 
3.015573 -0.202000 -0.041084 -0.047796 0.048453 -0.234337 0.119817 -0.165589 -0.307589 0.099370 0.252661 0.174551 
3.062161 -0.118277 -0.096022 0.499434 -0.023241 -0.322710 0.004259 0.055491 0.046232 0.092605 0.189847 0.077642 
2.547166 1.002767 0.251625 0.029842 0.079052 0.107806 0.024074 -0.078464 0.010911 0.178903 0.200672 0.159564 
1.663868 0.959908 0.931536 0.304973 0.450005 0.245804 0.051141 0.073560 -0.121578 -0.014430 0.042471 -0.065662 
1.321844 0.709303 0.594554 0.339166 0.109528 0.113644 -0.093236 0.035399 0.191563 0.218302 0.120014 0.163275 
0.898549 0.431486 0.420649 0.542472 0.261291 -0.022276 0.103190 0.103457 0.180108 0.088930 0.103144 0.083995 
1.090796 0.556165 0.389200 0.385834 0.113954 0.116885 -0.023700 0.071202 0.138992 0.168997 0.209571 0.108210 
0.993496 0.504813 0.365714 0.184499 0.199521 0.180728 0.071703 -0.035599 0.093773 0.087607 0.326176 0.090658 
1.189848 0.483366 0.386728 0.124433 0.105768 0.041521 0.107441 0.102980 0.068909 0.034046 0.328035 0.138342 
1.084760 0.448422 0.310850 0.111864 0.296714 0.083158 0.128216 0.054455 0.003976 0.070576 0.275146 0.114694 
