1.076546 0.582772 0.421585 0.343165 0.298227 0.270107 0.250684 0.238877 0.229555 0.222525 0.217990 0.132765 
1.077476 0.582978 0.422181 0.343150 0.297903 0.270233 0.251044 0.238263 0.228654 0.222284 0.218776 0.132839 
1.078152 0.582974 0.421160 0.343517 0.298376 0.269636 0.251244 0.238266 0.229021 0.222840 0.217956 0.132858 
1.077033 0.581926 0.421590 0.343535 0.298379 0.269960 0.251491 0.238311 0.229916 0.222143 0.217819 0.132774 
1.076838 0.583101 0.421402 0.342951 0.298570 0.269461 0.251282 0.238265 0.228802 0.223163 0.218197 0.132762 
1.077033 0.582413 0.421852 0.343005 0.298109 0.270374 0.251266 0.238159 0.228458 0.223274 0.218163 0.132769 
0.732762 0.193487 1.180656 0.705003 0.068524 -0.021056 0.120114 0.022307 0.254967 -0.084437 0.063861 0.228397 
0.547823 -0.181246 0.890192 0.568427 -0.106044 -0.215374 -0.003844 -0.067360 0.088433 -0.153515 -0.000083 0.262990 
0.616003 -0.197861 1.038786 0.645785 -0.188678 -0.265614 0.037790 -0.088018 0.027189 -0.138797 0.064156 0.182335 
0.688392 -0.097823 1.101088 0.760877 -0.083819 -0.175769 0.233132 -0.174734 -0.040287 -0.164908 -0.050650 0.057350 
0.819478 0.186828 1.220541 0.767134 -0.114007 -0.140343 0.436543 -0.187926 -0.181441 -0.032845 -0.004340 -0.095128 
1.341157 -0.136373 1.854329 0.812024 -0.100391 0.154004 0.104567 0.054501 -0.033908 -0.171619 -0.030001 0.060837 
1.704981 0.380148 1.115390 1.227762 0.075960 -0.235457 0.264354 0.167878 -0.178278 -0.177713 0.031843 0.021236 
1.306792 0.475050 0.712355 0.755046 0.200682 0.024277 0.329783 0.294516 -0.005903 -0.005970 0.250560 0.143343 
1.092602 0.529305 0.465304 0.425604 0.264787 0.206738 0.294275 0.283744 0.161055 0.166871 0.273601 0.138380 
1.076865 0.570152 0.420712 0.350916 0.301926 0.266711 0.245484 0.238536 0.234376 0.225434 0.214615 0.132189 
1.077042 0.582447 0.421707 0.344065 0.299010 0.269433 0.250602 0.237932 0.229365 0.223519 0.217149 0.132789 
1.076961 0.582746 0.421685 0.342440 0.298421 0.269972 0.250905 0.238167 0.229655 0.222347 0.218500 0.132741 
1.077300 0.582616 0.421033 0.343542 0.297557 0.269954 0.251117 0.237893 0.229576 0.222259 0.218942 0.132737 
1.077508 0.582584 0.421247 0.342442 0.298734 0.268968 0.251205 0.238720 0.229008 0.223400 0.217895 0.132733 
1.077703 0.582269 0.421375 0.342486 0.298518 0.270821 0.251227 0.238149 0.229181 0.222262 0.218234 0.132781 
