1.058386 0.577166 0.427213 0.331330 0.304553 0.274326 0.243818 0.245941 0.231213 0.219814 0.216004 0.130832 
1.052546 0.577826 0.422769 0.342007 0.290055 0.279262 0.254789 0.233413 0.235573 0.219055 0.217265 0.130508 
1.061564 0.583371 0.426236 0.341765 0.298986 0.269547 0.244078 0.234031 0.234390 0.213352 0.227904 0.131169 
1.057069 0.575323 0.422157 0.346537 0.304486 0.266423 0.254209 0.242002 0.219874 0.228974 0.212599 0.131010 
1.077350 0.584276 0.416684 0.352525 0.299142 0.276859 0.245760 0.222960 0.248037 0.218364 0.208516 0.132476 
0.985388 0.403628 0.337932 0.562298 0.314971 0.136373 0.226229 0.279697 0.309841 0.185320 0.163549 0.126621 
0.792108 0.021830 0.595193 0.622235 0.239560 0.283495 0.252256 0.136630 0.410005 0.222621 -0.025798 0.138199 
1.868303 0.121336 0.590768 0.913135 -0.119287 0.097400 -0.206283 -0.048468 0.025851 0.038752 -0.327223 -0.034140 
1.728454 -0.216394 0.805339 0.900417 -0.105933 -0.042439 -0.190909 -0.050870 -0.050899 -0.179375 -0.254980 -0.000151 
1.220105 0.050036 0.874565 0.910863 -0.066445 -0.103691 -0.154773 0.108832 -0.193261 -0.239352 -0.143563 -0.013548 
1.177212 0.153578 1.002245 0.819403 -0.131658 -0.065076 0.032463 0.031315 -0.214630 -0.194021 -0.095894 -0.037815 
1.628252 0.156389 0.933190 0.702089 -0.086837 0.033032 -0.024829 0.276375 -0.300196 -0.166191 0.058656 -0.076133 
2.323683 0.185843 1.078903 0.731675 -0.232159 -0.222066 0.198476 0.071728 -0.214111 -0.066453 0.053799 -0.106339 
2.312858 0.665260 1.315196 1.062452 -0.287115 -0.132305 0.402096 -0.068557 -0.247338 0.022066 0.133539 -0.118468 
1.736352 1.125558 0.911231 0.634241 0.305154 0.166385 0.114994 -0.014438 -0.045448 -0.023683 -0.033747 -0.039251 
1.339912 0.822034 0.619837 0.482287 0.352787 0.259932 0.185724 0.113734 0.086308 0.091164 0.136813 0.080601 
1.062436 0.580567 0.430386 0.352596 0.298093 0.266747 0.250147 0.246170 0.227002 0.208898 0.219334 0.132096 
1.055415 0.586441 0.426686 0.338013 0.313086 0.269011 0.249246 0.242255 0.225825 0.229280 0.203225 0.132028 
1.056984 0.587887 0.421646 0.339746 0.300889 0.273981 0.254670 0.238166 0.227107 0.220761 0.214784 0.131591 
1.060950 0.588400 0.417881 0.349005 0.299471 0.278819 0.241981 0.240340 0.226554 0.217175 0.218335 0.131717 
1.073194 0.594001 0.423699 0.352302 0.298893 0.265148 0.242206 0.230807 0.237927 0.219994 0.212126 0.132639 
