1.049153 0.581323 0.418241 0.330537 0.301485 0.265023 0.256701 0.222516 0.242459 0.228810 0.208056 0.129145 
1.032382 0.586229 0.447321 0.344312 0.281081 0.281990 0.252922 0.244058 0.176162 0.232991 0.224936 0.127066 
1.055020 0.550024 0.389205 0.394063 0.289460 0.259717 0.241959 0.268097 0.242812 0.183825 0.219008 0.130344 
0.822428 0.414541 0.466313 0.502861 0.214568 0.295688 0.325071 0.101687 0.383202 0.241817 0.064890 0.118518 
0.847047 0.372855 0.450927 0.248335 0.270800 0.440221 0.286080 0.150277 0.268996 0.188564 0.185844 0.122671 
0.987268 0.234325 0.373892 0.332809 0.222616 0.517344 0.225227 0.095676 0.289611 0.304599 0.157797 0.103117 
1.262766 -0.134990 0.770620 0.663642 0.041954 0.223668 -0.286552 -0.364655 0.026882 0.071938 -0.259977 -0.193363 
1.159597 -0.224382 0.808021 1.038913 -0.319456 -0.202875 -0.061882 -0.143698 -0.179096 -0.103945 -0.219090 -0.101418 
1.524962 0.036141 0.701105 1.419274 -0.065296 -0.006966 0.011901 -0.035915 -0.025415 -0.006312 -0.106390 -0.148843 
1.909819 -0.341223 0.745969 1.395333 -0.055522 -0.086840 0.029335 -0.029693 -0.130745 0.007606 -0.106681 -0.067783 
1.835007 0.392014 1.005586 1.149855 0.218763 -0.218190 0.078777 0.148477 -0.046320 -0.156835 -0.051731 0.072192 
0.975781 -0.145320 0.434793 0.648496 0.310832 0.070030 0.093252 0.097759 0.287470 0.190803 -0.013180 0.015736 
0.596080 0.392444 0.325301 0.287981 0.358988 0.249030 0.334095 0.186072 0.274497 0.306945 0.063464 0.089162 
0.804845 0.105382 0.566777 0.345608 0.315102 0.438035 0.227505 0.162245 0.217089 0.246291 0.191187 0.088757 
0.810538 0.210656 0.721777 0.427341 0.109645 0.313950 0.341176 0.091912 0.262031 0.333261 0.142693 0.064887 
0.980432 0.475664 0.529816 0.360666 0.215376 0.273074 0.292482 0.161735 0.212310 0.276623 0.237588 0.106074 
1.022567 0.564112 0.464714 0.323896 0.297222 0.277999 0.200659 0.257592 0.215930 0.248186 0.211915 0.125900 
