1.076266 0.580865 0.421405 0.343138 0.295995 0.270311 0.253521 0.237127 0.228599 0.223253 0.218808 0.132516 
1.078411 0.582455 0.422340 0.342725 0.295723 0.267926 0.250141 0.237312 0.228288 0.224889 0.219996 0.132588 
1.075601 0.581804 0.420976 0.343505 0.296958 0.269627 0.252714 0.239243 0.229106 0.222141 0.218325 0.132589 
1.075598 0.582124 0.422367 0.342995 0.297913 0.270034 0.250440 0.238597 0.228882 0.222121 0.219267 0.132615 
1.078722 0.578263 0.419535 0.343862 0.297786 0.269056 0.252776 0.235824 0.228424 0.222667 0.220905 0.132388 
1.078269 0.576649 0.417999 0.338462 0.294275 0.264806 0.274417 0.229667 0.227411 0.216522 0.221966 0.131785 
2.613819 0.237577 -0.108288 0.123589 -0.278237 -0.103719 0.345841 0.140539 0.023279 0.051356 0.215405 0.152527 
2.377314 -0.074857 -0.179560 0.009137 -0.281381 -0.045711 0.280433 0.099379 -0.016972 0.065357 0.191117 0.193460 
2.307448 -0.309309 -0.087752 0.099807 -0.066225 -0.067137 0.132091 -0.086041 -0.066407 0.183608 0.324176 0.246220 
2.181254 -0.350579 0.319735 0.306943 -0.065627 -0.227550 -0.105634 -0.041962 0.075167 0.223511 0.104417 0.015283 
1.756918 -0.187199 0.918006 0.432969 0.202674 -0.157316 -0.071615 -0.161632 0.021361 -0.023717 -0.163050 0.169361 
1.809055 -0.101135 0.903621 0.639369 0.209954 -0.226517 0.138540 -0.058858 0.014538 0.133303 -0.019560 0.091177 
1.812116 0.266389 0.512549 0.726731 0.237692 0.021171 0.015309 -0.075547 0.010948 0.029825 0.074339 0.032101 
1.738174 0.652715 0.468010 0.671370 0.517532 0.083613 -0.080477 0.040695 0.088973 0.058726 0.139309 0.096107 
1.175430 0.614003 0.448397 0.398160 0.330255 0.237842 0.190389 0.203746 0.227869 0.221272 0.212843 0.138379 
1.081381 0.583469 0.420516 0.343001 0.298231 0.269915 0.252503 0.237616 0.226629 0.222369 0.218935 0.132982 
1.077674 0.581107 0.420313 0.343009 0.299214 0.270596 0.249303 0.239515 0.228185 0.222089 0.219268 0.132610 
1.077962 0.582930 0.419036 0.341846 0.298463 0.269756 0.252031 0.239498 0.229569 0.222713 0.217203 0.132673 
1.078256 0.582181 0.419185 0.341187 0.297230 0.271544 0.253473 0.240349 0.229342 0.221533 0.216568 0.132666 
1.079262 0.581735 0.418439 0.341534 0.298135 0.272004 0.253641 0.239821 0.228543 0.222743 0.215833 0.132743 
