1.070648 0.593508 0.430278 0.347045 0.302829 0.267964 0.252794 0.227240 0.217793 0.222617 0.216743 0.132500 
1.063707 0.582850 0.430771 0.330608 0.293406 0.269256 0.244330 0.247881 0.220987 0.216951 0.225515 0.130262 
1.068929 0.584994 0.410125 0.346860 0.301140 0.267911 0.263166 0.223299 0.220283 0.229375 0.216340 0.131232 
1.073316 0.611647 0.426488 0.356423 0.299213 0.273880 0.232966 0.219451 0.223277 0.214191 0.223482 0.132514 
1.243107 0.326316 0.308183 0.475207 0.287486 0.041596 0.167909 0.457068 0.376804 0.119242 0.109437 0.162828 
0.747142 0.238063 0.405312 0.730508 0.133297 0.259386 0.212911 0.339616 0.265180 0.157199 0.131593 0.158637 
0.685803 0.163771 0.517025 0.634285 0.150420 0.180791 0.263461 0.305850 0.320237 0.195054 0.082598 0.138529 
2.470857 -0.030923 0.648174 0.938408 -0.018738 -0.094264 -0.119197 -0.061816 -0.096752 -0.168865 -0.214411 -0.022339 
1.377708 -0.022272 0.826473 0.984274 -0.130186 -0.259941 -0.166859 -0.011377 -0.126358 -0.257437 -0.157348 0.020751 
1.008716 0.117372 0.925804 0.942966 -0.237104 -0.249506 -0.024009 0.022691 -0.219419 -0.199616 0.034462 -0.017918 
1.032586 0.233557 0.961403 0.895285 -0.274602 -0.107742 -0.089293 -0.028717 -0.211185 -0.215505 -0.050647 0.000887 
1.410898 0.166606 1.146312 0.896931 -0.076475 -0.072103 -0.133981 0.058985 -0.253521 -0.269384 -0.052436 -0.061106 
1.626632 0.398291 1.035599 0.816785 -0.185095 0.152269 0.019644 0.004277 -0.282037 -0.191680 -0.033945 -0.064245 
2.311912 0.322892 1.208978 0.536126 -0.267621 -0.045232 -0.033749 0.115528 -0.130374 -0.178418 0.114047 0.013963 
1.912823 0.912712 1.158790 0.834000 0.001584 -0.025077 0.276861 0.019575 -0.214258 -0.008024 0.075453 -0.108567 
1.651536 1.064569 0.829811 0.575321 0.392580 0.238633 0.147608 0.085803 0.026820 0.016962 0.048216 0.011246 
1.119507 0.622474 0.464448 0.375495 0.280033 0.261553 0.245199 0.214198 0.215021 0.212586 0.192960 0.134612 
1.084573 0.595783 0.425270 0.361675 0.303927 0.269318 0.251193 0.235915 0.206929 0.212098 0.216934 0.133575 
1.059232 0.570041 0.420357 0.344662 0.311701 0.275122 0.240582 0.247802 0.228588 0.221624 0.206793 0.130815 
1.062033 0.585023 0.438587 0.336322 0.292665 0.282470 0.240710 0.243765 0.226397 0.211710 0.216396 0.131547 
1.055623 0.517425 0.428942 0.339548 0.288313 0.298041 0.259068 0.258224 0.229247 0.189411 0.218709 0.129373 
1.074744 0.549299 0.403178 0.317385 0.317262 0.311807 0.275322 0.224417 0.220731 0.199550 0.216846 0.132109 
1.057488 0.538221 0.431262 0.348855 0.290402 0.269442 0.269541 0.256905 0.220274 0.205389 0.211591 0.129187 
