1.075606 0.582424 0.421641 0.342977 0.298317 0.270702 0.250070 0.239569 0.227755 0.223123 0.218671 0.132660 
1.076100 0.583744 0.421730 0.342875 0.299739 0.269359 0.251748 0.237392 0.229988 0.222252 0.217689 0.132821 
1.074866 0.582774 0.421231 0.343661 0.298517 0.269093 0.251387 0.237904 0.229166 0.222774 0.218999 0.132617 
1.075142 0.584037 0.420205 0.343526 0.298519 0.268784 0.251768 0.238620 0.229203 0.222780 0.218327 0.132667 
1.079758 0.580120 0.428913 0.340661 0.292186 0.273337 0.248273 0.234318 0.231334 0.223658 0.217800 0.132665 
1.040410 0.537964 0.437087 0.351337 0.280132 0.229128 0.329726 0.209440 0.202836 0.241366 0.231280 0.124678 
2.434516 0.190841 0.007932 0.122867 -0.157957 -0.107019 0.375758 0.076500 0.032290 0.117487 0.268724 0.179675 
2.425461 -0.274594 -0.055624 0.023650 -0.158256 0.000092 0.172621 -0.032821 -0.154451 0.146801 0.346635 0.229283 
2.200124 -0.459020 0.213508 0.359934 -0.013006 -0.158790 -0.103531 -0.104015 0.027502 0.204586 0.193049 0.096050 
1.883390 -0.270215 0.699388 0.426293 0.108163 -0.248929 -0.189374 -0.070584 0.003512 0.002112 -0.045446 0.087397 
1.915873 -0.219528 0.815792 0.642792 0.375461 -0.246397 -0.061351 -0.084856 0.011804 0.047464 -0.170310 0.009691 
2.161791 0.157503 0.368846 0.628073 0.396177 -0.025663 0.019194 -0.077150 0.104057 0.014925 0.056038 0.127819 
2.255947 0.466106 0.279307 0.650356 0.411531 0.022425 -0.059309 -0.048173 -0.056816 -0.036845 0.044633 0.070575 
1.787057 0.689223 0.466730 0.688082 0.606398 0.131493 -0.170589 -0.060368 0.104920 0.087868 0.100583 0.003230 
1.082941 0.579619 0.425801 0.351308 0.298911 0.264091 0.244955 0.234778 0.228243 0.223346 0.220221 0.132940 
1.076655 0.578830 0.423995 0.346877 0.299846 0.267978 0.250414 0.240402 0.229765 0.221728 0.215358 0.132793 
1.073739 0.577191 0.425232 0.346538 0.296995 0.268562 0.251407 0.237882 0.228256 0.224195 0.217686 0.132390 
1.076354 0.580657 0.422774 0.344519 0.298575 0.268652 0.251148 0.238495 0.229862 0.222584 0.217475 0.132693 
1.073921 0.579737 0.419993 0.343653 0.299984 0.267032 0.252618 0.240727 0.228881 0.222913 0.217615 0.132354 
1.077729 0.580562 0.420223 0.344094 0.298615 0.269585 0.252209 0.236622 0.229989 0.221543 0.218943 0.132600 
