1.071995 0.578664 0.426033 0.343734 0.297519 0.271570 0.245794 0.236249 0.235459 0.221594 0.216782 0.132258 
1.073335 0.580959 0.419355 0.346833 0.294853 0.268978 0.248413 0.241353 0.229895 0.221519 0.218750 0.132118 
1.067433 0.584667 0.417676 0.340861 0.301357 0.264968 0.253265 0.237713 0.226545 0.229345 0.216176 0.131795 
1.103546 0.568787 0.429591 0.323401 0.266706 0.239390 0.242244 0.257965 0.240557 0.228625 0.227468 0.130923 
1.109497 0.560760 0.392571 0.301817 0.282401 0.285765 0.282153 0.255685 0.227773 0.214936 0.208950 0.129129 
2.664039 0.868266 0.484492 0.031835 -0.404818 -0.266902 0.360643 -0.011968 0.034104 0.169652 0.089038 -0.096408 
2.549032 0.597041 0.542113 0.050978 -0.541461 -0.374635 0.333939 -0.102412 0.048062 0.092251 0.007416 -0.123343 
2.509483 0.594866 0.489275 -0.034410 -0.598726 -0.198504 0.268309 -0.086848 -0.055592 0.132561 -0.018829 -0.189129 
2.550774 0.565562 0.455706 -0.080977 -0.574975 -0.278091 0.274728 -0.055075 -0.107208 0.109113 0.005439 -0.182796 
2.741268 0.542818 0.357887 -0.138528 -0.339150 -0.214284 0.326583 -0.183154 -0.148172 0.080524 -0.072298 -0.121028 
2.474314 0.338107 0.292072 -0.048573 -0.093239 0.038956 0.334605 -0.072130 -0.238056 0.024391 0.034753 -0.007259 
2.394636 0.305449 0.241651 -0.040263 0.216875 0.137435 0.111387 -0.210270 -0.169152 -0.000413 0.062457 0.156335 
1.755295 0.245911 0.671914 -0.076040 0.351043 -0.050373 0.243601 0.060052 -0.165773 0.168474 0.022989 0.147022 
1.489847 0.247728 0.412324 0.439764 0.224452 0.074803 0.328117 0.092076 0.013609 0.130653 0.283008 0.137661 
1.099943 0.583749 0.418437 0.348618 0.304233 0.262672 0.242306 0.233984 0.226151 0.220895 0.216304 0.133162 
1.075233 0.579729 0.405637 0.335680 0.307596 0.279251 0.254350 0.236693 0.220575 0.221165 0.222317 0.131804 
1.071160 0.582315 0.421038 0.344091 0.302062 0.268571 0.257862 0.227618 0.232753 0.222992 0.215714 0.132325 
1.065609 0.588824 0.414489 0.348702 0.299350 0.269901 0.249438 0.239403 0.230972 0.225623 0.212178 0.132244 
