1.075920 0.582976 0.427172 0.346809 0.288648 0.269142 0.246103 0.233653 0.226239 0.225866 0.222780 0.132173 
1.071843 0.581363 0.421046 0.344766 0.295205 0.278157 0.246039 0.234829 0.228132 0.220881 0.220593 0.132024 
1.055159 0.589557 0.416252 0.356790 0.287174 0.278731 0.240042 0.240096 0.231964 0.228405 0.209848 0.131685 
1.018097 0.612753 0.390393 0.338747 0.316626 0.264164 0.267095 0.223062 0.221587 0.243231 0.202646 0.130421 
1.028287 0.529910 0.426159 0.313635 0.344358 0.271280 0.246715 0.232311 0.225880 0.252976 0.193242 0.124836 
1.414820 0.309379 0.757892 0.508287 0.258072 0.169570 -0.198782 -0.245973 0.166661 0.019243 -0.224380 -0.047587 
1.589751 0.273480 0.518637 0.720194 -0.063486 0.104011 -0.267977 -0.117428 -0.036140 -0.022455 -0.314104 -0.074378 
2.317012 0.405875 0.816420 0.951718 0.232704 -0.084916 -0.063217 0.016224 -0.020072 -0.003367 -0.101846 -0.105134 
1.569252 0.938149 0.744291 0.538806 0.279683 0.134992 0.092833 -0.015090 -0.097570 -0.056839 0.013074 -0.030171 
2.150556 -0.202063 0.238839 0.370953 0.295705 0.371565 0.084657 -0.119061 0.001905 0.047799 -0.017838 0.034431 
0.942253 0.517964 0.445203 0.432200 0.385382 0.184322 0.226453 0.200285 0.250923 0.227704 0.176943 0.120824 
0.897363 0.648212 0.342861 0.425830 0.247046 0.278153 0.256745 0.229515 0.239625 0.268434 0.162152 0.129886 
0.898713 0.529726 0.503714 0.397825 0.157749 0.394275 0.218043 0.197657 0.258592 0.307203 0.107308 0.142311 
0.982163 0.506286 0.549309 0.345024 0.216397 0.358590 0.244291 0.171442 0.309453 0.244367 0.130807 0.145420 
