1.076023 0.582817 0.422660 0.340489 0.299575 0.270098 0.249872 0.238565 0.229647 0.222327 0.218680 0.132649 
1.075249 0.583206 0.421470 0.343036 0.298683 0.269858 0.251248 0.238727 0.229559 0.222091 0.218089 0.132698 
1.075220 0.582537 0.422106 0.343719 0.297859 0.270667 0.251374 0.237710 0.230294 0.221544 0.217963 0.132684 
1.075298 0.583042 0.422541 0.341933 0.299951 0.269699 0.250563 0.238631 0.227968 0.223673 0.217464 0.132661 
1.075766 0.581818 0.421883 0.343194 0.297884 0.269445 0.252075 0.237094 0.228642 0.224589 0.217820 0.132604 
1.075098 0.583158 0.421763 0.342032 0.299755 0.269801 0.251980 0.238344 0.229692 0.222481 0.217054 0.132703 
1.083206 0.588783 0.426110 0.346160 0.299850 0.269493 0.250133 0.236604 0.226565 0.218467 0.215896 0.133531 
1.360815 0.811815 0.575913 0.413881 0.292104 0.201391 0.143769 0.109591 0.091846 0.101346 0.130380 0.091701 
2.090636 1.230201 0.650134 0.206718 -0.043664 -0.104086 -0.042309 0.013723 0.045294 0.042684 0.036956 0.023625 
2.498763 1.332835 0.354530 -0.183836 -0.333405 -0.213887 0.051043 0.084026 0.118191 0.103554 0.031146 -0.019192 
2.564070 1.436493 -0.197416 -0.522884 -0.350087 -0.292581 0.334134 -0.086718 0.299664 -0.061490 0.044987 0.007594 
3.446229 1.481727 -0.440764 -0.502698 -0.406795 0.065060 0.280205 0.148226 0.162191 -0.080375 0.019156 0.000487 
2.968881 0.738425 -0.504994 -0.133038 -0.242528 0.043013 0.483550 -0.218826 0.120064 -0.058667 0.372130 0.085349 
3.398565 0.167542 -0.521811 0.151354 0.219830 -0.052704 -0.043409 0.010231 0.171150 0.144441 0.100148 0.055275 
2.443690 0.455659 0.029783 0.368712 0.269616 -0.089831 -0.179355 0.046699 0.138891 0.064382 -0.039137 0.021659 
1.560407 0.875272 0.583073 0.388445 0.241886 0.167732 0.132544 0.125160 0.155811 0.145289 0.125883 0.116971 
1.335621 0.775994 0.584367 0.478430 0.392769 0.334362 0.279783 0.209294 0.156036 0.130114 0.107365 0.109197 
1.112073 0.607402 0.444574 0.360297 0.307138 0.271668 0.253648 0.233643 0.222279 0.209485 0.204505 0.137861 
1.077878 0.581509 0.422542 0.342842 0.297932 0.270609 0.251040 0.239183 0.228521 0.223792 0.217074 0.132838 
1.077404 0.583074 0.423707 0.343238 0.299669 0.269657 0.251065 0.237417 0.229481 0.221587 0.217295 0.132911 
1.074071 0.583589 0.422627 0.343677 0.297291 0.270834 0.251348 0.236743 0.229383 0.221993 0.218983 0.132636 
1.075317 0.582078 0.422057 0.343776 0.298103 0.270899 0.251143 0.239014 0.229396 0.221490 0.217984 0.132709 
1.075014 0.582410 0.422804 0.342206 0.299179 0.268890 0.251377 0.238751 0.228652 0.223897 0.217165 0.132626 
