1.065120 0.587064 0.420818 0.341021 0.306548 0.262181 0.260299 0.234729 0.229735 0.225720 0.212494 0.132473 
1.075017 0.582139 0.421920 0.341982 0.298206 0.271448 0.249714 0.239488 0.229484 0.222721 0.217771 0.132585 
1.075358 0.581682 0.422184 0.343574 0.297111 0.269960 0.251690 0.237270 0.227804 0.222883 0.220322 0.132559 
1.074693 0.583537 0.419696 0.345399 0.297789 0.270270 0.251285 0.238149 0.230023 0.221797 0.217995 0.132649 
1.090772 0.592651 0.428911 0.348183 0.301724 0.271010 0.251295 0.236542 0.224102 0.217879 0.213651 0.134728 
1.107464 0.600931 0.441460 0.358551 0.301677 0.266865 0.245426 0.229177 0.219652 0.215155 0.211901 0.136006 
1.994531 0.157868 -0.239369 0.368895 0.161528 0.106212 -0.051126 -0.029275 0.101692 0.239983 0.256682 0.134208 
1.789478 0.017253 -0.522092 -0.023501 0.064627 0.160457 0.004353 -0.068759 0.198446 0.279985 0.244962 0.102181 
1.757367 -0.019302 -0.368536 -0.337611 0.382944 -0.072664 0.091773 -0.008074 0.048723 0.413316 0.209760 0.166006 
1.805581 -0.151900 -0.229349 -0.228878 0.307936 -0.091078 0.046754 -0.017072 0.093311 0.410994 0.252669 0.138023 
1.900578 -0.306543 0.148938 0.150106 0.040771 -0.208804 0.027497 -0.029894 0.271252 0.375465 0.093517 0.028589 
1.810570 -0.343844 0.641270 0.400901 0.069914 -0.160724 -0.079674 0.128573 0.164680 0.083056 0.055886 0.127132 
1.649711 -0.221661 0.741634 0.512593 -0.182367 0.009495 0.179934 -0.180629 -0.023033 0.164938 0.070510 0.060139 
1.651609 0.107363 0.977218 0.419388 -0.172406 0.081974 0.066509 0.024542 0.068986 0.097492 0.011973 0.057491 
1.798207 0.365374 0.750803 0.562269 0.042379 0.114194 0.135847 0.058965 0.166811 0.050548 0.014635 0.104722 
1.422871 0.628244 0.629759 0.465519 0.189611 0.214258 0.221726 0.113383 0.153046 0.196433 0.131900 0.106146 
1.273815 0.771030 0.606380 0.428464 0.364959 0.277662 0.215331 0.187920 0.151425 0.149123 0.151065 0.118332 
1.080458 0.581790 0.422826 0.345466 0.299215 0.270228 0.248927 0.237237 0.230401 0.223406 0.215669 0.133070 
1.076560 0.582617 0.422227 0.343572 0.297562 0.270999 0.250847 0.237961 0.228853 0.223374 0.217473 0.132770 
1.077439 0.582230 0.420728 0.342718 0.298746 0.270093 0.250919 0.238888 0.228245 0.222944 0.218801 0.132734 
1.076166 0.582584 0.421220 0.343471 0.298239 0.269729 0.251868 0.238461 0.228774 0.222593 0.218313 0.132712 
1.076346 0.582362 0.421541 0.342820 0.298146 0.270225 0.251150 0.238672 0.229201 0.222976 0.217963 0.132710 
1.076735 0.582738 0.421535 0.343206 0.298412 0.269771 0.251329 0.237848 0.228454 0.223853 0.217989 0.132748 
