1.072826 0.579906 0.415847 0.343576 0.297703 0.275643 0.257712 0.238808 0.224141 0.222321 0.216030 0.132214 
1.070639 0.578047 0.422010 0.343876 0.296295 0.272253 0.253179 0.240592 0.227587 0.220851 0.217248 0.131998 
1.077485 0.557687 0.439201 0.333405 0.289152 0.274168 0.245580 0.222634 0.236464 0.232983 0.217827 0.130614 
1.117352 0.573654 0.419072 0.286195 0.229228 0.229512 0.246722 0.213481 0.269407 0.286699 0.229518 0.129059 
1.814525 0.860780 0.420699 0.126645 -0.012819 0.027611 0.145681 0.135926 0.211122 0.242330 0.127958 0.091142 
3.244212 1.613769 0.556428 -0.204014 -0.545037 -0.329556 0.002939 -0.009067 0.055713 0.169397 0.026509 -0.043839 
3.257948 1.509827 0.542893 -0.243431 -0.604458 -0.338394 0.034503 -0.074427 0.033767 0.142213 -0.010569 -0.076595 
3.658019 1.334543 0.214001 -0.452430 -0.569009 -0.145001 0.204318 -0.116425 0.111614 -0.033044 -0.140196 -0.081378 
3.141534 1.036263 0.023886 -0.372734 -0.343741 0.025866 0.211030 -0.113941 -0.050837 -0.118041 -0.082986 0.039171 
2.993565 0.981370 -0.036810 -0.214956 -0.023076 0.197745 0.162337 -0.111085 -0.185133 -0.130283 0.005870 0.117559 
2.430281 1.032944 0.243192 -0.019342 0.056860 0.115001 0.034549 -0.224531 -0.217183 0.072743 0.091523 0.169009 
1.392079 0.742751 0.589402 0.451835 0.310421 0.172586 0.105929 0.106295 0.082648 0.114084 0.222528 0.128181 
1.139569 0.530285 0.450893 0.421046 0.286590 0.221292 0.253716 0.265364 0.189933 0.152691 0.257037 0.142355 
1.101839 0.584866 0.435361 0.353753 0.295389 0.269637 0.243157 0.236859 0.221303 0.206551 0.223155 0.134494 
1.079993 0.591312 0.417718 0.343348 0.297773 0.274695 0.250647 0.236570 0.225872 0.222154 0.213661 0.132962 
1.086170 0.594451 0.432472 0.343217 0.292841 0.255762 0.250109 0.220862 0.227671 0.226679 0.227126 0.133409 
1.083381 0.590585 0.427027 0.340000 0.296176 0.264800 0.245173 0.231536 0.229371 0.229378 0.217798 0.133115 
