1.142739 0.664147 0.475269 0.396299 0.300965 0.240218 0.218766 0.207504 0.149341 0.215171 0.206201 0.132798 
1.106831 0.620728 0.436563 0.394022 0.288623 0.219424 0.228981 0.195277 0.233863 0.205669 0.225377 0.132645 
1.164937 0.520217 0.421472 0.500813 0.349352 0.120861 0.152484 0.286148 0.236386 0.122195 0.242754 0.154797 
1.107996 0.617786 0.492826 0.538099 0.237920 0.259340 0.227352 0.100433 0.125879 0.211376 0.184713 0.095920 
0.900094 0.510126 0.406298 0.551483 0.101147 0.332500 0.287119 0.047119 0.186658 0.342514 0.198259 0.053284 
0.851729 0.418146 0.488989 0.316092 0.115894 0.544624 0.284688 0.060034 0.245225 0.331785 0.075033 0.134561 
2.206884 -0.030894 0.484079 0.499334 -0.020292 -0.019014 -0.202935 -0.427677 0.038670 0.053077 -0.227374 -0.091206 
2.256933 -0.672447 0.435299 0.567964 -0.197240 -0.212746 -0.256918 -0.320784 -0.094860 0.099659 -0.055481 -0.111150 
2.570398 -0.424795 0.128376 0.082864 0.121277 -0.202611 -0.227954 -0.183079 -0.313453 -0.163788 0.096769 0.143445 
3.001908 -0.094512 0.232345 0.721272 0.005370 -0.269916 -0.030813 0.003834 -0.111782 -0.110956 0.009515 0.069184 
3.008881 0.057839 -0.222134 0.148829 -0.210343 -0.212127 0.235952 -0.002366 -0.160808 -0.072057 0.194667 0.169651 
2.901742 0.097060 -0.221472 0.080792 -0.170744 -0.225165 0.088985 0.003430 -0.134949 0.032587 0.284311 0.213793 
3.444291 -0.053586 -0.072831 0.468036 0.038560 -0.196694 -0.113806 0.005723 0.076757 0.165847 0.163641 0.052995 
3.235206 0.737111 -0.039094 0.241614 0.272928 -0.153418 -0.246495 -0.032798 0.083040 0.094557 -0.026393 -0.030147 
2.319994 0.971084 0.460440 0.185491 0.053675 0.009229 0.126914 0.066451 -0.066536 0.149772 0.097943 0.086480 
1.203430 0.698932 0.535794 0.397067 0.324203 0.229451 0.180214 0.162019 0.127722 0.177806 0.177866 0.117768 
1.200438 0.630351 0.530850 0.425504 0.336093 0.229198 0.196906 0.158376 0.185826 0.149104 0.206041 0.126728 
1.191361 0.661847 0.508922 0.400292 0.298555 0.251394 0.211990 0.196210 0.139762 0.173093 0.217997 0.129763 
1.145075 0.660797 0.555651 0.408390 0.256407 0.250342 0.217635 0.144338 0.174180 0.176644 0.223823 0.126527 
1.211558 0.707857 0.527836 0.383769 0.296547 0.226048 0.206200 0.118913 0.126744 0.164984 0.248295 0.129213 
1.166619 0.633014 0.497515 0.393729 0.326416 0.234283 0.213316 0.177506 0.159363 0.161764 0.252654 0.131649 
