1.076144 0.583680 0.420521 0.344935 0.297647 0.270383 0.250566 0.237662 0.228928 0.222631 0.218889 0.132756 
1.076321 0.582293 0.420822 0.342766 0.298914 0.270248 0.251333 0.237916 0.228605 0.222366 0.219125 0.132648 
1.077132 0.581136 0.422267 0.342202 0.297961 0.270375 0.252443 0.237419 0.229629 0.222438 0.218205 0.132695 
1.038874 0.606667 0.399934 0.363452 0.285273 0.280283 0.240431 0.241999 0.232994 0.219571 0.219862 0.130861 
0.946045 0.642920 0.415826 0.304547 0.386292 0.173593 0.366688 0.150313 0.277321 0.253870 0.149996 0.153821 
1.003515 0.544837 0.427774 0.332822 0.293177 0.336389 0.231923 0.182644 0.260118 0.263107 0.184072 0.128854 
1.778323 -0.222564 0.838739 0.536392 0.029317 0.037652 -0.123720 -0.189967 0.109705 0.069887 -0.113211 0.057819 
1.038971 -0.325808 0.650875 0.473207 -0.019554 -0.098083 -0.144303 -0.269738 0.079401 0.083601 -0.084247 0.094507 
1.353951 -0.396611 0.372692 0.440766 0.075026 -0.230990 -0.054983 -0.219504 0.089015 0.128762 -0.014231 0.095306 
1.454993 -0.214716 0.670038 0.422173 0.157732 -0.045091 0.071644 -0.242946 -0.053582 0.031047 -0.008483 0.112697 
2.049707 -0.144627 0.530260 0.466162 0.059880 0.034597 0.103761 -0.186229 0.005654 0.206074 0.053484 -0.003025 
2.650574 -0.249486 0.043453 0.129506 0.098747 -0.108216 0.170364 -0.127560 -0.074593 0.246607 0.233819 0.123114 
2.403677 0.069621 -0.042548 0.329784 0.142802 -0.309853 -0.027547 -0.011933 0.187595 0.247476 0.169973 0.063280 
2.190121 0.319779 0.144475 0.495861 0.201801 -0.127783 -0.003655 0.094065 0.094631 0.245352 0.181974 0.066180 
1.668610 0.756655 0.374204 0.313515 0.315936 0.198954 0.065292 0.074770 0.172670 0.205633 0.140199 0.103431 
1.120525 0.612236 0.437830 0.344137 0.287933 0.253761 0.236904 0.229801 0.224925 0.220247 0.215992 0.135577 
1.077453 0.582645 0.422401 0.342731 0.298334 0.268102 0.250588 0.237775 0.228463 0.222930 0.219395 0.132653 
1.077158 0.581824 0.421967 0.343941 0.297623 0.270308 0.250891 0.238611 0.228635 0.221633 0.219210 0.132744 
1.076230 0.582601 0.421613 0.343454 0.297278 0.269956 0.251850 0.236891 0.229930 0.222731 0.218457 0.132671 
1.077047 0.581957 0.421158 0.343743 0.298316 0.270283 0.251256 0.238288 0.229505 0.222207 0.217826 0.132731 
1.076517 0.582748 0.421842 0.343837 0.297105 0.270572 0.250856 0.239130 0.228032 0.222769 0.218158 0.132727 
