0.989097 0.576554 0.482916 0.292891 0.316274 0.278438 0.196449 0.247884 0.230090 0.165365 0.257790 0.118010 
0.945805 0.595998 0.455900 0.313167 0.261045 0.262109 0.201898 0.252301 0.181326 0.272032 0.237620 0.114126 
1.043344 0.599847 0.443134 0.317290 0.364034 0.186072 0.263268 0.164925 0.235135 0.221880 0.215605 0.131062 
1.076872 0.570361 0.460226 0.334999 0.170570 0.252928 0.160087 0.097223 0.289829 0.312873 0.253454 0.131344 
1.315165 0.682326 0.533503 0.712823 0.253769 0.178081 0.186556 0.101845 0.033028 0.121616 0.070457 0.040340 
0.864177 0.733223 0.351749 0.809293 0.239258 0.242800 0.147110 0.075849 0.006743 0.251286 0.115983 0.046071 
0.756993 0.123127 0.755881 0.858866 0.186929 0.126705 0.260994 -0.220464 0.194569 0.052466 -0.055450 -0.100425 
1.034776 0.132029 0.738606 0.715775 -0.055867 0.085640 -0.092147 -0.033708 -0.012521 0.088713 -0.276866 -0.105310 
1.211289 0.191090 0.693195 0.740375 -0.048048 0.029555 -0.184513 -0.174868 -0.006021 0.045492 -0.290385 -0.149015 
0.737613 -0.051950 0.438619 0.695222 0.029871 -0.152315 -0.168443 -0.262376 -0.022698 -0.091379 -0.321334 -0.143867 
1.212281 -0.341100 0.478243 0.550260 0.013170 0.040713 -0.281653 -0.298675 -0.190818 -0.010919 -0.138022 -0.224888 
2.434987 -0.272321 0.421752 -0.246479 -0.252284 -0.116452 0.021465 0.095165 -0.313770 -0.274895 0.070625 -0.014164 
2.789946 0.275692 0.382258 0.172992 -0.403425 -0.450700 0.051125 -0.044805 -0.045871 0.000623 -0.023074 -0.084608 
2.640114 1.161852 0.437075 -0.097340 -0.544186 -0.403432 0.022374 0.012424 -0.122059 0.123041 0.035154 -0.096017 
2.976253 1.308087 0.419439 -0.189552 -0.401730 -0.227049 0.076106 0.096573 -0.057884 0.102290 -0.023594 -0.074370 
2.531891 1.197173 0.446170 -0.194364 -0.301960 -0.107952 0.079743 0.006698 0.092291 0.028067 -0.058770 -0.056276 
1.487353 0.659400 0.535761 0.181286 0.118165 -0.049313 0.270651 0.217450 0.068067 0.081467 0.195223 0.119373 
1.164024 0.531723 0.581857 0.322517 0.211968 0.222623 0.236488 0.145947 0.200292 0.217224 0.213770 0.126779 
1.041340 0.498723 0.454646 0.354002 0.205297 0.314391 0.284243 0.190547 0.242952 0.127661 0.277223 0.122460 
1.021221 0.521176 0.453386 0.281016 0.272153 0.321793 0.290385 0.223786 0.265082 0.180260 0.147030 0.127131 
1.093381 0.534274 0.445354 0.378748 0.253262 0.199779 0.273585 0.277164 0.195667 0.153630 0.242783 0.129593 
1.028747 0.651671 0.395960 0.331391 0.290329 0.267795 0.217212 0.235265 0.254155 0.183568 0.204531 0.122740 
