1.076928 0.582547 0.420973 0.340863 0.298146 0.272894 0.250744 0.238434 0.230736 0.219590 0.218827 0.132657 
1.080086 0.583149 0.420477 0.342654 0.296097 0.268506 0.251569 0.236976 0.229176 0.223850 0.219336 0.132734 
1.078265 0.581535 0.421986 0.342082 0.297554 0.271756 0.253188 0.236617 0.229058 0.221597 0.218512 0.132781 
1.078687 0.582146 0.420157 0.341647 0.298176 0.271863 0.252395 0.239031 0.227838 0.221258 0.218626 0.132753 
1.077715 0.581109 0.421174 0.342398 0.298714 0.270983 0.250875 0.238683 0.229343 0.222519 0.217454 0.132677 
1.103317 0.602172 0.435632 0.348695 0.298825 0.270469 0.249314 0.232998 0.223150 0.215983 0.210867 0.135670 
1.206327 0.663523 0.477530 0.360187 0.279189 0.258235 0.251105 0.218263 0.197954 0.204418 0.189333 0.138165 
1.780452 0.894790 0.601698 0.383194 -0.053934 0.076678 0.346752 0.082710 0.005785 0.249802 0.004838 -0.064352 
1.970318 1.204469 0.310689 0.239052 -0.353809 -0.150102 0.303997 -0.194497 0.078114 0.166948 0.083079 -0.105581 
1.789252 1.425394 0.124511 -0.033763 -0.654977 -0.219681 0.328180 -0.056293 0.144524 0.172178 0.076827 -0.106207 
1.942431 1.052062 -0.198700 -0.160147 -0.570863 -0.010001 0.357967 0.058991 0.185050 0.054781 0.081951 -0.083958 
1.843886 0.500971 -0.476072 -0.039959 -0.421068 0.061955 0.357107 0.084817 0.108378 0.026719 0.206953 0.050925 
1.980150 0.252655 -0.303632 0.096534 -0.131289 -0.051461 0.262514 -0.139706 0.101021 -0.004768 0.287468 0.172701 
1.749178 -0.118412 -0.085887 0.343493 0.010233 -0.156636 0.004818 -0.057475 0.142591 0.241150 0.195394 0.068252 
1.910374 -0.021204 0.263480 0.587703 0.079125 0.055524 0.103520 -0.048459 0.146763 0.147199 0.040492 0.012719 
1.834616 0.247578 0.396871 0.438631 0.051866 0.149573 0.292205 -0.072083 0.169029 0.088509 0.078543 0.079363 
1.324241 0.535795 0.465541 0.359815 0.227773 0.324683 0.257777 0.131071 0.193016 0.230045 0.188283 0.131966 
1.090498 0.588674 0.430000 0.346502 0.295626 0.273595 0.250788 0.230264 0.226191 0.223586 0.214818 0.134266 
1.077697 0.583221 0.420194 0.343143 0.297223 0.269459 0.251682 0.239442 0.229934 0.221282 0.217983 0.132697 
1.076609 0.576799 0.424149 0.338538 0.301096 0.271876 0.251818 0.243412 0.230208 0.216127 0.216713 0.132426 
1.078649 0.582516 0.419735 0.341937 0.298584 0.268989 0.249422 0.238640 0.229625 0.223719 0.218872 0.132631 
1.078859 0.580851 0.420135 0.342429 0.298276 0.269477 0.250178 0.238952 0.230171 0.223475 0.217668 0.132618 
1.076723 0.583509 0.422443 0.341097 0.298872 0.270517 0.252535 0.239296 0.229349 0.221321 0.216667 0.132803 
1.077983 0.581379 0.418999 0.340736 0.299305 0.269618 0.252561 0.239126 0.229671 0.221772 0.218578 0.132561 
