1.055984 0.581932 0.427935 0.336208 0.303370 0.264849 0.244275 0.253346 0.224155 0.220759 0.217282 0.130775 
1.061283 0.586711 0.424061 0.339292 0.298907 0.272958 0.249266 0.237181 0.222870 0.222064 0.221108 0.131324 
1.039895 0.599053 0.417205 0.339158 0.309448 0.257993 0.247405 0.247771 0.232795 0.216674 0.215454 0.130297 
1.052022 0.592554 0.419889 0.338768 0.297370 0.278211 0.252999 0.242596 0.226433 0.218041 0.214246 0.131302 
1.049504 0.437294 0.431926 0.364231 0.327318 0.297408 0.238195 0.262465 0.232156 0.184877 0.206482 0.129014 
0.726083 0.389217 0.385911 0.492026 0.323822 0.235556 0.178982 0.367807 0.230818 0.224494 -0.024969 0.169923 
0.445937 0.236722 0.480212 0.527185 0.256112 0.220746 0.406862 0.185025 0.246113 0.256215 0.060909 0.117835 
2.070325 -0.381158 0.894740 1.010180 -0.065213 -0.126727 -0.154984 -0.197232 -0.033623 -0.128855 -0.303570 -0.052056 
1.582674 -0.442258 1.152859 0.680881 -0.012325 -0.267226 -0.127195 -0.071310 -0.129229 -0.216657 -0.189154 -0.025508 
1.215748 -0.121092 1.140399 0.851578 -0.140531 -0.231898 -0.200920 0.111687 -0.235974 -0.341248 -0.024682 0.008017 
1.634320 -0.374457 1.441784 0.733649 -0.113181 -0.150876 -0.158650 0.078691 -0.156137 -0.398212 -0.048873 0.017039 
2.005503 0.021075 1.332020 1.131027 -0.199356 -0.221815 0.096427 0.098412 -0.339202 -0.259048 -0.009927 -0.065882 
1.931995 0.429731 1.065883 1.069068 -0.178885 -0.429106 0.192895 0.135746 -0.355155 -0.176483 0.065310 -0.042088 
1.863222 1.004351 0.911841 0.725766 0.161852 -0.050453 0.161098 0.097110 -0.202179 -0.119386 0.007096 -0.061679 
1.516387 0.944012 0.715117 0.522295 0.339782 0.207729 0.111729 0.034713 -0.023279 -0.015856 0.030124 -0.011567 
1.198563 0.692547 0.517065 0.398295 0.321467 0.260445 0.217328 0.186969 0.171040 0.149477 0.168490 0.122369 
1.060969 0.580865 0.441725 0.357421 0.285141 0.267824 0.254148 0.234655 0.222264 0.205706 0.229736 0.131426 
1.074529 0.596446 0.430052 0.349822 0.301547 0.278150 0.239397 0.235381 0.219898 0.226316 0.209334 0.133575 
1.039793 0.599063 0.417816 0.352543 0.295325 0.268061 0.241177 0.240806 0.224198 0.211732 0.234586 0.129678 
1.065045 0.587683 0.416715 0.349423 0.303399 0.253906 0.249864 0.238174 0.233669 0.214700 0.224249 0.131447 
1.056565 0.591953 0.434913 0.334580 0.293188 0.275803 0.241087 0.233230 0.232179 0.223606 0.216846 0.131446 
