1.077253 0.583193 0.421277 0.343035 0.298831 0.269604 0.251806 0.237881 0.229170 0.222314 0.218294 0.132818 
1.076867 0.582579 0.421121 0.343173 0.298870 0.269430 0.251652 0.238510 0.228974 0.222659 0.218261 0.132769 
1.077498 0.582471 0.421590 0.343260 0.298534 0.269558 0.251298 0.238554 0.228852 0.222710 0.218341 0.132816 
1.076481 0.582616 0.421231 0.343567 0.298469 0.270132 0.251168 0.238731 0.229207 0.222787 0.217599 0.132765 
1.084960 0.587458 0.426585 0.345990 0.299568 0.269339 0.250819 0.237358 0.226886 0.219492 0.216422 0.133833 
1.114468 0.582268 0.454728 0.356015 0.291734 0.263720 0.233824 0.237969 0.224550 0.198425 0.227730 0.136016 
1.482626 -0.094572 0.600803 0.264082 0.376933 0.160593 -0.084803 0.035638 -0.004323 0.030798 0.268285 0.108553 
1.261267 0.031517 -0.101988 0.066239 0.308293 0.012125 -0.101205 0.128174 0.196205 0.134805 0.336426 0.125819 
1.175575 0.028452 -0.228322 -0.389782 0.417934 0.234165 -0.048803 -0.102541 0.309752 0.123922 0.349959 0.133961 
1.178864 -0.092508 -0.151732 -0.291350 0.393816 0.136895 -0.017147 -0.109112 0.334630 0.223904 0.261775 0.112192 
1.247025 -0.376780 0.074490 -0.055988 0.295270 0.025477 -0.097113 -0.113270 0.445864 0.172651 0.212378 0.243299 
1.129751 -0.408553 0.370476 0.107762 0.072415 -0.240284 0.000862 0.121601 0.373115 0.132594 0.017326 0.259538 
0.909411 -0.216992 0.725199 0.327579 -0.088214 -0.104935 0.168713 0.074482 0.235755 0.054834 0.051870 0.225016 
0.965863 0.076427 0.850036 0.466367 -0.220729 0.085047 0.104675 -0.131433 0.172622 0.183118 0.065617 0.107929 
1.199631 -0.027224 1.035071 0.228545 -0.030294 0.079135 0.012714 -0.015907 0.203832 0.173213 0.003295 0.149063 
1.553582 0.449816 0.752783 0.577833 -0.010387 0.031055 0.085019 0.188895 0.270154 -0.045589 0.042309 0.212345 
1.339446 0.664909 0.619564 0.467062 0.301683 0.247143 0.160738 0.186265 0.251125 0.122752 0.064484 0.110296 
1.088312 0.593726 0.430886 0.348371 0.298170 0.267347 0.250529 0.233618 0.223876 0.219499 0.215873 0.134210 
1.077523 0.582169 0.421950 0.344558 0.297598 0.270246 0.250791 0.237701 0.229545 0.222786 0.217795 0.132819 
1.077191 0.582184 0.421040 0.342891 0.297911 0.270044 0.251781 0.238276 0.229031 0.223083 0.218203 0.132726 
1.076429 0.582874 0.421711 0.343038 0.298601 0.269851 0.252099 0.238646 0.229108 0.222297 0.217745 0.132801 
1.077044 0.582535 0.421677 0.343122 0.298525 0.270145 0.251091 0.238120 0.229610 0.222783 0.217942 0.132812 
1.077175 0.582362 0.421425 0.343373 0.298276 0.270085 0.251092 0.238343 0.229350 0.223066 0.217759 0.132787 
