1.078370 0.583747 0.421845 0.342814 0.298567 0.269102 0.251213 0.237998 0.228697 0.222999 0.218219 0.132893 
1.078710 0.582699 0.422351 0.343312 0.297919 0.269431 0.249890 0.237967 0.229392 0.222476 0.218872 0.132843 
1.077862 0.583509 0.421821 0.343708 0.298257 0.269537 0.251588 0.237097 0.229587 0.222675 0.217526 0.132864 
1.077787 0.583211 0.421100 0.343345 0.297778 0.269570 0.250844 0.237955 0.228457 0.222432 0.219478 0.132750 
1.077095 0.582822 0.421466 0.343208 0.298671 0.269172 0.250531 0.237855 0.229322 0.223222 0.218431 0.132739 
1.077884 0.583108 0.421771 0.344052 0.298043 0.269316 0.250753 0.237545 0.229069 0.222517 0.219003 0.132846 
0.476837 -0.165735 0.809694 0.770866 -0.139989 -0.321904 0.076413 -0.123563 0.027343 -0.105004 0.031562 0.143224 
0.410140 -0.101015 0.791737 0.717697 -0.232145 -0.308765 0.145352 -0.128199 0.036995 -0.110465 0.061352 0.136659 
0.656212 -0.092118 1.081798 0.650034 -0.132342 -0.224478 0.134228 -0.115227 -0.058490 -0.170739 -0.029433 0.102396 
0.614202 0.253918 1.228493 0.660172 0.054637 -0.066657 0.113621 -0.099497 -0.019116 -0.271979 0.018113 0.007105 
0.794954 0.465509 1.190520 0.771762 0.116426 -0.127952 0.184242 -0.020433 0.030324 -0.224073 0.074319 0.077038 
0.946149 0.346110 1.361098 0.920847 0.026243 -0.150991 0.280496 0.007473 -0.144257 -0.125403 0.026019 0.019390 
1.054166 0.618943 1.059172 0.876667 0.140161 -0.150993 0.413764 -0.027554 -0.067890 0.022513 0.114680 -0.012311 
1.233718 0.625035 0.702163 0.651203 0.250448 0.021774 0.346726 0.128349 -0.016651 0.001939 0.210589 0.062462 
1.109024 0.600596 0.444215 0.361223 0.301507 0.261624 0.241612 0.230777 0.219793 0.212226 0.215713 0.136101 
1.079841 0.584171 0.424025 0.345102 0.298623 0.268732 0.250739 0.237599 0.227290 0.221876 0.218533 0.133147 
1.078214 0.582885 0.422415 0.344250 0.298550 0.269487 0.251224 0.237899 0.228953 0.222364 0.217729 0.132934 
1.076482 0.582711 0.421790 0.343538 0.297034 0.271099 0.251292 0.237965 0.228768 0.223019 0.218316 0.132761 
1.077341 0.584269 0.422356 0.343017 0.298343 0.269803 0.251026 0.237615 0.228585 0.222401 0.218793 0.132891 
1.077755 0.582710 0.422923 0.343750 0.298851 0.269922 0.250470 0.238204 0.228692 0.222602 0.217598 0.132893 
