1.000310 0.402664 0.522339 0.358004 0.302923 0.221903 0.092583 0.220783 0.305259 0.202052 0.189370 0.112380 
1.033206 0.406487 0.496992 0.328876 0.261512 0.228332 0.212533 0.097274 0.239207 0.338234 0.204303 0.089135 
0.946101 0.395501 0.413583 0.473666 0.233857 0.293794 0.220551 0.066362 0.236417 0.272361 0.153136 0.069898 
0.734297 0.559959 0.135940 0.500381 0.023732 0.432501 0.252748 0.136606 0.258082 0.248020 0.217813 0.023979 
0.648686 0.436135 0.177804 0.314024 0.147315 0.427350 0.238515 0.201514 0.245350 0.164914 0.105640 0.065799 
0.623995 0.140611 0.331744 0.363242 0.152726 0.471893 0.032360 0.252321 0.325850 0.240685 -0.039487 0.097580 
2.306364 0.194863 0.547234 0.501804 -0.082828 -0.083959 -0.292277 -0.511752 0.011115 0.067548 -0.284977 -0.187953 
2.272467 -0.607320 0.390327 0.619020 -0.232802 -0.257648 -0.385682 -0.402918 -0.045439 0.066170 -0.187158 -0.072242 
2.530693 -0.618121 0.007620 0.493056 -0.203237 -0.351568 -0.281142 -0.353990 -0.222402 0.050035 0.040674 -0.073083 
2.634780 0.279520 0.143611 0.545081 0.134265 -0.068969 0.043069 -0.163966 -0.194821 -0.077227 0.129979 0.082628 
2.876127 1.127470 0.038049 -0.249684 -0.094067 0.050432 -0.049717 -0.236451 -0.244079 -0.117701 0.052246 0.171507 
3.541810 0.516800 -0.452115 -0.226490 0.089509 0.136670 -0.115472 -0.254636 -0.159897 0.071444 0.227648 0.200271 
3.067107 0.912432 0.085497 -0.045071 0.038341 -0.017135 -0.177112 -0.219355 -0.052122 0.149779 0.206308 0.120073 
2.393605 1.282264 0.867625 0.278761 -0.007413 -0.097904 -0.001387 -0.002726 0.058359 0.036186 0.112091 0.105578 
1.608833 0.948507 0.749724 0.475878 0.269710 0.111794 0.042866 0.021505 0.096846 0.118755 0.057761 0.092811 
1.133184 0.358826 0.464612 0.396228 0.300414 0.303119 0.122561 0.142329 0.262186 0.172821 0.196888 0.115650 
1.024983 0.373525 0.399722 0.305629 0.238482 0.378908 0.204056 0.104581 0.265701 0.276818 0.206094 0.098641 
1.094328 0.330402 0.600106 0.408210 0.217867 0.263879 0.146595 0.130561 0.208573 0.194829 0.195895 0.106065 
1.057072 0.350135 0.529090 0.397099 0.305660 0.299233 0.068391 0.172081 0.225363 0.224659 0.151717 0.092270 
1.098187 0.495113 0.491083 0.346946 0.205002 0.317916 0.150403 0.060691 0.307188 0.136779 0.228028 0.130919 
1.209809 0.342757 0.481866 0.361065 0.164000 0.279009 0.146031 0.254469 0.239666 0.155684 0.163972 0.127618 
