0.851899 0.560116 0.423184 0.305847 0.089054 0.140905 0.096204 0.109813 0.151439 0.035194 0.053236 0.093490 
0.808578 0.522091 0.518824 0.231615 0.154063 0.055553 0.091144 0.107905 0.109502 0.175060 0.041228 0.102630 
0.866925 0.537248 0.287789 0.214610 0.175493 0.187852 0.112403 0.046943 0.152155 0.229547 -0.014638 0.102500 
0.917410 0.496138 0.248981 0.214119 0.066085 0.085345 0.144532 0.185703 0.115267 0.119664 -0.028138 0.093142 
0.800425 -0.435074 0.305114 0.642690 -0.029906 -0.026214 -0.032502 0.245477 0.218555 0.109288 0.100347 0.089559 
0.810892 -0.082221 0.502149 0.486728 -0.052140 -0.029217 0.135382 0.028546 0.140599 0.013534 0.048941 0.141801 
0.949666 0.031409 0.769637 0.859314 0.047302 -0.016550 -0.001381 -0.115395 0.212987 -0.098446 -0.175010 0.028947 
1.806426 -0.206094 0.782777 0.946051 0.006183 -0.170141 -0.170984 -0.139275 -0.036932 -0.187511 -0.284599 -0.072627 
1.096715 -0.085852 0.792914 0.864506 -0.181607 -0.063625 -0.319738 0.019447 -0.149979 -0.272655 -0.205382 0.048667 
1.050264 0.041654 0.909294 0.864763 -0.113095 -0.059960 -0.239338 0.001096 -0.183937 -0.266348 -0.118926 -0.047432 
1.162191 0.176491 0.928362 0.921649 -0.127249 -0.014464 -0.183731 0.001674 -0.241899 -0.262690 -0.061122 -0.058923 
1.596946 0.180500 1.008474 0.965160 -0.110496 0.096594 -0.105495 -0.067620 -0.213675 -0.199680 -0.141963 -0.068930 
1.722301 0.418013 0.732827 0.770389 -0.297995 -0.184711 0.087744 0.037507 -0.286303 -0.176028 -0.034614 -0.100423 
1.964988 0.748195 0.884734 0.810413 -0.214136 -0.102070 0.139606 0.126880 -0.181539 -0.116175 0.060502 -0.024405 
2.281435 1.357861 1.131325 0.660172 0.141810 -0.024984 0.027496 0.003895 -0.151537 -0.191740 -0.058562 -0.089015 
1.624892 1.098021 0.973146 0.612077 0.431531 0.247762 0.110325 -0.047326 -0.115366 -0.109704 -0.043924 -0.145372 
0.862467 0.634350 0.481417 0.528718 0.143854 0.207745 0.158067 -0.006861 0.077798 0.126539 -0.055845 0.057483 
0.902423 0.567491 0.506349 0.303725 0.231290 0.148547 0.167729 0.247358 0.051340 0.048898 0.086253 0.077043 
0.838535 0.443384 0.395378 0.262562 0.199684 0.238466 0.140369 0.121864 -0.096797 0.115840 0.060584 0.077377 
0.854212 0.506514 0.328585 0.270960 0.149243 0.196243 0.207672 0.310659 0.137676 0.116068 0.063068 0.086256 
0.655972 0.472793 0.435989 0.309542 0.198686 0.046449 0.280782 0.282835 0.158220 0.195199 0.121487 0.092083 
0.820094 0.595135 0.352098 0.257896 0.217631 0.296946 0.073317 0.142541 0.104351 0.116919 0.084445 0.091582 
