1.075319 0.581626 0.422750 0.340672 0.300174 0.267546 0.250140 0.240270 0.227878 0.224962 0.216835 0.132430 
1.073988 0.582743 0.420386 0.344451 0.300293 0.270121 0.250804 0.235635 0.229581 0.224112 0.216919 0.132519 
1.075467 0.583847 0.423466 0.341686 0.294988 0.271698 0.252374 0.236503 0.228595 0.221036 0.220220 0.132570 
1.108276 0.585717 0.447009 0.332541 0.267756 0.255153 0.235906 0.228694 0.236529 0.230844 0.226674 0.134059 
1.106445 0.582349 0.418173 0.323900 0.270520 0.255641 0.249975 0.232637 0.231276 0.236509 0.232627 0.132053 
2.711151 1.309434 0.454406 -0.148183 -0.360953 -0.275069 0.349208 -0.068493 0.103557 0.218950 0.051288 0.013071 
2.399084 0.752745 0.654614 -0.062912 -0.520476 -0.403378 0.260636 -0.153075 0.069158 0.212742 0.046357 -0.057934 
2.418837 0.756517 0.676745 -0.121278 -0.574986 -0.283568 0.205685 -0.146587 0.008819 0.230963 -0.000909 -0.131990 
2.401834 0.725974 0.416697 -0.026837 -0.543604 -0.287269 0.297394 -0.172081 0.019315 0.152438 0.008664 -0.171859 
2.483544 0.634747 0.385541 0.017983 -0.328232 -0.111358 0.374065 -0.159608 -0.145237 -0.024131 -0.077342 -0.124010 
2.459610 0.466192 0.254371 -0.029767 -0.216225 -0.060029 0.446991 -0.153607 -0.204471 0.011464 -0.050479 -0.091814 
2.294686 0.481334 0.223162 0.248448 0.020076 0.037497 0.377952 -0.230523 -0.173356 -0.006320 0.140090 0.079504 
2.343934 0.269881 0.134947 0.285915 0.133683 -0.076640 -0.004936 0.028159 -0.131320 0.068953 0.081017 0.001386 
1.532368 -0.205636 0.614531 0.297005 0.294735 0.261138 0.207834 0.191788 -0.054301 -0.024915 0.302523 0.186879 
1.084543 0.582891 0.432040 0.343623 0.307048 0.285251 0.244163 0.215503 0.226647 0.224417 0.221116 0.134102 
1.081242 0.574483 0.417252 0.339614 0.297862 0.278341 0.254479 0.236950 0.225593 0.220882 0.219847 0.132376 
1.075701 0.579701 0.420752 0.344750 0.295321 0.274762 0.249414 0.236735 0.229345 0.219958 0.221066 0.132392 
1.073575 0.580806 0.426413 0.341159 0.296667 0.272783 0.250337 0.237322 0.227181 0.223674 0.218791 0.132477 
1.073470 0.584311 0.422945 0.342392 0.298180 0.269261 0.248862 0.238529 0.229228 0.221196 0.220282 0.132461 
