1.071075 0.580493 0.421142 0.344372 0.299870 0.265510 0.255301 0.236227 0.231162 0.219757 0.220157 0.132180 
1.073824 0.582292 0.421305 0.342865 0.296497 0.271604 0.249086 0.237431 0.229299 0.224480 0.217891 0.132301 
1.069976 0.580614 0.425344 0.340229 0.300572 0.266296 0.255053 0.236585 0.226914 0.226671 0.215985 0.132133 
1.025972 0.568433 0.433937 0.355889 0.277372 0.274675 0.280143 0.204847 0.254289 0.224443 0.204869 0.128778 
1.002030 0.571004 0.406198 0.356209 0.267384 0.306007 0.255367 0.209811 0.255503 0.244022 0.193003 0.126727 
1.038996 0.464708 0.376065 0.305526 0.326738 0.361580 0.320236 0.145463 0.223543 0.254922 0.188109 0.127376 
1.535907 -0.002540 0.659166 0.567164 0.292817 0.043303 0.000340 -0.252402 -0.138806 0.153671 0.061946 -0.140259 
1.301910 -0.010752 0.650289 0.721521 0.314505 -0.435096 0.046853 -0.037368 -0.055216 0.012771 -0.125565 -0.069434 
1.557208 0.383474 0.815462 0.900849 0.557550 -0.353838 0.001128 0.130480 -0.047298 0.073507 -0.155586 -0.030621 
1.439864 0.216407 0.725429 0.990865 0.511259 -0.016213 0.203264 0.156750 0.062980 0.216827 0.048944 -0.075756 
1.195090 0.423112 0.495725 0.562222 0.260666 0.189902 0.360249 0.242904 0.095346 0.234968 0.193692 0.116655 
0.869284 0.355455 0.555957 0.370692 0.267948 0.283492 0.280718 0.180241 0.238941 0.248282 0.230432 0.096583 
0.993831 0.469468 0.411048 0.298587 0.407329 0.243246 0.270395 0.243000 0.162845 0.304497 0.189432 0.114974 
0.974072 0.524099 0.461690 0.323093 0.285807 0.347562 0.227132 0.177919 0.298194 0.229170 0.179590 0.132621 
1.005957 0.457020 0.550156 0.378961 0.157881 0.335776 0.350607 0.107846 0.211938 0.367162 0.134746 0.096221 
1.059413 0.530994 0.445325 0.355718 0.261415 0.297639 0.283052 0.187427 0.191494 0.271468 0.224649 0.123886 
