1.077630 0.582902 0.420401 0.342519 0.297821 0.269741 0.251232 0.238588 0.229631 0.223413 0.217922 0.132736 
1.077219 0.583507 0.421178 0.342804 0.298720 0.270159 0.251262 0.238321 0.228830 0.222928 0.217959 0.132837 
1.077204 0.582944 0.421360 0.342894 0.298032 0.269286 0.250668 0.238217 0.229505 0.222533 0.219262 0.132743 
1.077059 0.582727 0.421182 0.343028 0.298590 0.269915 0.251334 0.238593 0.229129 0.222345 0.218281 0.132776 
1.087022 0.589783 0.426909 0.345246 0.296968 0.268388 0.248792 0.235229 0.226210 0.220563 0.218703 0.133745 
1.107314 0.583016 0.453841 0.351889 0.282495 0.266161 0.239766 0.223249 0.225332 0.217155 0.222813 0.134699 
1.215054 -0.063185 0.041870 0.360551 0.234235 -0.110396 -0.119388 0.029254 0.259510 0.150690 0.270657 0.125154 
1.223853 -0.105774 -0.224758 0.136147 0.142564 0.214340 -0.167890 0.055246 0.252840 0.139655 0.287441 0.156346 
1.108614 -0.275936 -0.090507 -0.150134 0.280354 0.111354 0.098129 -0.061780 0.164707 0.232354 0.239110 0.157876 
1.164670 -0.404809 0.052408 -0.184563 0.270169 0.095740 0.127561 -0.203759 0.306025 0.242421 0.178055 0.284767 
1.171610 -0.396121 0.100529 -0.068100 0.227615 0.058132 0.115284 -0.098091 0.239831 0.153791 0.216342 0.263611 
1.274359 -0.339864 0.035887 0.033720 0.235075 -0.006626 -0.126966 -0.100191 0.285848 0.291048 0.161539 0.121402 
1.148940 -0.311959 0.489961 0.147005 -0.063154 -0.124654 -0.114426 0.067677 0.274369 0.044911 0.059691 0.309204 
1.201278 -0.277697 0.640411 0.428869 -0.221228 0.032247 0.000537 -0.061663 0.136715 0.156539 0.122132 0.167378 
1.449507 0.053405 0.707835 0.384442 -0.085780 0.219142 0.165569 -0.069275 0.196951 0.214316 0.097112 0.124187 
1.319883 0.398543 0.690450 0.449193 0.102215 0.205900 0.082580 0.133197 0.321964 0.172974 0.009465 0.142045 
1.273607 0.698918 0.493911 0.415840 0.363442 0.272931 0.198061 0.148902 0.144938 0.171353 0.195357 0.128202 
1.078754 0.583166 0.422527 0.343398 0.298425 0.270612 0.251718 0.237959 0.228292 0.222345 0.217689 0.133011 
1.077338 0.582298 0.421051 0.343757 0.298115 0.270303 0.251213 0.237743 0.229319 0.222306 0.218737 0.132774 
1.077846 0.582058 0.421340 0.342908 0.298829 0.270640 0.251359 0.237708 0.228785 0.223299 0.217738 0.132805 
1.077092 0.582404 0.421325 0.343194 0.298003 0.270518 0.250848 0.238250 0.229397 0.222883 0.218074 0.132759 
1.076643 0.582438 0.421104 0.343015 0.298187 0.270221 0.251473 0.237929 0.229633 0.222407 0.218463 0.132717 
1.076223 0.583196 0.420563 0.343056 0.297888 0.270734 0.251465 0.238059 0.229148 0.223023 0.218185 0.132720 
