1.070516 0.578002 0.421935 0.343224 0.294400 0.270238 0.242358 0.239682 0.230733 0.226202 0.220328 0.131496 
1.065545 0.580027 0.420691 0.337506 0.301157 0.268738 0.244603 0.240082 0.237514 0.224003 0.214929 0.131287 
1.065938 0.580518 0.425403 0.346269 0.296754 0.272677 0.245411 0.239806 0.233233 0.219729 0.216515 0.132025 
1.082603 0.571379 0.419982 0.339096 0.290405 0.264301 0.253378 0.232473 0.230045 0.224519 0.226294 0.131201 
1.110816 0.536550 0.380911 0.302127 0.270364 0.259067 0.254276 0.249849 0.245440 0.240336 0.235835 0.124699 
1.282158 0.546971 0.334331 0.199969 0.177484 0.246781 0.249329 0.303388 0.291196 0.275508 0.256333 0.123000 
2.960011 0.840442 0.756837 0.350661 -0.915729 -0.129145 0.088839 0.020526 -0.118691 0.300596 0.055979 -0.102017 
2.347607 0.831222 0.685931 -0.008341 -0.703558 -0.334757 0.209748 -0.142578 0.026297 0.180093 0.082542 -0.139908 
2.286721 0.815302 0.654138 -0.101133 -0.663638 -0.342131 0.195494 -0.136716 0.047924 0.159710 0.041763 -0.126466 
2.248253 0.644149 0.430646 -0.129226 -0.541630 -0.264101 0.251702 -0.102359 0.025904 0.113637 -0.028359 -0.124768 
2.516480 0.651182 0.259104 0.044196 -0.550198 -0.142319 0.189815 -0.120546 -0.116134 0.103249 -0.005182 -0.168958 
2.426919 0.397251 0.224052 0.020579 -0.200053 -0.042792 0.428607 -0.036047 -0.158380 0.048298 0.040736 -0.080069 
2.173529 0.443783 0.096122 0.041319 0.022098 0.067458 0.225627 -0.198150 -0.260424 0.113456 0.103790 0.038871 
2.241845 0.163726 0.620447 0.107234 0.367263 -0.025508 0.213334 0.059945 -0.249371 0.089920 0.096445 0.102552 
1.448943 -0.107106 0.811038 -0.043626 0.424935 0.044437 -0.053897 -0.107929 -0.154283 0.133324 0.053491 0.132201 
1.412685 0.197774 0.356438 0.596054 0.425607 0.379677 0.387191 0.163516 -0.043846 -0.030090 0.271858 0.245846 
1.087102 0.577613 0.407168 0.348809 0.299608 0.282192 0.250981 0.221517 0.218715 0.228939 0.223873 0.132406 
1.073957 0.595720 0.416664 0.347922 0.300308 0.267462 0.259766 0.225701 0.229049 0.219225 0.217427 0.132824 
1.080570 0.580761 0.421111 0.343214 0.300594 0.272985 0.253921 0.237317 0.226453 0.214482 0.220638 0.132833 
1.081924 0.581612 0.416171 0.339972 0.297415 0.278264 0.255382 0.233046 0.221994 0.224557 0.217964 0.132544 
1.110515 0.595509 0.420822 0.343805 0.306120 0.276760 0.258224 0.220100 0.204061 0.212113 0.227720 0.135121 
