1.075251 0.582573 0.420497 0.343455 0.297877 0.270624 0.251042 0.237563 0.229818 0.223252 0.218283 0.132606 
1.076042 0.582946 0.421081 0.344363 0.298130 0.269845 0.251103 0.239167 0.228824 0.223396 0.217208 0.132778 
1.075758 0.583059 0.421485 0.343597 0.298442 0.269630 0.251582 0.239041 0.227974 0.223507 0.217761 0.132751 
1.075915 0.583269 0.421107 0.343207 0.298554 0.270300 0.251770 0.238596 0.227879 0.223645 0.217710 0.132762 
1.076306 0.581388 0.421696 0.343412 0.297678 0.270445 0.252730 0.237118 0.230216 0.222350 0.217949 0.132703 
1.075841 0.581662 0.422273 0.343319 0.298363 0.269948 0.251283 0.237995 0.230244 0.222202 0.217823 0.132678 
1.123230 0.615129 0.441507 0.353010 0.299714 0.267751 0.248918 0.233040 0.219906 0.211833 0.205313 0.137170 
1.247285 0.701085 0.477535 0.338778 0.280259 0.263257 0.251177 0.227426 0.207227 0.195792 0.167167 0.135744 
1.973418 1.172572 0.274653 0.125146 -0.362281 -0.057472 0.317917 -0.114473 0.116190 0.102078 0.030249 -0.110040 
1.616516 1.480617 -0.027686 -0.090152 -0.664564 -0.101286 0.293828 -0.041794 0.251632 0.079955 0.085287 -0.115871 
1.543832 1.170052 -0.189435 -0.222256 -0.547401 0.167738 0.213939 0.107187 0.245848 0.050982 0.043086 -0.027175 
1.802823 1.102190 -0.410465 -0.169609 -0.420124 0.205014 0.240191 0.131083 0.142493 0.040538 0.110690 0.066376 
2.179305 0.533004 -0.391368 -0.029624 -0.145539 0.296839 0.242392 -0.036857 0.105719 0.063794 0.217168 0.139231 
2.340497 0.429451 -0.265653 0.264243 -0.037926 0.198094 0.020322 -0.173384 0.155628 0.219255 0.228204 0.045579 
2.346075 0.493715 0.135255 0.257377 0.021207 0.286259 0.206937 0.063794 0.112183 0.052418 0.080954 0.138159 
1.874858 0.592162 0.331463 0.304720 0.239615 0.341646 0.219442 0.079010 0.053644 0.076528 0.087998 0.092993 
1.676299 0.711633 0.291974 0.091097 0.294449 0.426007 0.261675 0.182116 0.073793 0.051841 0.194712 0.189601 
1.083345 0.587198 0.421341 0.342972 0.296981 0.268767 0.250570 0.237050 0.229482 0.221670 0.219015 0.133293 
1.076032 0.582785 0.420626 0.343219 0.298628 0.270787 0.251825 0.237033 0.226972 0.223049 0.219928 0.132659 
1.076220 0.581862 0.422197 0.342624 0.298360 0.270623 0.251138 0.238493 0.229455 0.222577 0.217755 0.132706 
1.075457 0.581821 0.422333 0.344214 0.298128 0.270354 0.250237 0.238237 0.229636 0.222010 0.218594 0.132681 
1.076770 0.582555 0.421220 0.342986 0.298128 0.268968 0.251939 0.238210 0.228863 0.223247 0.218331 0.132690 
1.076312 0.583084 0.420860 0.342798 0.298322 0.270161 0.251064 0.238620 0.229527 0.221907 0.218670 0.132701 
