1.076364 0.582076 0.422321 0.343042 0.297957 0.270317 0.250958 0.237425 0.230070 0.222655 0.218006 0.132694 
1.074810 0.583284 0.421367 0.342392 0.299006 0.269084 0.251450 0.238760 0.228767 0.222232 0.218881 0.132591 
1.075750 0.582228 0.422381 0.343449 0.296959 0.270988 0.250982 0.238594 0.230366 0.222481 0.216879 0.132694 
1.075306 0.582889 0.421227 0.341943 0.297727 0.270944 0.251279 0.239069 0.228918 0.222962 0.217865 0.132603 
1.075938 0.582735 0.422071 0.343004 0.298025 0.270466 0.252450 0.237176 0.229496 0.221402 0.218732 0.132721 
1.080145 0.584274 0.423512 0.343659 0.296834 0.269115 0.250889 0.237353 0.226940 0.223197 0.217463 0.132881 
1.190295 0.668354 0.481066 0.372416 0.292976 0.254261 0.231570 0.205229 0.194134 0.199289 0.203129 0.138526 
1.186749 0.667924 0.487474 0.384072 0.309674 0.268003 0.240124 0.211952 0.191604 0.188855 0.185824 0.136433 
1.748993 1.187548 0.426658 0.320483 -0.243949 -0.151000 0.225864 -0.096630 0.051957 0.151848 0.083253 -0.007563 
1.714135 1.568657 0.041092 0.095767 -0.651236 -0.337903 0.346632 -0.123879 0.125387 0.156109 0.136854 -0.059359 
1.712488 1.273502 -0.395836 0.009074 -0.631937 -0.189961 0.385094 0.038500 0.191791 0.035189 0.136390 -0.116701 
1.833244 0.798961 -0.420797 0.022071 -0.385638 -0.003457 0.303156 0.238960 0.089204 -0.078581 0.127353 0.032914 
1.986578 0.237321 -0.476562 0.033351 -0.065690 -0.080458 0.370520 -0.006232 0.149629 -0.035307 0.252737 0.134575 
1.901200 0.072399 -0.056926 0.436885 0.004600 -0.065937 -0.131648 -0.006449 0.058195 0.186803 0.125228 0.068534 
1.750347 0.190946 0.352123 0.386963 0.011543 0.147887 0.113866 -0.025600 0.174406 0.141524 0.112080 0.102316 
1.845809 0.234395 0.564991 0.529362 0.044532 0.295946 0.193854 0.058120 0.047920 0.035170 0.021671 0.073954 
1.989791 0.248473 0.570237 0.477445 0.133561 0.184835 0.129569 0.132703 0.131026 0.070334 0.056132 0.089734 
1.161650 0.578818 0.387798 0.325088 0.281271 0.242062 0.232663 0.232338 0.230982 0.257434 0.238192 0.135640 
1.080951 0.585333 0.424217 0.343993 0.299400 0.271741 0.250406 0.236854 0.228972 0.221891 0.214629 0.133315 
1.075983 0.581046 0.421610 0.344322 0.296848 0.269706 0.252085 0.237045 0.230790 0.221651 0.218556 0.132559 
1.073494 0.582222 0.421206 0.343074 0.297130 0.270945 0.252145 0.239020 0.228977 0.222394 0.217731 0.132458 
1.074265 0.583125 0.422878 0.342520 0.298759 0.268673 0.249971 0.239302 0.228474 0.222754 0.219163 0.132572 
1.075424 0.581859 0.418688 0.342546 0.297791 0.271852 0.251904 0.239853 0.228405 0.222375 0.217977 0.132484 
1.076240 0.583288 0.420471 0.341949 0.298953 0.271630 0.253182 0.238236 0.227141 0.223049 0.217426 0.132740 
