1.016152 0.596161 0.471088 0.288032 0.392978 0.200940 0.232760 0.179965 0.192381 0.310644 0.195007 0.130876 
0.999443 0.603097 0.425100 0.285955 0.422176 0.183773 0.280321 0.192925 0.210875 0.270633 0.189044 0.137499 
1.011145 0.594519 0.464352 0.279201 0.393445 0.186444 0.216006 0.218576 0.196994 0.298037 0.206695 0.126763 
0.879207 0.610703 0.342407 0.375295 0.374497 0.269657 0.194300 0.218015 0.259246 0.275011 0.159012 0.120411 
0.803532 0.693760 0.276451 0.408949 0.250720 0.307081 0.266625 0.136437 0.317859 0.224890 0.206237 0.097015 
0.827942 0.506049 0.291348 0.284028 0.248519 0.339059 0.369506 0.191990 0.321116 0.213335 0.133611 0.095507 
1.607067 0.341302 0.545746 0.549831 0.121520 -0.019196 -0.068314 -0.197814 0.062755 0.196117 -0.083956 -0.069634 
2.606300 -0.593450 0.540686 0.617281 -0.122975 -0.119425 -0.318346 -0.274047 0.082423 0.075486 -0.125865 0.030888 
2.589468 -0.939320 0.465876 0.502201 -0.152356 -0.201660 -0.191208 -0.228771 -0.021745 0.139337 0.011155 -0.058804 
2.600957 -0.030397 0.071667 0.623270 0.158235 -0.075656 -0.008456 -0.161587 -0.122558 -0.006187 0.131853 0.100577 
3.117349 0.692714 -0.077693 0.084941 0.097262 -0.002936 0.009791 -0.082536 -0.129969 -0.074744 0.045667 0.131298 
3.594875 -0.589217 -0.209422 0.360471 -0.241378 -0.016382 0.185130 -0.069156 -0.245104 0.128684 0.339706 0.230242 
3.115911 0.270806 -0.268929 0.181023 0.057348 -0.147706 -0.046037 -0.044479 -0.000965 0.148377 0.300145 0.229032 
2.456193 1.143453 0.472652 0.263568 0.188029 0.016584 -0.116362 -0.069021 0.083923 0.131663 0.130859 0.110674 
2.443609 1.431888 0.790342 0.247453 0.002237 -0.068005 0.016253 0.062320 0.139103 0.110996 0.165679 0.133507 
1.263426 0.748900 0.640595 0.452667 0.415005 0.295335 0.247231 0.229390 0.160006 0.143046 0.107047 0.112166 
1.108725 0.583800 0.447906 0.362285 0.294494 0.279266 0.231408 0.220814 0.217124 0.208398 0.222402 0.134541 
1.090341 0.589502 0.447007 0.352327 0.290581 0.242326 0.242323 0.232670 0.229447 0.201732 0.234628 0.133404 
1.093066 0.564950 0.428704 0.354365 0.301779 0.258834 0.239301 0.221265 0.214837 0.230025 0.232059 0.131424 
1.091062 0.556339 0.414994 0.359114 0.310154 0.266262 0.218404 0.214196 0.227470 0.242483 0.228412 0.129490 
1.077774 0.558283 0.432161 0.352540 0.311285 0.247660 0.230048 0.231457 0.235393 0.229271 0.216870 0.130089 
