1.076752 0.583378 0.421219 0.342623 0.299123 0.269853 0.251707 0.237973 0.228322 0.222815 0.218478 0.132782 
1.075894 0.582924 0.422071 0.342769 0.298628 0.269463 0.251595 0.238602 0.228809 0.223045 0.217921 0.132739 
1.076296 0.583630 0.420773 0.343181 0.298861 0.269506 0.250548 0.238474 0.228938 0.222446 0.219032 0.132728 
1.076129 0.582680 0.420965 0.343454 0.298470 0.270577 0.251077 0.238026 0.229144 0.222674 0.218207 0.132712 
1.076466 0.583212 0.421147 0.342064 0.298877 0.269705 0.251005 0.238993 0.229295 0.222873 0.217977 0.132726 
1.076319 0.582701 0.421896 0.342709 0.298933 0.270500 0.251282 0.237572 0.229438 0.224050 0.216451 0.132759 
1.130929 0.012546 1.168661 0.393306 -0.165465 -0.007073 -0.026089 0.080185 -0.113126 -0.099961 0.037562 0.066670 
0.425132 -0.060413 0.992705 0.452404 -0.130205 -0.160904 0.132145 0.001884 -0.041251 -0.100637 0.167819 0.144036 
0.620677 -0.028767 1.160888 0.430764 -0.070531 -0.122032 0.135421 -0.013928 -0.173121 -0.089289 0.115647 -0.004965 
0.644437 0.046090 1.195652 0.575254 -0.161010 -0.032184 0.251242 -0.132719 -0.146083 -0.028365 -0.037266 -0.037490 
0.560990 0.143675 1.345986 0.610990 -0.022617 0.031249 0.262369 -0.127837 -0.098817 -0.100117 -0.008261 -0.049511 
0.712972 0.256905 1.275071 0.550625 0.212352 0.075333 0.122642 0.073643 -0.124309 -0.183992 0.102231 -0.082522 
0.979700 0.509053 1.199635 0.676542 0.073826 0.211423 0.345109 -0.170632 0.101591 -0.049689 0.066264 -0.041691 
0.993805 0.403897 0.958221 0.621488 0.047779 0.198231 0.461742 0.131058 0.138928 0.051689 0.286529 0.099445 
1.142555 0.599956 0.749745 0.526836 0.230847 0.256851 0.389935 0.172119 0.003853 0.144938 0.254733 0.059061 
1.079097 0.577810 0.421914 0.348381 0.302192 0.267130 0.246363 0.240111 0.234334 0.221114 0.213771 0.132810 
1.077125 0.583804 0.421578 0.343987 0.298518 0.270231 0.251194 0.237679 0.228722 0.222858 0.217494 0.132869 
1.076412 0.582447 0.421725 0.343374 0.298290 0.269418 0.251332 0.237935 0.229309 0.222989 0.218073 0.132702 
1.077019 0.582225 0.421999 0.342671 0.298125 0.270855 0.250550 0.238440 0.228493 0.223190 0.218371 0.132753 
1.076258 0.582553 0.421080 0.342668 0.298920 0.269732 0.251838 0.238126 0.229022 0.223253 0.217888 0.132705 
1.075958 0.582270 0.421566 0.342725 0.298513 0.270318 0.251329 0.237818 0.230239 0.222273 0.218069 0.132685 
