1.035379 0.584648 0.442956 0.340948 0.290614 0.280617 0.251128 0.160045 0.248858 0.233721 0.215557 0.127773 
1.037727 0.575151 0.480049 0.364540 0.253915 0.296926 0.200247 0.176608 0.205545 0.267328 0.210168 0.125604 
0.934472 0.533070 0.451972 0.590617 0.158430 0.292568 0.213633 0.219979 0.125243 0.251920 0.172402 0.115222 
0.902142 0.382886 0.268861 0.333018 0.314068 0.482237 0.317998 0.080221 0.178495 0.213689 0.167619 0.129569 
0.876330 0.457727 0.143791 0.225630 0.276642 0.446821 0.432827 0.214240 0.005731 0.314405 0.137343 0.136431 
0.953467 0.286737 0.085629 0.227545 0.425294 0.543482 0.222028 0.269966 0.053890 0.243419 0.193341 0.129547 
2.113212 0.248257 0.569693 0.474250 0.105672 -0.105386 0.119013 -0.448035 -0.091592 0.209517 0.013869 -0.089653 
2.335216 -0.451923 0.450475 0.383696 0.013778 -0.180744 -0.318763 -0.369357 -0.127453 0.001997 -0.074137 -0.050516 
2.475984 -0.575662 0.161632 0.489407 0.007013 -0.277770 -0.214822 -0.325771 -0.193948 0.065222 0.073615 -0.059311 
3.625238 -0.519948 0.106568 0.649429 0.060660 -0.171972 -0.065109 -0.104375 -0.194626 -0.106984 -0.005706 0.022111 
3.176992 -0.139558 -0.103691 0.654444 0.395320 -0.020642 0.152679 -0.061073 -0.032879 0.133844 0.241068 0.026270 
3.799196 0.029651 -0.247778 0.190145 -0.247466 -0.240725 0.002774 0.034548 -0.194436 -0.130291 0.128888 0.197232 
3.289569 -0.064172 -0.096978 0.117572 -0.073083 -0.120168 0.091531 -0.042272 -0.209840 0.025092 0.329164 0.256171 
2.999288 0.215633 -0.144283 0.431956 0.194709 -0.163823 -0.010164 0.002887 -0.017638 -0.021564 0.118692 0.123524 
2.006947 1.048698 0.521117 0.247988 0.207465 0.165300 0.170103 0.117555 0.102404 0.124803 0.071714 0.065867 
1.241388 0.674087 0.498379 0.304724 0.338018 0.247898 0.140942 0.156770 0.192096 0.182595 0.183704 0.124836 
1.251071 0.610313 0.429401 0.335683 0.272571 0.256327 0.202447 0.162669 0.204563 0.209702 0.220409 0.136389 
1.317567 0.594471 0.403237 0.243080 0.171463 0.275231 0.211047 0.147422 0.119286 0.192646 0.364513 0.178142 
1.258806 0.664926 0.368028 0.248766 0.178981 0.145796 0.192074 0.169580 0.205964 0.284606 0.346433 0.170653 
1.233038 0.650009 0.331624 0.182901 0.169616 0.262530 0.220364 0.215570 0.206033 0.291226 0.293397 0.148512 
