0.967550 0.598295 0.428359 0.354959 0.284647 0.280150 0.244317 0.204375 0.231485 0.233587 0.217808 0.123252 
1.006677 0.612055 0.412772 0.317017 0.318449 0.249046 0.259312 0.228367 0.238614 0.231736 0.190279 0.128118 
0.631185 0.850619 0.262976 0.587806 0.133999 0.310540 0.206750 0.152590 0.255589 0.205339 0.272704 0.055782 
0.297929 0.825054 0.127161 0.487597 0.343861 0.297653 0.438786 0.082628 0.210010 0.269336 0.032647 0.239501 
0.780481 0.483754 0.140329 0.282536 0.472989 0.395895 0.287093 0.183103 0.133513 0.257497 0.158189 0.133315 
0.958894 0.159584 0.526698 0.230032 0.293920 0.467413 0.187281 0.105296 0.318874 0.184586 0.034075 0.141971 
0.892858 -0.262330 0.884133 0.615056 0.012229 -0.078124 -0.201855 -0.351156 0.066249 -0.119230 -0.314896 -0.099047 
1.206693 -0.164729 0.842404 1.087955 -0.066138 -0.337435 -0.064811 -0.015575 -0.124973 -0.291093 -0.139995 -0.034984 
1.216361 -0.001104 0.691771 1.333988 -0.089266 -0.017436 0.030954 -0.061162 0.119011 -0.089646 -0.127453 -0.099735 
1.550213 0.148303 0.717320 1.248677 0.118590 -0.112810 0.063025 -0.182679 0.094330 -0.138427 -0.025358 -0.122795 
0.946973 -0.397444 0.671071 0.278585 0.155531 -0.257811 0.130577 0.109749 0.062423 0.022884 0.002084 0.232970 
0.699671 0.012002 0.428452 0.268739 0.263266 0.433734 0.171880 0.115640 0.262902 0.273204 0.067054 0.032175 
0.582477 -0.006618 0.312408 0.329330 0.342014 0.482629 0.346332 0.098954 0.209251 0.237049 0.039325 0.099542 
0.531613 0.151828 0.599828 0.442373 0.185443 0.523081 0.124201 0.145201 0.232866 0.322418 0.044818 0.102413 
0.774140 0.301579 0.628104 0.422724 0.089982 0.439940 0.215248 0.016913 0.332253 0.252692 0.202038 0.090122 
0.967204 0.444376 0.451349 0.428527 0.217640 0.302611 0.257784 0.169384 0.184205 0.320449 0.203475 0.094763 
