1.075628 0.582484 0.421329 0.343740 0.298348 0.269607 0.250647 0.238871 0.229406 0.222314 0.218717 0.132681 
1.075775 0.582023 0.422705 0.343123 0.298564 0.269947 0.250653 0.237762 0.230225 0.222445 0.218114 0.132708 
1.076648 0.580709 0.423802 0.343872 0.298233 0.269118 0.250745 0.240238 0.229153 0.222127 0.217155 0.132758 
1.060923 0.581320 0.421408 0.345098 0.301953 0.264638 0.256121 0.230910 0.237603 0.223971 0.214186 0.131692 
1.045243 0.569139 0.416082 0.333607 0.313286 0.268850 0.263811 0.222257 0.238127 0.230290 0.209426 0.129682 
1.050663 0.544725 0.404987 0.351017 0.303618 0.301593 0.245805 0.200746 0.246192 0.250926 0.198075 0.127510 
1.468952 -0.303384 0.785333 0.495048 0.019789 -0.108751 -0.112777 -0.187025 0.069453 0.032672 -0.081420 0.096745 
1.078788 -0.342813 0.517144 0.563642 0.025002 -0.231245 -0.145941 -0.208543 0.043250 0.039529 -0.012331 0.090292 
1.698231 -0.186118 0.060874 0.296460 0.172176 -0.142833 -0.016627 -0.063292 -0.061884 0.016613 0.085135 0.160137 
1.894188 -0.191091 0.596334 0.482630 0.106738 -0.073931 0.194889 -0.250479 -0.107618 0.112410 0.075570 0.096246 
2.464927 -0.038463 0.015275 0.044330 0.051049 -0.169378 0.266459 -0.052318 -0.032709 0.100254 0.117222 0.181443 
2.279249 -0.211341 0.053621 0.149577 0.093237 -0.095446 0.083297 -0.086130 0.243757 0.309218 0.126974 0.118046 
2.374981 0.279239 0.047670 0.373480 0.177317 -0.047503 -0.005339 0.061469 0.156600 0.165724 0.180386 0.155757 
2.025333 0.631778 0.197729 0.332093 0.324468 0.066134 -0.101256 -0.033272 0.109767 0.149190 0.147608 0.108027 
1.552771 0.851921 0.487488 0.271419 0.165637 0.128528 0.143674 0.184250 0.212832 0.214841 0.174150 0.145178 
1.080040 0.584471 0.422956 0.344628 0.298847 0.268582 0.249880 0.238648 0.228988 0.220886 0.218388 0.133130 
1.076295 0.583540 0.421796 0.343861 0.298130 0.270861 0.251285 0.237726 0.229545 0.222596 0.217492 0.132864 
1.075131 0.582408 0.422034 0.342160 0.299137 0.269124 0.251382 0.237896 0.230117 0.223829 0.217030 0.132618 
1.076796 0.583272 0.421747 0.343213 0.298588 0.269447 0.250399 0.238418 0.228561 0.223288 0.218332 0.132764 
1.076080 0.582145 0.421628 0.343247 0.298541 0.269451 0.251951 0.237638 0.229223 0.222269 0.218831 0.132675 
1.076737 0.582774 0.420696 0.343284 0.298512 0.269721 0.251649 0.237628 0.229397 0.221773 0.219289 0.132710 
