1.078741 0.582665 0.418803 0.343924 0.298889 0.268015 0.250852 0.237353 0.230084 0.219479 0.220553 0.132532 
1.074291 0.582568 0.422510 0.342820 0.296990 0.270320 0.249846 0.240648 0.225996 0.224286 0.217550 0.132410 
1.078762 0.585113 0.420464 0.345440 0.296244 0.272959 0.245948 0.238021 0.225941 0.224198 0.219357 0.132817 
1.032613 0.603412 0.415895 0.335511 0.311014 0.249194 0.267768 0.227209 0.232946 0.229791 0.215052 0.130848 
1.094823 0.690357 0.383512 0.446321 0.289754 0.298064 0.208942 0.284677 0.165352 0.233441 0.107391 0.143633 
1.053134 0.657298 0.405592 0.548394 0.331434 0.315754 0.114723 0.228696 0.156426 0.243070 0.111887 0.130891 
1.712748 -0.200887 1.465202 1.031928 -0.009594 0.222768 0.006812 -0.146910 0.115936 0.049926 -0.263062 -0.115030 
2.012089 -0.430950 1.149384 0.940727 -0.000170 -0.165427 0.061566 -0.118962 -0.084667 -0.017755 -0.184541 -0.116774 
1.513533 -0.179068 0.904380 0.882509 -0.073022 0.163281 -0.028950 -0.314194 -0.051129 0.143787 -0.146052 -0.229466 
2.169175 -0.308558 0.722830 0.774540 0.394036 -0.121241 0.066333 -0.341550 -0.147413 0.097323 -0.130779 -0.138143 
3.461893 0.110639 0.022634 0.444041 -0.113794 -0.169291 0.177188 0.056967 -0.266130 -0.253110 -0.023105 0.008503 
3.251506 0.914705 0.155966 -0.067288 -0.441732 -0.297530 0.241487 0.150609 -0.072907 -0.005664 0.050129 -0.055398 
3.048363 1.382447 0.161217 -0.415187 -0.393297 -0.114993 0.089165 0.113734 0.097188 0.062964 -0.025073 -0.013987 
2.566947 1.284002 0.386116 -0.226709 -0.272201 -0.066932 0.169421 0.170137 0.122654 0.154389 0.015754 0.006975 
1.499616 0.843651 0.485930 0.252096 0.166454 0.168065 0.208455 0.220652 0.181471 0.133077 0.143136 0.104198 
1.092834 0.588879 0.424246 0.345639 0.291765 0.263317 0.251746 0.241479 0.232478 0.218937 0.210405 0.133503 
1.083353 0.587084 0.421940 0.346199 0.302621 0.266340 0.253063 0.235824 0.227890 0.218035 0.216526 0.133358 
1.075175 0.585364 0.420767 0.342965 0.299945 0.270845 0.249503 0.236514 0.231397 0.220534 0.217520 0.132643 
1.073641 0.582499 0.417516 0.345396 0.296059 0.270735 0.247444 0.241183 0.230068 0.221623 0.218942 0.132177 
1.073647 0.582054 0.420843 0.345158 0.299092 0.266588 0.253568 0.237194 0.228631 0.222169 0.218526 0.132387 
