1.072088 0.581454 0.420893 0.343307 0.298021 0.270477 0.248077 0.240199 0.228998 0.223033 0.219198 0.132216 
1.073416 0.580541 0.422961 0.344594 0.296935 0.270120 0.251987 0.237548 0.230731 0.223753 0.215822 0.132477 
1.050569 0.567637 0.435720 0.346860 0.280882 0.289009 0.256106 0.215435 0.241200 0.229240 0.211595 0.130701 
1.027776 0.572646 0.397874 0.324355 0.322486 0.268559 0.278342 0.235842 0.240635 0.235452 0.182553 0.129467 
1.037462 0.447050 0.338873 0.297858 0.421238 0.291189 0.266612 0.183972 0.234685 0.267615 0.190875 0.116386 
1.343141 0.599621 0.734508 0.437379 0.042738 0.074431 0.156232 0.090878 0.139759 0.189687 0.127005 0.119910 
2.720693 -1.011337 0.905726 0.554818 -0.142007 -0.012261 -0.141999 -0.186185 0.122580 0.043139 -0.133580 0.094241 
2.810307 -1.029162 0.596676 0.511253 -0.141518 -0.055586 -0.131372 -0.264306 -0.021028 0.138587 0.066080 0.032252 
2.624946 -0.245030 0.037307 0.626642 0.041185 -0.144431 0.069123 -0.068046 -0.090912 0.052327 0.089612 -0.028928 
3.504426 -0.214523 -0.177965 0.324014 -0.177441 -0.065569 0.202643 0.117687 -0.107776 0.020702 0.178831 0.138302 
3.274660 -0.334173 -0.294342 0.250927 -0.028782 0.113110 0.204849 0.013369 -0.038469 0.245349 0.344022 0.129129 
2.733633 0.139746 -0.240442 0.319190 0.179122 -0.131501 -0.027278 0.075345 0.186216 0.213436 0.226343 0.144642 
2.057517 1.099731 0.543882 0.250038 0.146004 0.131108 0.152467 0.201540 0.270491 0.286998 0.117599 0.069795 
1.489646 0.893944 0.626954 0.434579 0.288030 0.177583 0.108864 0.078378 0.066775 0.087048 0.130696 0.095398 
1.090495 0.588811 0.425879 0.348201 0.302938 0.270329 0.251144 0.236318 0.223464 0.217792 0.215074 0.134254 
1.080307 0.581446 0.420780 0.340624 0.299760 0.274418 0.253845 0.237452 0.227782 0.218309 0.218548 0.132914 
1.073281 0.581777 0.421632 0.344084 0.298146 0.272536 0.246919 0.239840 0.227402 0.222781 0.219382 0.132402 
1.074966 0.580970 0.424016 0.341747 0.296120 0.271446 0.249396 0.237222 0.231212 0.221924 0.219104 0.132436 
1.071117 0.584770 0.421797 0.343190 0.297702 0.270761 0.253217 0.237131 0.227270 0.222725 0.218613 0.132451 
1.070934 0.582710 0.422820 0.343152 0.296263 0.271583 0.251555 0.237627 0.229091 0.224428 0.217150 0.132376 
