1.075955 0.582256 0.421697 0.343124 0.298237 0.270302 0.251177 0.237721 0.230131 0.222778 0.217854 0.132698 
1.076182 0.582998 0.421256 0.342669 0.298637 0.270244 0.251566 0.238096 0.228315 0.223707 0.217830 0.132720 
1.076580 0.583167 0.420862 0.342811 0.298704 0.270658 0.250890 0.238069 0.229557 0.222132 0.218475 0.132752 
1.076088 0.582875 0.421762 0.342838 0.298105 0.270134 0.251716 0.238446 0.229174 0.222074 0.218527 0.132738 
1.076088 0.583129 0.421091 0.343221 0.298405 0.270055 0.250964 0.238077 0.229570 0.222842 0.218095 0.132721 
1.076650 0.582167 0.422061 0.342544 0.298413 0.269853 0.251315 0.237639 0.229643 0.222624 0.218615 0.132717 
1.245573 0.385895 0.934375 0.566207 0.079512 0.044970 0.090520 0.045620 0.087469 -0.158294 0.110010 0.145158 
0.536080 -0.044348 0.955185 0.471932 -0.035876 -0.074819 -0.013763 -0.067727 0.064988 -0.105698 0.092919 0.128425 
0.334847 0.013848 0.907735 0.458515 -0.098069 -0.102263 0.004523 -0.104353 0.087822 -0.168160 -0.015441 0.188864 
0.423140 0.077658 0.917212 0.503458 -0.116362 -0.154489 0.016313 -0.077829 0.010583 -0.250800 0.053150 0.114738 
0.636186 0.033139 0.923650 0.760024 -0.081783 -0.198976 0.195509 -0.064043 -0.048746 -0.196525 0.106215 0.022260 
0.878878 -0.104785 1.080518 0.808180 0.016180 -0.221314 0.305507 -0.012479 -0.207733 -0.061058 0.037439 -0.045244 
1.062023 0.021403 1.055029 0.838516 0.004181 -0.124403 0.389392 -0.122825 -0.046031 -0.002808 0.064338 -0.017598 
0.789581 0.386177 1.027973 0.886989 0.086468 -0.160618 0.327725 -0.000570 -0.061758 -0.148453 0.090205 0.002454 
1.037339 0.366901 0.950856 0.961256 0.127688 -0.093460 0.492610 0.067157 0.072773 -0.018348 0.173109 0.059272 
1.081905 0.498054 0.560656 0.648912 0.208323 0.122754 0.430497 0.239702 0.143538 0.031645 0.311506 0.137777 
1.079219 0.578150 0.425160 0.350778 0.297344 0.264776 0.252243 0.241958 0.224218 0.219827 0.220149 0.132967 
1.077190 0.581646 0.422518 0.344327 0.298361 0.269840 0.252480 0.238470 0.229276 0.221726 0.217423 0.132880 
1.076761 0.583420 0.420868 0.343616 0.298605 0.269389 0.251643 0.238498 0.228222 0.223120 0.218369 0.132804 
1.076255 0.582535 0.420990 0.344114 0.297960 0.269459 0.251907 0.238466 0.228636 0.223137 0.218020 0.132718 
1.076792 0.581744 0.422213 0.342508 0.298324 0.270046 0.251894 0.237589 0.229252 0.222606 0.218438 0.132710 
1.076184 0.582513 0.421217 0.342443 0.298412 0.270316 0.251256 0.238597 0.228611 0.223103 0.218459 0.132682 
