1.076764 0.581362 0.421822 0.343798 0.297160 0.271561 0.250292 0.238840 0.229215 0.221560 0.218666 0.132685 
1.075279 0.583016 0.421908 0.343315 0.297579 0.269448 0.252838 0.235885 0.230711 0.223078 0.217647 0.132653 
1.073994 0.584445 0.421856 0.342183 0.298593 0.269687 0.250951 0.238918 0.227191 0.221998 0.220179 0.132576 
1.075981 0.582472 0.420405 0.343886 0.298883 0.269503 0.251973 0.236650 0.230493 0.223017 0.217549 0.132661 
1.093571 0.578559 0.418809 0.328709 0.282793 0.272314 0.255938 0.242849 0.235050 0.221129 0.216919 0.132066 
1.513781 0.855011 0.476203 0.246596 0.135736 0.108318 0.160407 0.216818 0.207070 0.157889 0.173157 0.124555 
2.724569 0.895748 0.574527 0.089682 -0.534990 -0.215269 0.220047 0.030305 -0.025048 0.176261 0.105728 -0.099400 
2.648936 0.845517 0.425490 -0.032949 -0.512454 -0.187411 0.151189 0.080011 -0.040970 0.121469 0.051212 -0.078231 
2.777905 0.814541 0.427495 -0.104374 -0.514089 -0.086747 0.185276 0.018890 0.001285 0.100464 -0.039856 -0.114162 
2.686273 0.673106 0.413113 0.086822 -0.232951 -0.081743 0.389585 -0.085439 -0.078046 -0.020201 -0.056649 -0.079912 
2.433299 0.442487 0.378300 0.174170 -0.066757 0.084836 0.371429 -0.019124 -0.098797 -0.048075 0.032987 0.077861 
2.159604 0.540635 0.299783 0.345812 0.244572 0.214206 0.127142 -0.178042 -0.045144 -0.087433 0.109319 0.170482 
1.399486 0.077438 0.830992 0.445067 0.326338 0.064860 0.284663 0.085328 0.055897 0.082835 0.044344 0.111297 
1.149986 0.544679 0.373376 0.338213 0.319350 0.295878 0.267379 0.227411 0.183832 0.196377 0.247039 0.138113 
1.078794 0.584577 0.421205 0.342881 0.297425 0.271424 0.250722 0.237100 0.227959 0.222047 0.218519 0.132821 
1.076115 0.583243 0.422426 0.342853 0.298849 0.270015 0.250330 0.237803 0.229795 0.222080 0.218147 0.132736 
1.075559 0.582992 0.421925 0.343595 0.297822 0.271175 0.250211 0.238961 0.228524 0.224449 0.216445 0.132744 
1.075421 0.582548 0.421727 0.343946 0.297934 0.270128 0.251999 0.237149 0.229731 0.221603 0.218887 0.132682 
