1.075909 0.583047 0.420931 0.343199 0.298504 0.268677 0.251864 0.235871 0.230002 0.223917 0.218469 0.132617 
1.075628 0.582651 0.421261 0.344583 0.296642 0.270424 0.251263 0.237827 0.229570 0.223131 0.217886 0.132665 
1.074168 0.580612 0.422167 0.344324 0.295920 0.272079 0.252313 0.235373 0.230295 0.225021 0.216324 0.132476 
1.043287 0.595298 0.409727 0.360411 0.281711 0.276978 0.256178 0.225102 0.235479 0.226406 0.217105 0.130409 
1.063994 0.576214 0.410530 0.336274 0.309895 0.276746 0.255994 0.239961 0.223298 0.224973 0.213263 0.131223 
1.069982 0.528169 0.429665 0.327642 0.283012 0.322672 0.273988 0.183660 0.220100 0.255733 0.208586 0.128686 
1.280618 -0.060520 0.722420 0.593270 0.207795 0.149892 0.009145 -0.326034 0.030337 0.123416 -0.213220 -0.140218 
1.111580 -0.251867 0.647081 0.989847 0.124760 -0.219855 -0.079173 -0.106632 -0.023101 -0.101418 -0.190459 -0.132744 
1.435982 0.033723 0.714783 1.387837 0.101787 0.020244 0.046748 0.004283 0.165399 -0.011346 -0.144993 -0.108831 
1.550333 0.116702 0.814899 1.228385 0.264928 -0.141807 0.150174 -0.213402 0.198754 -0.155667 -0.083028 -0.113925 
1.617131 0.528018 0.895944 0.969966 0.297281 -0.055132 0.007570 0.005119 0.045728 -0.092599 -0.085648 -0.009496 
0.665476 -0.235256 0.282543 0.239703 0.281951 0.278345 0.221459 0.040056 0.131252 0.154886 0.127902 0.041177 
0.678689 -0.056694 0.285513 0.211893 0.409757 0.367906 0.348502 0.251767 0.163515 0.233232 0.080400 0.013204 
1.065641 0.516776 0.408849 0.350693 0.318364 0.277503 0.260869 0.227897 0.215521 0.225876 0.226860 0.127753 
1.000924 0.500266 0.526645 0.323226 0.219822 0.380200 0.237705 0.164680 0.288477 0.241691 0.172234 0.140277 
1.040849 0.513573 0.486473 0.363842 0.225978 0.302192 0.289045 0.181220 0.228090 0.281412 0.187437 0.122253 
1.070424 0.579852 0.426013 0.343539 0.293914 0.274101 0.250969 0.234816 0.230695 0.225837 0.215287 0.132247 
1.075062 0.581104 0.422080 0.341025 0.298408 0.269841 0.251299 0.238339 0.229758 0.223328 0.218115 0.132446 
