1.076880 0.582702 0.421259 0.342375 0.298276 0.270351 0.251450 0.238244 0.229453 0.222796 0.217972 0.132739 
1.076674 0.583126 0.420815 0.342973 0.298150 0.269580 0.251238 0.238206 0.229171 0.223313 0.218334 0.132720 
1.076868 0.582495 0.421116 0.342723 0.298138 0.270432 0.251477 0.238491 0.229274 0.222890 0.217830 0.132739 
1.076252 0.583181 0.420992 0.343420 0.298026 0.270059 0.251539 0.238012 0.229029 0.222787 0.218458 0.132738 
1.076757 0.583314 0.421122 0.342755 0.298276 0.269958 0.251431 0.237959 0.229190 0.223092 0.218168 0.132761 
1.077232 0.582743 0.421410 0.342665 0.298013 0.270617 0.251798 0.238230 0.228548 0.222666 0.218400 0.132787 
0.751335 0.015081 1.022096 0.444519 -0.106926 -0.059090 0.018935 -0.024371 -0.065044 -0.081163 0.053897 0.128000 
0.317095 -0.003157 0.931783 0.498015 -0.100139 -0.169576 0.070587 -0.012309 0.002140 -0.187518 0.109151 0.193912 
0.444636 0.089813 1.054426 0.652753 -0.223572 -0.173771 0.158591 -0.158958 0.005509 -0.176239 0.048716 0.091470 
0.789189 -0.089147 1.207258 0.553615 -0.125534 -0.101569 0.271919 -0.109934 -0.145659 -0.031991 0.029906 0.020770 
0.923914 -0.104387 1.248077 0.559346 0.048001 -0.057304 0.203641 0.022561 -0.150216 -0.044059 -0.068338 0.013528 
0.943337 0.045079 1.382655 0.632889 0.171983 -0.065496 0.205774 0.013477 -0.134486 -0.090518 -0.038813 -0.011775 
1.098489 0.300864 1.264603 0.853271 0.074892 -0.010651 0.278168 0.091580 -0.049373 -0.082575 0.049804 0.049303 
0.981765 0.429827 0.974037 0.700110 0.095064 0.113471 0.358731 0.077727 0.126158 0.022687 0.096452 0.090852 
1.096884 0.402056 0.738930 0.702939 0.146271 0.102977 0.434716 0.236193 0.120367 0.021625 0.233526 0.138116 
1.078544 0.575489 0.420916 0.348230 0.300828 0.268189 0.246536 0.238695 0.232963 0.223503 0.215886 0.132563 
1.077283 0.582877 0.422099 0.343968 0.297605 0.270023 0.251906 0.238075 0.228308 0.222875 0.218190 0.132864 
1.076876 0.582215 0.421398 0.343052 0.298246 0.269918 0.251073 0.238667 0.229113 0.223009 0.218298 0.132746 
1.077556 0.582162 0.421538 0.343783 0.298396 0.269729 0.251414 0.238307 0.229139 0.222437 0.218204 0.132818 
1.076902 0.582348 0.421107 0.343111 0.298452 0.269605 0.251888 0.238256 0.229344 0.222353 0.218469 0.132745 
1.076872 0.582139 0.421881 0.342731 0.298677 0.269938 0.251307 0.238179 0.229135 0.222919 0.218145 0.132754 
