1.075593 0.580663 0.420337 0.342975 0.297772 0.271894 0.251219 0.238165 0.229862 0.224048 0.215997 0.132476 
1.077922 0.582116 0.419773 0.342451 0.299593 0.269619 0.252606 0.238360 0.228669 0.222762 0.217187 0.132689 
1.075316 0.581643 0.421751 0.342561 0.297924 0.271803 0.250650 0.238065 0.230342 0.221816 0.217628 0.132560 
1.073344 0.584893 0.420723 0.342403 0.299044 0.269371 0.250173 0.237930 0.230728 0.221063 0.219307 0.132493 
1.072457 0.582591 0.421543 0.342651 0.299793 0.271651 0.250439 0.236660 0.228197 0.223771 0.218374 0.132436 
1.074915 0.582209 0.423320 0.347697 0.293970 0.269425 0.250193 0.241892 0.227788 0.220814 0.217884 0.132635 
0.727642 -0.051926 0.958529 0.589056 -0.291285 -0.125557 0.084625 -0.103079 -0.028790 -0.015756 0.074299 0.096851 
0.332344 -0.128429 0.864546 0.593165 -0.389488 -0.241215 0.214247 -0.135549 -0.065511 -0.087023 0.109498 -0.001122 
0.387582 -0.083931 0.970602 0.713191 -0.498129 -0.086993 0.195288 -0.180081 -0.163586 -0.016789 0.009256 -0.117124 
0.675806 -0.039032 1.249017 0.600492 -0.309278 0.003722 0.244409 -0.138373 -0.232514 0.028173 -0.024226 -0.153919 
0.709683 0.105958 1.583296 0.582680 -0.018515 -0.007658 0.209525 0.030535 -0.224177 -0.045289 0.028818 -0.093734 
1.463563 0.165395 1.806150 1.065761 -0.262616 0.307702 0.357486 -0.098325 -0.150462 0.078426 -0.033228 -0.130531 
1.238272 0.269743 1.138782 0.784432 -0.232365 0.236294 0.476790 -0.153112 -0.044102 0.144071 0.031853 -0.123702 
1.205744 0.430378 0.800121 0.666183 0.081856 0.214384 0.459046 0.128682 0.006925 0.221235 0.185436 0.006098 
1.053311 0.440598 0.457991 0.352168 0.367210 0.280114 0.141724 0.225638 0.275891 0.245573 0.210167 0.114183 
1.074728 0.547639 0.422968 0.372133 0.300537 0.258227 0.252277 0.237497 0.227472 0.225909 0.215135 0.131236 
1.077702 0.578257 0.423066 0.347308 0.297993 0.269798 0.250001 0.235328 0.225549 0.224620 0.220380 0.132557 
1.079150 0.585764 0.421419 0.341759 0.298657 0.266528 0.249291 0.237184 0.229222 0.223347 0.219627 0.132751 
1.074772 0.583102 0.422510 0.340989 0.298094 0.269246 0.249829 0.238228 0.228898 0.223975 0.218840 0.132450 
