1.076864 0.583019 0.419727 0.343823 0.298891 0.270210 0.250358 0.237749 0.228517 0.223519 0.218785 0.132709 
1.078433 0.582222 0.420831 0.343939 0.298689 0.269800 0.250434 0.237589 0.228880 0.223254 0.218713 0.132821 
1.076888 0.581526 0.421369 0.343857 0.298324 0.269770 0.251160 0.238827 0.228659 0.222204 0.218922 0.132718 
1.076034 0.582021 0.421446 0.343310 0.298330 0.270196 0.250551 0.238487 0.229061 0.222658 0.218784 0.132661 
1.078794 0.583260 0.421945 0.343735 0.299557 0.271101 0.250083 0.237860 0.228449 0.222423 0.217428 0.132992 
1.120467 0.572846 0.443608 0.351935 0.300927 0.266028 0.212487 0.216908 0.223650 0.209504 0.245755 0.134820 
1.438106 0.090535 0.390566 0.240663 0.294244 0.144748 -0.050428 0.077860 0.006958 0.121205 0.345458 0.136968 
1.049478 0.140561 -0.367108 -0.137245 0.531575 -0.042901 -0.147581 -0.046414 0.202994 0.320654 0.293120 0.047995 
1.016061 -0.057699 -0.385903 -0.082521 0.278190 0.114125 -0.027213 -0.147866 0.245122 0.233154 0.295224 0.153527 
1.123256 -0.238120 -0.277154 -0.015480 0.289948 0.134296 0.019953 -0.205643 0.263885 0.204455 0.248290 0.142676 
1.121091 -0.399419 -0.122656 0.109131 0.239293 -0.030896 -0.054866 -0.204169 0.254855 0.296378 0.237777 0.165793 
1.083017 -0.329289 0.274369 0.150083 0.204637 -0.343162 -0.096260 0.047928 0.254391 0.167341 0.160271 0.271931 
1.020549 -0.316324 0.627141 0.246709 -0.048126 -0.300363 0.139340 -0.087368 0.094579 0.146666 0.158744 0.284235 
1.258326 -0.013265 0.721630 0.317058 -0.009213 -0.113875 0.326238 -0.084393 0.135981 0.086131 0.084582 0.198251 
1.531029 0.125852 0.665529 0.568982 0.199181 -0.173215 0.091345 -0.025508 0.317957 0.068280 0.058174 0.242257 
1.257232 0.547841 0.518862 0.567091 0.342418 0.133309 0.184327 0.264196 0.186625 0.111725 0.169560 0.148641 
1.077695 0.578375 0.420303 0.348363 0.299963 0.267936 0.249887 0.240648 0.229797 0.220581 0.218233 0.132774 
1.078552 0.579792 0.420316 0.343089 0.299181 0.271557 0.251521 0.236870 0.227572 0.223079 0.219196 0.132652 
1.077357 0.582703 0.420047 0.343451 0.298732 0.270743 0.250951 0.237750 0.228974 0.223085 0.217948 0.132740 
1.077309 0.582874 0.420612 0.343668 0.298444 0.269991 0.251503 0.238615 0.229022 0.222320 0.218042 0.132797 
1.077437 0.582842 0.421878 0.344568 0.297880 0.270207 0.251344 0.237702 0.229218 0.223066 0.217120 0.132875 
