1.151273 0.653988 0.475064 0.376861 0.296953 0.195907 0.155024 0.179430 0.191816 0.250932 0.247512 0.140931 
1.109823 0.588431 0.450024 0.364165 0.281366 0.231802 0.207446 0.199349 0.212260 0.259350 0.236932 0.133113 
1.072883 0.498230 0.460545 0.501201 0.263232 0.166827 0.155399 0.204230 0.277373 0.240945 0.199423 0.126507 
0.940071 0.454169 0.359667 0.354306 0.267642 0.379068 0.391133 0.062604 0.241926 0.266444 0.160270 0.109742 
1.031989 0.404193 0.283818 0.290742 0.402436 0.327883 0.311682 0.210827 0.200646 0.232341 0.181017 0.119550 
1.043845 0.368336 0.299332 0.364727 0.252316 0.294295 0.330192 0.169610 0.242969 0.288367 0.199087 0.081152 
2.421421 -0.121012 0.587762 0.497967 0.124317 -0.062684 -0.010749 -0.380147 -0.072195 0.162547 -0.095116 -0.090976 
1.944104 -0.432120 0.368030 0.533611 -0.135552 -0.181978 -0.217166 -0.326878 -0.107872 0.106568 -0.021239 -0.094906 
2.483625 -0.632430 0.085512 0.279853 -0.059202 -0.195942 -0.221926 -0.190882 -0.105135 0.040892 0.149632 0.113074 
2.644028 -0.181100 0.197518 0.767995 0.016274 -0.180803 0.135691 -0.039923 -0.136627 -0.009908 0.173928 0.101584 
3.040715 0.159084 -0.039417 0.307954 -0.232077 -0.278106 0.129980 -0.009978 -0.045060 0.052219 0.177229 0.066518 
3.803485 -0.206618 -0.246807 0.139152 -0.119119 -0.161017 0.083352 0.089310 -0.105588 -0.019471 0.271871 0.310242 
3.573992 -0.168684 -0.144713 0.590453 0.038375 -0.280925 -0.060761 0.144778 0.092918 0.133771 0.233302 0.131215 
2.833298 0.895169 0.104522 -0.025203 -0.073093 -0.105613 0.054055 0.029554 -0.029412 0.105341 0.122002 0.109745 
1.893347 1.180496 0.806010 0.343073 0.291002 0.111749 0.071345 0.188658 0.097189 0.135630 0.087798 0.073257 
1.125135 0.628112 0.453601 0.385999 0.288000 0.249063 0.215006 0.237141 0.207751 0.211860 0.214121 0.137635 
1.122963 0.620421 0.445451 0.364227 0.279989 0.253734 0.242920 0.230233 0.220322 0.212683 0.215998 0.137005 
1.151668 0.622892 0.445301 0.343817 0.275532 0.252186 0.221349 0.188850 0.202697 0.219710 0.257284 0.138891 
1.167379 0.650002 0.488224 0.366683 0.281788 0.219064 0.193074 0.180726 0.191890 0.213367 0.251177 0.140359 
1.099901 0.590937 0.432429 0.340677 0.299087 0.259428 0.255120 0.238570 0.215231 0.217188 0.212970 0.133400 
1.074550 0.584497 0.425625 0.373668 0.291248 0.252250 0.221670 0.234319 0.210822 0.211286 0.247755 0.130766 
