1.074906 0.580834 0.421816 0.343771 0.297559 0.270601 0.251425 0.238576 0.229879 0.221905 0.218191 0.132551 
1.076115 0.582745 0.422832 0.341994 0.298916 0.269202 0.252314 0.236308 0.228929 0.224456 0.217379 0.132697 
1.074945 0.581660 0.422765 0.342262 0.297613 0.271461 0.249579 0.238546 0.230440 0.221211 0.218963 0.132547 
1.075180 0.582416 0.422136 0.344020 0.299187 0.269377 0.249893 0.238758 0.229617 0.220486 0.219626 0.132650 
1.073010 0.582655 0.421513 0.342730 0.297251 0.270931 0.251085 0.238721 0.229294 0.222721 0.218386 0.132446 
1.073795 0.579584 0.419956 0.342821 0.297008 0.270673 0.253463 0.240213 0.231309 0.223293 0.216313 0.132458 
1.165947 0.645209 0.462074 0.359403 0.299972 0.267517 0.251661 0.230921 0.216109 0.201373 0.185148 0.138391 
1.789753 1.289709 0.421681 0.150653 -0.165742 -0.211819 0.279174 -0.132176 0.123097 0.105559 0.028980 -0.002662 
1.326975 1.527472 0.284890 -0.218726 -0.607422 -0.274945 0.266364 -0.169859 0.186336 0.152580 0.028395 -0.090307 
1.418920 1.332691 -0.193945 -0.351899 -0.591657 0.074889 0.168159 -0.091600 0.302146 0.003948 -0.018941 0.038696 
1.689728 1.091564 -0.312153 -0.256203 -0.474302 0.090113 0.301086 0.013233 0.222760 -0.054106 0.123387 -0.034166 
1.879568 0.715308 -0.347458 -0.122648 -0.282276 0.219825 0.226835 -0.090422 0.018239 0.052145 0.181848 0.138606 
2.051126 0.262873 -0.342923 0.026780 -0.066912 0.186802 0.053301 -0.271787 0.190171 0.176356 0.285358 0.125254 
2.173992 0.301254 0.027633 0.164480 0.034685 0.271112 0.100680 -0.242060 0.116361 0.100342 0.025231 0.028472 
2.024722 0.417302 0.261574 0.286559 0.103299 0.294614 0.059547 -0.027829 0.133272 0.183133 0.072563 0.049314 
2.154306 0.374031 0.443616 0.397589 0.132954 0.398840 0.186297 0.037108 -0.041878 0.015354 0.120801 0.174217 
1.348024 0.583630 0.474794 0.411911 0.294583 0.235182 0.188391 0.169306 0.217182 0.217119 0.159827 0.126403 
1.080473 0.582272 0.421971 0.342511 0.297675 0.269632 0.249519 0.238993 0.226629 0.224564 0.216933 0.132686 
1.075610 0.581670 0.423205 0.342116 0.298277 0.269524 0.250424 0.237589 0.230863 0.222125 0.218511 0.132585 
1.074929 0.581568 0.422405 0.340786 0.298364 0.270290 0.250669 0.238254 0.228814 0.225160 0.217543 0.132479 
1.074024 0.582149 0.420781 0.340770 0.299571 0.271558 0.251708 0.238205 0.229190 0.223363 0.216958 0.132458 
1.076177 0.580377 0.422091 0.343441 0.297224 0.270865 0.251808 0.237784 0.229349 0.223213 0.217556 0.132583 
1.074020 0.583477 0.423037 0.342195 0.297905 0.269767 0.249289 0.239739 0.229005 0.222115 0.219172 0.132559 
