1.073574 0.582613 0.421462 0.340922 0.299472 0.269942 0.252747 0.235928 0.232961 0.221713 0.216643 0.132443 
1.072564 0.586446 0.420677 0.343809 0.296339 0.271670 0.249434 0.240215 0.227623 0.223208 0.217433 0.132564 
1.071197 0.583470 0.422539 0.341656 0.299013 0.269938 0.250463 0.241909 0.226370 0.222746 0.218499 0.132398 
1.057384 0.580367 0.412291 0.363143 0.293965 0.262951 0.251010 0.240932 0.233292 0.215907 0.221834 0.131141 
1.020222 0.611525 0.381778 0.337767 0.317015 0.270976 0.274333 0.217460 0.228049 0.224825 0.219461 0.129238 
1.040893 0.503480 0.373275 0.349597 0.352292 0.300804 0.218566 0.193158 0.255628 0.273762 0.193545 0.118107 
0.976160 0.138342 0.720031 0.451071 0.287090 0.111799 -0.269857 -0.240557 0.161048 -0.046464 -0.191538 -0.028391 
0.775914 -0.024187 0.935051 0.742586 -0.112269 -0.250554 0.067895 -0.176148 0.028783 -0.162567 -0.095882 0.021171 
0.993960 0.299218 1.084235 0.965667 0.096221 -0.099463 0.008846 -0.148931 0.198821 -0.176997 -0.144634 0.026567 
0.903344 0.199132 0.967387 1.075573 -0.104846 0.041130 0.100969 -0.185616 0.191752 -0.164887 -0.047110 -0.009762 
1.641908 -0.379844 0.190240 0.380520 0.378483 0.008567 0.158480 0.175331 0.186188 0.173650 0.114579 0.075051 
0.974476 0.180013 0.462032 0.534500 0.341291 0.284733 0.249388 0.080687 0.253926 0.200632 0.228794 0.086650 
1.080860 0.476511 0.374806 0.351096 0.329223 0.305984 0.270198 0.179212 0.189677 0.269348 0.239664 0.122332 
1.025311 0.494773 0.463710 0.321205 0.297233 0.349511 0.204417 0.196326 0.294744 0.198138 0.213392 0.133753 
0.983227 0.492237 0.534323 0.325632 0.240504 0.313447 0.282368 0.190975 0.201825 0.298878 0.185331 0.116251 
1.067901 0.570152 0.437171 0.338395 0.288481 0.284842 0.241633 0.231060 0.232248 0.220416 0.224770 0.131718 
1.072594 0.576994 0.422002 0.346033 0.296110 0.269075 0.252684 0.237335 0.229241 0.223074 0.219149 0.132087 
