1.060181 0.575289 0.435721 0.334492 0.295293 0.261726 0.255172 0.234554 0.226478 0.216711 0.230531 0.130333 
1.068177 0.582521 0.420059 0.342298 0.300595 0.272325 0.238972 0.234629 0.229302 0.225582 0.222372 0.131370 
1.044779 0.560492 0.420351 0.358325 0.276501 0.297230 0.238203 0.220117 0.228227 0.234086 0.221102 0.128184 
1.040452 0.510613 0.335875 0.361699 0.329771 0.340215 0.291351 0.203902 0.168534 0.237515 0.210517 0.129906 
1.041853 0.429139 0.243478 0.253237 0.363440 0.360942 0.339709 0.251606 0.142848 0.262982 0.161195 0.120241 
1.011393 0.307947 0.425386 0.321694 0.215927 0.496840 0.362788 0.094748 0.171298 0.338653 0.105128 0.105158 
2.266522 0.163738 0.626034 0.493361 0.146104 -0.126680 0.038759 -0.246696 0.055071 0.146551 -0.054414 0.020974 
2.330014 -0.550737 0.627829 0.367907 0.003992 -0.167950 -0.274680 -0.246554 -0.097039 0.013510 -0.003427 -0.013584 
2.267429 -0.498754 0.180000 0.461367 0.033735 -0.243970 -0.094544 -0.253704 -0.071674 0.163308 0.140817 0.037758 
3.174895 -0.163234 0.107463 0.359471 -0.144880 -0.075183 0.016272 -0.081490 -0.141516 -0.000663 0.092225 0.102197 
3.119518 0.282781 0.039251 0.364762 -0.063239 -0.123020 0.090112 -0.062406 -0.042919 0.079055 0.133468 0.013844 
3.274557 0.082826 -0.205572 0.183493 -0.155071 -0.091986 0.139067 -0.037032 -0.197852 0.037492 0.314774 0.239451 
3.269491 0.017854 -0.076515 0.475383 0.027567 -0.077628 0.075221 -0.023902 -0.001760 0.177023 0.219510 0.051498 
3.169288 0.704073 -0.165310 0.271069 0.371717 0.025722 -0.163614 0.042533 0.207914 0.251860 0.126379 0.103679 
1.802979 1.077880 0.699032 0.126003 0.417642 0.273717 0.167079 0.292185 0.120212 0.166560 0.109183 0.053699 
1.083238 0.600772 0.437198 0.354646 0.301131 0.252941 0.243276 0.243591 0.228985 0.207772 0.220371 0.134573 
1.071237 0.587253 0.431874 0.352320 0.310009 0.266104 0.247428 0.231449 0.227639 0.223050 0.211886 0.133449 
1.078051 0.597163 0.438061 0.334012 0.286608 0.248657 0.230581 0.239299 0.226381 0.226235 0.235140 0.132130 
1.083731 0.579481 0.421623 0.339049 0.289930 0.262455 0.238639 0.228054 0.229482 0.231831 0.230122 0.131332 
1.076545 0.589101 0.421131 0.344785 0.295953 0.253362 0.242451 0.230716 0.225818 0.222340 0.233052 0.131391 
1.068289 0.587821 0.423221 0.347910 0.295728 0.255231 0.240663 0.232926 0.228698 0.225446 0.227065 0.131130 
