1.068093 0.585761 0.419433 0.348235 0.293040 0.269937 0.253595 0.237782 0.225490 0.229058 0.213987 0.132186 
1.071708 0.573847 0.426556 0.345804 0.299899 0.267544 0.253894 0.233095 0.236150 0.223125 0.212266 0.132177 
1.072879 0.578241 0.430216 0.343987 0.296397 0.270519 0.250959 0.238354 0.230218 0.220235 0.216311 0.132512 
1.069898 0.580265 0.426460 0.332463 0.294149 0.272769 0.245592 0.237736 0.231908 0.223220 0.220200 0.131276 
1.164872 0.528538 0.359630 0.242407 0.206187 0.264723 0.260593 0.255203 0.287770 0.274722 0.224897 0.115171 
1.129431 0.579295 0.418736 0.278133 0.214139 0.208680 0.248808 0.205631 0.275161 0.300392 0.239289 0.130662 
2.605906 0.964268 0.799434 -0.131410 -0.479118 -0.395306 0.177471 -0.100612 -0.112023 0.284195 0.075936 -0.119633 
1.935209 1.054634 0.694337 -0.226099 -0.537979 -0.341452 0.219589 -0.252635 0.093152 0.138677 -0.019341 -0.096270 
2.233038 0.692811 0.746250 -0.263069 -0.573528 -0.316504 0.307863 -0.193177 0.079298 0.183517 -0.114923 -0.109090 
2.260155 0.595301 0.499534 -0.159646 -0.441561 -0.200995 0.443027 -0.127214 -0.097144 0.010690 -0.133199 -0.158388 
2.343292 0.185329 0.445563 -0.267739 -0.231913 -0.050266 0.279317 -0.100405 -0.235911 0.079489 -0.109602 -0.119654 
2.372968 0.324890 0.181319 0.081672 -0.165269 0.089515 0.246290 -0.032272 -0.344203 -0.009922 0.091360 -0.019304 
2.041087 0.164323 0.272300 0.006657 0.285806 0.116295 0.004798 0.076378 -0.247295 -0.032651 0.098527 0.037183 
1.599066 -0.038429 0.944359 0.024415 0.329641 0.089019 0.170476 0.103449 -0.269623 0.086728 0.191338 0.043819 
1.562741 0.537642 0.329231 0.443465 0.438868 0.256600 0.111424 0.031050 0.016120 0.121955 0.233820 0.133713 
1.092439 0.576217 0.400399 0.336733 0.309421 0.289256 0.260581 0.229184 0.214947 0.213266 0.225276 0.133264 
1.082366 0.583641 0.423562 0.341829 0.299982 0.269637 0.253079 0.237883 0.226156 0.220243 0.215037 0.132901 
1.073923 0.584409 0.416475 0.346241 0.299155 0.271983 0.246463 0.237422 0.225133 0.225523 0.218922 0.132237 
1.070948 0.584700 0.419271 0.343089 0.297945 0.272705 0.247693 0.236183 0.238676 0.215340 0.219040 0.132189 
1.071914 0.574317 0.425046 0.345225 0.298604 0.264514 0.251164 0.245521 0.229761 0.216392 0.220017 0.132039 
