1.077552 0.582911 0.421353 0.343229 0.297861 0.269933 0.251840 0.237540 0.229578 0.222869 0.217882 0.132807 
1.077410 0.582712 0.422337 0.342474 0.297832 0.270209 0.251078 0.237624 0.228960 0.223533 0.218141 0.132784 
1.077486 0.583456 0.422187 0.343672 0.297922 0.269655 0.250950 0.238366 0.228855 0.222386 0.218303 0.132867 
1.077863 0.584075 0.422672 0.342975 0.298727 0.269275 0.251130 0.238245 0.228098 0.222607 0.218211 0.132922 
1.077462 0.583724 0.421722 0.342734 0.298251 0.270423 0.251296 0.238329 0.228406 0.222686 0.217961 0.132848 
1.078548 0.584649 0.421675 0.343895 0.298650 0.269326 0.250427 0.237977 0.227808 0.222530 0.218848 0.132959 
0.615279 0.022684 0.954033 0.592210 -0.116438 -0.192962 -0.071708 -0.104492 0.087658 -0.170478 -0.068382 0.255609 
0.463746 -0.148262 0.935566 0.575660 -0.110624 -0.250806 0.003427 -0.097757 0.088975 -0.180629 0.040115 0.226085 
0.554612 -0.031327 1.031749 0.661783 -0.095724 -0.164690 0.172717 -0.155941 -0.031020 -0.182554 -0.038535 0.093205 
0.670765 0.116940 1.025732 0.786041 0.005429 -0.195885 0.311932 -0.154586 -0.024869 -0.176737 -0.016832 0.019617 
0.708653 0.108014 1.086118 0.915192 0.028783 -0.095017 0.369244 -0.159617 0.025717 -0.167190 -0.044883 -0.009444 
0.879840 0.365745 1.140496 1.024702 0.142248 -0.209552 0.357871 -0.037399 0.040762 -0.243487 0.024554 0.039690 
0.966035 0.486823 0.882369 0.946996 0.104742 -0.202346 0.417483 0.079113 0.020633 -0.101212 0.179856 0.082078 
1.180040 0.374174 0.740609 0.869242 0.203349 -0.069085 0.458815 0.222546 0.092083 0.020346 0.205612 0.141922 
1.079290 0.565228 0.430906 0.366830 0.288308 0.251936 0.262113 0.249349 0.212550 0.210207 0.232012 0.132862 
1.083656 0.585976 0.425182 0.347778 0.298386 0.266846 0.248766 0.236624 0.227059 0.220760 0.219459 0.133480 
1.076816 0.583213 0.421852 0.343917 0.298249 0.269500 0.251137 0.237314 0.228961 0.223126 0.218501 0.132808 
1.078030 0.583633 0.422369 0.342688 0.298662 0.269563 0.251262 0.237627 0.229431 0.222707 0.217696 0.132905 
1.078924 0.583018 0.422604 0.343127 0.298226 0.269853 0.250403 0.237984 0.229133 0.222402 0.218275 0.132926 
1.076820 0.583787 0.421962 0.342742 0.298899 0.269417 0.251170 0.238270 0.228582 0.222875 0.217965 0.132805 
