1.071336 0.584387 0.423164 0.342007 0.298102 0.270509 0.251661 0.237735 0.229721 0.222545 0.217353 0.132484 
1.072922 0.584736 0.417878 0.347144 0.297160 0.271224 0.248793 0.238758 0.227609 0.223652 0.218581 0.132473 
1.069450 0.583305 0.419344 0.349703 0.292362 0.271182 0.252967 0.237330 0.229797 0.221924 0.218591 0.132232 
1.013803 0.639573 0.233781 0.344941 0.275372 0.269314 0.222355 0.312518 0.223836 0.249406 0.212210 0.120383 
1.019680 0.482476 0.183641 0.359307 0.368625 0.312799 0.361736 0.219711 0.203271 0.163127 0.223318 0.128326 
0.866299 0.427866 0.397101 0.529612 0.118556 0.394021 0.417145 0.174756 -0.008346 0.322956 0.243006 0.066821 
1.082654 0.260839 0.726824 0.761304 0.134097 0.058058 -0.111084 -0.148727 -0.000671 0.175259 -0.210896 -0.205864 
0.837266 0.210355 0.804240 0.719879 0.080464 -0.065683 -0.190869 -0.080115 -0.046868 0.083132 -0.306601 -0.140937 
0.734580 0.202027 0.590200 0.795214 0.063320 -0.098566 -0.058098 -0.290077 0.030567 0.046010 -0.278178 -0.200570 
1.067289 0.237174 0.743871 0.444862 0.306826 0.168483 0.093663 -0.309690 -0.185051 0.136252 0.030562 -0.187367 
1.789433 -0.151159 0.443142 -0.024336 0.051409 0.059758 0.078334 0.199580 -0.277999 -0.310880 0.114993 0.112513 
2.335723 0.014073 0.804922 -0.094996 -0.024691 -0.213141 0.163188 0.132682 -0.330929 -0.096072 -0.040704 -0.018715 
2.674155 0.478302 0.543047 -0.094777 -0.154589 -0.422771 0.320111 0.067402 -0.200890 0.160529 0.006883 -0.057366 
2.693787 0.807370 0.150452 0.042472 -0.220139 -0.216255 0.162645 0.178700 -0.116676 0.027089 0.044881 0.007456 
2.240889 1.138112 0.432786 0.063427 -0.004477 0.091922 0.151692 0.092112 0.014751 0.002601 0.017218 0.049258 
1.761026 0.910458 0.418036 0.130673 0.040016 0.082614 0.124876 0.122018 0.083535 0.023801 0.051474 0.043138 
1.089503 0.584771 0.429531 0.335020 0.289009 0.268354 0.245790 0.236753 0.235296 0.220652 0.220467 0.133119 
1.109213 0.599216 0.431844 0.338731 0.283908 0.251896 0.237899 0.228681 0.222401 0.225729 0.236523 0.134850 
1.089666 0.588855 0.428828 0.340850 0.293415 0.261373 0.239927 0.228798 0.231917 0.228778 0.223618 0.133287 
1.080232 0.580857 0.419597 0.344589 0.297316 0.270553 0.243362 0.233243 0.233069 0.229945 0.215631 0.132401 
1.083906 0.579404 0.415769 0.345863 0.300746 0.268905 0.246557 0.232751 0.231125 0.227997 0.217476 0.132545 
1.081688 0.576337 0.411239 0.341278 0.306179 0.276102 0.247561 0.232745 0.225827 0.224462 0.221904 0.132202 
