1.038704 0.558597 0.435435 0.335263 0.293868 0.285098 0.262485 0.234866 0.236543 0.215512 0.208923 0.129622 
1.029049 0.562364 0.442565 0.345909 0.293115 0.276506 0.249999 0.220358 0.250860 0.225685 0.204823 0.129525 
1.033560 0.586888 0.423287 0.345791 0.297742 0.265788 0.257517 0.249036 0.223225 0.223641 0.209974 0.130206 
1.030821 0.606106 0.423100 0.348273 0.308808 0.263724 0.261411 0.244876 0.208988 0.230834 0.200566 0.132006 
1.022619 0.583334 0.425945 0.340308 0.299251 0.274954 0.250963 0.248682 0.224924 0.207699 0.225529 0.128233 
0.740193 0.541603 -0.063916 0.266563 0.476944 0.349442 0.197687 0.202935 0.134212 0.526127 0.084268 0.099765 
1.750202 0.247500 0.022118 0.059178 0.419309 -0.321550 -0.050258 -0.219790 -0.206602 -0.195811 -0.048090 0.196090 
2.084859 0.608015 0.149766 -0.120255 -0.166704 -0.514412 0.434275 0.080951 0.030480 -0.258850 -0.140763 -0.016624 
1.874166 0.784741 0.391358 -0.142552 -0.147021 -0.719527 0.224204 0.057132 -0.242793 0.060352 -0.029667 0.092622 
1.974432 0.858408 0.746654 -0.138783 -0.128089 -0.794472 0.157118 0.114627 -0.207490 0.073277 0.055712 0.118446 
2.107442 0.964595 0.687077 -0.165990 -0.138903 -0.669180 0.226870 0.065936 -0.285321 0.032443 -0.061974 -0.013652 
2.171587 0.979052 0.738543 -0.039602 -0.093501 -0.636990 0.225554 0.185758 -0.242033 0.056739 -0.049585 -0.078174 
2.927085 1.208424 0.416979 0.016609 -0.162536 -0.483231 0.329352 0.151744 -0.160847 -0.021683 -0.112499 -0.115843 
3.034808 1.032452 0.671418 0.310457 -0.368815 -0.287282 0.256017 0.197567 -0.100943 -0.065621 0.008770 -0.203852 
2.552020 1.494895 0.658342 0.116300 -0.024302 0.028691 0.224830 0.237328 0.157642 0.012988 -0.070912 -0.169201 
2.160759 1.350667 0.738121 0.254067 0.038910 0.002658 0.111372 0.140861 0.077665 -0.038684 0.029593 -0.048881 
1.203443 0.744259 0.521428 0.411991 0.308200 0.254814 0.208245 0.188416 0.138091 0.204782 0.183647 0.133513 
1.087044 0.588772 0.497406 0.329192 0.308057 0.284750 0.211248 0.254770 0.199185 0.190640 0.231091 0.132395 
1.035191 0.593361 0.439620 0.345376 0.291265 0.293237 0.228977 0.256101 0.215400 0.217894 0.208453 0.131195 
1.013283 0.607918 0.424894 0.341959 0.303647 0.279254 0.245721 0.253382 0.207198 0.232635 0.204796 0.130738 
1.052657 0.576793 0.429067 0.340881 0.312938 0.253843 0.256514 0.230921 0.230143 0.232524 0.205150 0.130744 
1.025858 0.590383 0.422220 0.327486 0.313102 0.265733 0.252661 0.256698 0.221638 0.229703 0.203705 0.129742 
