1.076545 0.582974 0.421194 0.344156 0.296748 0.269976 0.250269 0.238347 0.228837 0.222736 0.219156 0.132664 
1.076950 0.582574 0.421134 0.342989 0.298615 0.270425 0.251082 0.237562 0.229338 0.222402 0.218424 0.132718 
1.078010 0.582977 0.421472 0.343930 0.299046 0.270042 0.250846 0.237170 0.228511 0.223390 0.217910 0.132873 
1.076789 0.583374 0.421931 0.342765 0.298808 0.270081 0.250052 0.238195 0.229327 0.221880 0.219056 0.132779 
1.059751 0.547195 0.444187 0.353698 0.261289 0.246713 0.285146 0.231455 0.204332 0.238544 0.239682 0.126439 
1.022779 0.479792 0.456963 0.386775 0.220856 0.203925 0.407912 0.212963 0.121242 0.225370 0.319049 0.103314 
2.417642 0.207718 -0.159635 0.070722 -0.329472 -0.038114 0.383371 0.038646 0.009083 0.102619 0.249604 0.126069 
2.022640 -0.238313 -0.078730 0.128383 -0.222202 0.045214 0.177495 -0.156682 -0.058787 0.294505 0.342124 0.165303 
2.135621 -0.386968 0.135977 0.477134 0.029675 -0.109259 -0.087026 -0.212875 0.021004 0.228576 0.154878 0.051324 
1.870090 -0.376523 0.664588 0.509746 0.163939 -0.294844 -0.138935 -0.045242 -0.045205 -0.014641 -0.053491 0.081180 
2.379792 -0.216802 0.622606 0.507948 0.560850 -0.170913 0.084265 -0.121007 -0.191431 0.173257 -0.067387 -0.018991 
2.544010 0.336702 0.209050 0.727940 0.354043 -0.130814 -0.067246 -0.012029 0.015734 -0.038842 0.032020 0.081924 
1.864076 0.498187 0.494300 0.893585 0.578134 -0.033942 -0.138680 0.043712 0.070771 0.065703 0.043481 0.032224 
1.790199 0.949341 0.559599 0.374719 0.273633 0.161379 0.124191 0.067887 -0.106799 -0.158368 0.118744 0.082706 
1.083322 0.583253 0.424227 0.345110 0.297512 0.268897 0.250603 0.237912 0.227112 0.222620 0.218013 0.133316 
1.077539 0.583243 0.421405 0.343645 0.298670 0.269399 0.251060 0.237409 0.227763 0.222291 0.220093 0.132797 
1.075780 0.581802 0.422028 0.344533 0.297486 0.266794 0.251101 0.239584 0.227255 0.222880 0.220532 0.132558 
1.075963 0.582474 0.421745 0.342320 0.298852 0.268774 0.250889 0.238645 0.229514 0.222506 0.218477 0.132602 
1.076040 0.582716 0.422051 0.342408 0.297776 0.268866 0.250821 0.237858 0.230070 0.222641 0.218922 0.132598 
