0.920678 0.547930 0.321815 0.343764 0.272758 0.243320 0.318400 0.161910 0.235548 0.241149 0.238192 0.096494 
0.880293 0.572363 0.474909 0.380627 0.276688 0.334245 0.238907 0.175032 0.260071 0.160525 0.144088 0.127872 
0.874584 0.592571 0.534618 0.411424 0.226487 0.198179 0.232155 0.209687 0.297074 0.110026 0.199914 0.125262 
0.874080 0.646598 0.485520 0.308230 0.278224 0.257572 0.187874 0.227082 0.205027 0.167779 0.226814 0.102513 
1.038791 0.558137 0.396810 0.415496 0.195357 0.251023 0.138923 0.138820 0.276554 0.231373 0.176922 0.107858 
0.659572 0.071401 0.336169 0.478797 0.080298 0.240756 0.193336 0.087942 0.213720 0.082934 0.030580 0.094429 
0.427334 -0.159476 0.646338 0.376007 0.176101 0.359017 -0.027189 0.251233 0.195270 0.051324 -0.039381 0.191370 
1.872538 -0.110987 0.733056 0.765625 -0.088054 -0.139173 -0.147491 -0.024308 -0.032641 -0.164880 -0.202791 -0.008624 
1.920696 -0.575118 1.122160 0.627859 0.062640 -0.247146 -0.155491 -0.109399 -0.182293 -0.221025 -0.209438 -0.039146 
1.110881 -0.269416 1.011771 0.568702 -0.117884 -0.427582 -0.054729 -0.111545 -0.240167 -0.295976 -0.144464 0.016061 
1.449180 -0.048055 1.185911 0.643391 0.030079 -0.292548 -0.063069 0.004397 -0.231073 -0.274251 -0.111125 -0.032291 
1.728707 0.280546 1.038243 0.725688 0.273953 -0.338251 0.002954 0.080026 -0.308431 -0.214352 -0.077391 -0.093911 
2.019858 0.349813 0.581909 0.932079 -0.209038 -0.254816 0.166012 0.021067 -0.259142 -0.251171 -0.004481 -0.117009 
2.537099 0.440652 0.896255 0.971138 -0.364617 -0.260881 0.425557 0.020913 -0.239039 -0.149840 0.061692 -0.167777 
2.145017 1.304147 1.131008 0.779615 0.196105 0.021953 0.105134 0.033080 -0.232741 -0.123289 -0.090125 -0.140574 
1.371260 0.942406 0.718693 0.589934 0.342854 0.138124 0.115349 0.064385 -0.100565 -0.002994 -0.026390 -0.045970 
1.035455 0.665206 0.523162 0.478005 0.278833 0.183821 0.214138 0.240016 0.084349 0.139400 0.126643 0.107120 
1.094975 0.633499 0.464720 0.383262 0.216410 0.194660 0.189713 0.266559 0.158656 0.223907 0.149834 0.124598 
0.860920 0.565770 0.518478 0.346370 0.332851 0.300276 0.211181 0.223281 0.155906 0.184169 0.201584 0.106489 
0.983361 0.600916 0.520836 0.355536 0.320507 0.199673 0.214974 0.250026 0.177418 0.184155 0.186450 0.119140 
0.981009 0.618901 0.416939 0.439077 0.275856 0.257660 0.213651 0.235976 0.130852 0.166356 0.209765 0.114685 
